1725899352465 0.0015168717588918904 150
1725899691542 0.0015022877355416616 300
1725900028421 0.001490329532728841 450
1725900339975 0.0014776982273906468 600
1725900647638 0.0014710242619427542 750
1725900956499 0.001458183165329198 900
1725901267330 0.0014509373740293086 1050
1725901578093 0.0014436572293440501 1200
1725901889527 0.001432244818812857 1350
1725902202468 0.001426065267684559 1500
1725902515046 0.001416127309203148 1650
1725902826759 0.0014052021340467036 1800
1725903138653 0.0014026911517915626 1950
1725903449295 0.00138002344329531 2100
1725903761647 0.0013822050377105674 2250
1725904072660 0.0013766749117833873 2400
1725904384607 0.0013657004634539287 2550
1725904696200 0.0013535625223691265 2700
1725905008480 0.0013443799239272873 2850
1725905320726 0.0013380813730570176 3000
1725905631194 0.001331340343846629 3150
1725905941878 0.0013279156239392857 3300
1725906254742 0.0013168840591485302 3450
1725906565214 0.0013140331278555094 3600
1725906875287 0.001304056067795803 3750
1725907185952 0.001300360762203733 3900
1725907487253 0.0012945408785405258 4050
1725907794635 0.0012836697068996728 4200
1725908108803 0.001278402313279609 4350
1725908421079 0.0012671860028058291 4500
1725908733643 0.0012723215521934133 4650
1725909036580 0.0012637945272338887 4800
1725909355577 0.0012627558503299952 4950
1725909691809 0.0012555752616996566 5100
1725910004997 0.0012468730184870462 5250
1725910318837 0.0012320955594380698 5400
1725910630944 0.0012358589082335433 5550
1725910943941 0.001226751341794928 5700
1725911257660 0.001234127120114863 5850
1725911571244 0.0012208074199346205 6000
1725911884986 0.0012125054886564612 6150
1725912199348 0.001208041828746597 6300
1725912512385 0.0012116413093948115 6450
1725912827427 0.0011978313823541005 6600
1725913140844 0.0011875300233562787 6750
1725913446617 0.001192208289479216 6900
1725913751744 0.0011803380446508526 7050
1725914063876 0.0011784817538379381 7200
1725914375492 0.0011790722453345855 7350
1725914688318 0.0011709018342662603 7500
1725915009885 0.00117399221053347 7650
1725915346544 0.0011654982265705863 7800
1725915660529 0.0011587019113358111 7950
1725915974623 0.0011531810163675498 8100
1725916288401 0.001149928094819188 8250
1725916601805 0.0011471605894621461 8400
1725916895729 0.001136359783510367 8550
1725917209795 0.0011345774591124307 8700
1725917522146 0.0011327487358357758 8850
1725917833682 0.0011370492656715215 9000
1725918137188 0.0011282726485903065 9150
1725918437507 0.0011321916419547052 9300
1725918749232 0.0011234306501379857 9450
1725919061443 0.0011099690528741726 9600
1725919374024 0.0011069331182322155 9750
1725919684834 0.001105433174719413 9900
1725919996091 0.0011093159745602559 10050
1725920307342 0.001101986408078422 10200
1725920617724 0.0011029500262035679 10350
1725920928622 0.001102305450864757 10500
1725921241526 0.0010923400606649618 10650
1725921554702 0.0010949290602002293 10800
1725921867030 0.0010899767578424265 10950
1725922178693 0.0010768857621587813 11100
1725922490617 0.001088912469955782 11250
1725922803600 0.0010817557394814988 11400
1725923117313 0.0010776200448162853 11550
1725923429460 0.0010860380347973357 11700
1725923741759 0.001077195864636451 11850
1725924052731 0.0010768203309271486 12000
1725924365410 0.0010710306620846193 12150
1725924678078 0.0010684438073076308 12300
1725924990708 0.001064628982373203 12450
1725925303810 0.001052441505016759 12600
1725925617363 0.0010534761958600333 12750
1725925929875 0.0010580916908414413 12900
1725926242542 0.0010565374314319342 13050
1725926552292 0.0010470974581160892 13200
1725926864318 0.001048422227225577 13350
1725927177327 0.0010430498785960177 13500
1725927488415 0.0010406938400895646 13650
1725927800344 0.0010428320903641483 13800
1725928110058 0.001049008402042091 13950
1725928420110 0.0010303705395199357 14100
1725928729741 0.001038955895928666 14250
1725929040406 0.0010381795892802379 14400
1725929351324 0.0010256123061602315 14550
1725929661992 0.0010166633206730087 14700
1725929972105 0.001026577289837102 14850
1725930283010 0.0010219637335588535 15000
