1725899333815 0.001516122399030108 140
1725899669992 0.0015053958996819952 290
1725900008276 0.0014863087322252492 440
1725900320939 0.0014755686201776068 590
1725900629550 0.0014803585472206275 740
1725900938103 0.0014586981199681758 890
1725901248567 0.0014472510968334973 1040
1725901559500 0.0014444287035924692 1190
1725901870600 0.0014342764648608863 1340
1725902183913 0.0014272466713252166 1490
1725902496735 0.0014196533344996473 1640
1725902808190 0.0014008425478823482 1790
1725903120123 0.00140421581066524 1940
1725903430932 0.0013771043717861176 2090
1725903742998 0.0013885172813509902 2240
1725904054167 0.0013750661498246094 2390
1725904365447 0.0013670668828611573 2540
1725904677745 0.0013542881631292403 2690
1725904990091 0.001341805400637289 2840
1725905302183 0.001340959252944837 2990
1725905612560 0.001330669040326029 3140
1725905923475 0.0013254656495215991 3290
1725906235859 0.001322409085308512 3440
1725906546818 0.0013134378551815948 3590
1725906856620 0.0013035546250951787 3740
1725907167458 0.001301461464414994 3890
1725907471018 0.0012954308566016455 4040
1725907775939 0.001282613731455058 4190
1725908090224 0.0012793490220792591 4340
1725908402602 0.0012672876248446604 4490
1725908714836 0.0012712435672680537 4640
1725909018152 0.0012682818349761267 4790
1725909335180 0.0012613456843731303 4940
1725909672079 0.0012515734268041948 5090
1725909986414 0.0012489234431025883 5240
1725910300258 0.0012350854782077173 5390
1725910612548 0.0012370187238169212 5540
1725910924934 0.0012264446991806228 5690
1725911238974 0.001232333064544946 5840
1725911552414 0.0012211361923255026 5990
1725911866119 0.0012154477159492672 6140
1725912180325 0.0012057148339226843 6290
1725912493769 0.001211669691450273 6440
1725912808099 0.001198215508678307 6590
1725913121968 0.0011909679129409293 6740
1725913430271 0.001191734071665754 6890
1725913733163 0.0011792975928013524 7040
1725914045357 0.001178678182962661 7190
1725914356882 0.0011821062389450769 7340
1725914669524 0.0011688374530058354 7490
1725914989372 0.0011760736249076824 7640
1725915326349 0.001163913703834017 7790
1725915641737 0.0011576646508183331 7940
1725915955991 0.0011524634649200986 8090
1725916269830 0.0011504960712045431 8240
1725916583026 0.0011504587418554972 8390
1725916877224 0.001134120401305457 8540
1725917190420 0.0011382476112339645 8690
1725917503605 0.0011277538728124152 8840
1725917815164 0.0011395158882563314 8990
1725918120480 0.0011278178837771217 9140
1725918418728 0.0011368121303773175 9290
1725918730098 0.0011189869608885298 9440
1725919042719 0.0011104058850711833 9590
1725919355664 0.0011111368518322707 9740
1725919666331 0.0011011647669753682 9890
1725919977416 0.0011107229072755823 10040
1725920288744 0.0011071617028210311 10190
1725920599096 0.0010995234618894755 10340
1725920910162 0.0010980829460701595 10490
1725921223201 0.0010973129417592039 10640
1725921536076 0.0010902962259327373 10790
1725921848483 0.0010933927551377565 10940
1725922160058 0.001078687395201996 11090
1725922472112 0.0010871780853873739 11240
1725922785091 0.0010823625597792368 11390
1725923098510 0.001077958499469484 11540
1725923410879 0.0010834801100039235 11690
1725923723146 0.0010830948528988908 11840
1725924034331 0.0010750148569544156 11990
1725924346746 0.001072711805657794 12140
1725924659631 0.0010686573650067052 12290
1725924972074 0.0010625474531358728 12440
1725925285148 0.0010528290135941158 12590
1725925598610 0.0010543842862049738 12740
1725925911170 0.0010538089620725562 12890
1725926223643 0.0010595001214339088 13040
1725926533573 0.00104572145617567 13190
1725926845640 0.0010505400865804405 13340
1725927158569 0.0010435288349011293 13490
1725927469715 0.0010425822366960347 13640
1725927781466 0.0010375563947794338 13790
1725928091597 0.0010522543231491 13940
1725928401718 0.0010307870184381803 14090
1725928711378 0.0010379485553130507 14240
1725929021769 0.0010405234491918235 14390
1725929332619 0.001026003312241907 14540
1725929643614 0.0010163831586639087 14690
1725929953421 0.0010238481763129434 14840
1725930264213 0.0010214264477447917 14990
