1725778931152 0.03390282019972801 0
1725778933279 0.024067088961601257 1
1725778935396 0.02110973186790943 2
1725778937580 0.03137434273958206 3
1725778939654 0.023552319034934044 4
1725778941774 0.028949249535799026 5
1725778943919 0.029116012156009674 6
1725778945982 0.02484505996108055 7
1725778948057 0.026575952768325806 8
1725778950233 0.02332572638988495 9
1725778952374 0.027285100892186165 10
1725778954476 0.025705691426992416 11
1725778956596 0.02713754214346409 12
1725778958726 0.02439788356423378 13
1725778960852 0.029892781749367714 14
1725778962981 0.02342921681702137 15
1725778965188 0.03048226609826088 16
1725778967465 0.024563860148191452 17
1725778969673 0.023754587396979332 18
1725778971808 0.025755200535058975 19
1725778973919 0.022596480324864388 20
1725778976029 0.026112034916877747 21
1725778978129 0.023546118289232254 22
1725778980357 0.0271073617041111 23
1725778982677 0.02724223956465721 24
1725778984849 0.02855142019689083 25
1725778987059 0.02364340052008629 26
1725778989218 0.03060043789446354 27
1725778991480 0.02183939702808857 28
1725778993722 0.024572955444455147 29
1725778996090 0.021862586960196495 30
1725778998278 0.023135388270020485 31
1725779000486 0.02047368697822094 32
1725779002686 0.02368680201470852 33
1725779004926 0.02307819202542305 34
1725779007142 0.018114708364009857 35
1725779009385 0.019794590771198273 36
1725779011773 0.02119935303926468 37
1725779013897 0.021817078813910484 38
1725779015974 0.023112893104553223 39
1725779018082 0.021945230662822723 40
1725779020248 0.02282865159213543 41
1725779022359 0.02472558617591858 42
1725779024507 0.022514933720231056 43
1725779026769 0.02176670916378498 44
1725779028874 0.025171928107738495 45
1725779030979 0.01878008060157299 46
1725779033102 0.022058943286538124 47
1725779035246 0.029350953176617622 48
1725779037375 0.023068206384778023 49
1725779039463 0.019745489582419395 50
1725779041771 0.020845353603363037 51
1725779043879 0.022034943103790283 52
1725779046000 0.021394994109869003 53
1725779048122 0.021362168714404106 54
1725779050252 0.023690929636359215 55
1725779052362 0.020708736032247543 56
1725779054490 0.019930973649024963 57
1725779056885 0.02341676689684391 58
1725779059022 0.017839405685663223 59
1725779061107 0.019125916063785553 60
1725779063272 0.02109934575855732 61
1725779065376 0.017776653170585632 62
1725779067519 0.02153075486421585 63
1725779069651 0.020742418244481087 64
1725779071900 0.018711118027567863 65
1725779074026 0.019119100645184517 66
1725779076161 0.020512036979198456 67
1725779078274 0.020087115466594696 68
1725779080385 0.018923433497548103 69
1725779082562 0.022490156814455986 70
1725779084730 0.022521648555994034 71
1725779086952 0.018630845472216606 72
1725779089105 0.017184432595968246 73
1725779091159 0.01951419934630394 74
1725779093269 0.01800096035003662 75
1725779095392 0.01738452911376953 76
1725779097527 0.02106332778930664 77
1725779099639 0.018638044595718384 78
1725779101908 0.015896033495664597 79
1725779103998 0.01894376426935196 80
1725779106115 0.016871614381670952 81
1725779108260 0.01842743344604969 82
1725779110427 0.021316463127732277 83
1725779112627 0.017371492460370064 84
1725779114784 0.01952592097222805 85
1725779116985 0.017716005444526672 86
1725779119043 0.018387803807854652 87
1725779121142 0.01909641921520233 88
1725779123246 0.01885054260492325 89
1725779125374 0.018631206825375557 90
1725779127513 0.01664171740412712 91
1725779129675 0.01698531024158001 92
1725779131944 0.020553546026349068 93
1725779134116 0.022501306608319283 94
1725779136317 0.021926159039139748 95
1725779138423 0.0200469009578228 96
1725779140570 0.017502469941973686 97
1725779142709 0.018993720412254333 98
1725779144836 0.018611745908856392 99
1725779147087 0.017567291855812073 100
1725779150169 0.021180707961320877 101
1725779152349 0.018622707575559616 102
1725779154459 0.02015097625553608 103
1725779156529 0.01880469173192978 104
1725779158697 0.016678238287568092 105
1725779160844 0.0197223499417305 106
1725779162992 0.02001945674419403 107
1725779165113 0.018310751765966415 108
1725779167168 0.01845424622297287 109
1725779169293 0.016602076590061188 110
1725779171446 0.020657991990447044 111
1725779173518 0.016873901709914207 112
1725779175728 0.018084483221173286 113
1725779177850 0.018379906192421913 114
1725779179997 0.018464121967554092 115
1725779182122 0.019104117527604103 116
1725779184234 0.01902531087398529 117
1725779186358 0.01777622476220131 118
1725779188470 0.020403467118740082 119
1725779190627 0.018624035641551018 120
1725779192733 0.016657255589962006 121
1725779194861 0.01607726886868477 122
1725779197040 0.019192764535546303 123
1725779199149 0.016604937613010406 124
1725779201268 0.015889782458543777 125
1725779203420 0.017951855435967445 126
1725779205572 0.01730751246213913 127
1725779207728 0.01977219432592392 128
1725779209878 0.016805630177259445 129
1725779212008 0.018225310370326042 130
1725779214064 0.01950884237885475 131
1725779216230 0.014406908303499222 132
1725779218347 0.01693379133939743 133
1725779220416 0.01649048924446106 134
1725779222559 0.024343764409422874 135
1725779224719 0.017697766423225403 136
1725779226862 0.016155021265149117 137
1725779228947 0.02047656662762165 138
1725779231119 0.019315093755722046 139
1725779233328 0.016810301691293716 140
1725779235541 0.01809876784682274 141
1725779237691 0.017478100955486298 142
1725779239809 0.018787672743201256 143
1725779241912 0.017386622726917267 144
1725779244027 0.021690087392926216 145
1725779246159 0.01905703730881214 146
1725779248309 0.019074033945798874 147
1725779250377 0.017936166375875473 148
1725779252524 0.02110121212899685 149
1725779254665 0.017724543809890747 150
1725779256803 0.020073970779776573 151
1725779258944 0.016321558505296707 152
1725779261079 0.016314515843987465 153
1725779263218 0.019098985940217972 154
1725779265380 0.01735502853989601 155
1725779267862 0.01633765734732151 156
1725779270007 0.01921597495675087 157
1725779272095 0.016986891627311707 158
1725779274220 0.02057398110628128 159
1725779276362 0.01844213902950287 160
1725779278480 0.01591445505619049 161
1725779280596 0.020541183650493622 162
1725779282816 0.018575293943285942 163
1725779284942 0.016648631542921066 164
1725779287079 0.018504509702324867 165
1725779289217 0.01891021803021431 166
1725779291373 0.017540201544761658 167
1725779293476 0.017235204577445984 168
1725779295608 0.018105560913681984 169
1725779297732 0.01764967478811741 170
1725779299850 0.020144257694482803 171
1725779301931 0.01664760336279869 172
1725779303998 0.01576654426753521 173
1725779306115 0.01563521847128868 174
1725779308230 0.021497756242752075 175
1725779310412 0.016200540587306023 176
1725779312550 0.017166918143630028 177
1725779314665 0.02030555158853531 178
1725779316767 0.018114924430847168 179
1725779318924 0.018698206171393394 180
1725779321043 0.01626415178179741 181
1725779323192 0.020881187170743942 182
1725779325295 0.01821408048272133 183
1725779327518 0.024144142866134644 184
1725779329570 0.021153319627046585 185
1725779331661 0.016819171607494354 186
1725779333823 0.01689649187028408 187
1725779335924 0.01677960343658924 188
1725779338069 0.019242677837610245 189
1725779340190 0.020289797335863113 190
1725779342408 0.02132115699350834 191
1725779344526 0.017532844096422195 192
1725779346673 0.019597815349698067 193
1725779348812 0.01837621070444584 194
1725779350897 0.016260158270597458 195
1725779353078 0.015700140967965126 196
1725779355196 0.016971811652183533 197
1725779357435 0.01865186169743538 198
1725779359591 0.014984593726694584 199
1725779361689 0.01495371013879776 200
1725779363823 0.020725544542074203 201
1725779365936 0.01821027882397175 202
1725779368045 0.02118726074695587 203
1725779370168 0.019755449146032333 204
1725779372391 0.015126965939998627 205
1725779374526 0.018966589123010635 206
1725779376662 0.017490308731794357 207
1725779378766 0.015332229435443878 208
1725779380864 0.018373481929302216 209
1725779382982 0.020025763660669327 210
1725779385132 0.016881901770830154 211
1725779387436 0.017801322042942047 212
1725779389543 0.013931320048868656 213
1725779391642 0.015268548391759396 214
1725779393788 0.01969434693455696 215
1725779395898 0.014739765785634518 216
1725779398037 0.02016226388514042 217
1725779400154 0.014713742770254612 218
1725779402495 0.01944774203002453 219
1725779404602 0.014763259328901768 220
1725779406716 0.01992548257112503 221
1725779408828 0.018695972859859467 222
1725779410982 0.021982211619615555 223
1725779413142 0.021235257387161255 224
1725779415196 0.021265909075737 225
1725779417461 0.018881583586335182 226
1725779419563 0.015034281648695469 227
1725779421679 0.020759569481015205 228
1725779423818 0.01640232279896736 229
1725779425952 0.01638641022145748 230
1725779428076 0.021606510505080223 231
1725779430218 0.018459567800164223 232
1725779432506 0.018747160211205482 233
1725779434614 0.018627339974045753 234
1725779436725 0.016236865893006325 235
1725779438839 0.020057562738656998 236
1725779440979 0.016910962760448456 237
1725779443141 0.017791491001844406 238
1725779445268 0.014523349702358246 239
1725779447545 0.019806910306215286 240
1725779449658 0.019666217267513275 241
1725779451782 0.018248850479722023 242
1725779453868 0.016085077077150345 243
1725779456008 0.014556528069078922 244
1725779458107 0.01640605553984642 245
1725779460198 0.015903418883681297 246
1725779462501 0.020091721788048744 247
1725779464575 0.015421900898218155 248
1725779466679 0.021301185712218285 249
1725779468802 0.01940000429749489 250
1725779471983 0.017145074903964996 251
1725779474126 0.02091538906097412 252
1725779476279 0.01962672546505928 253
1725779478444 0.01648745685815811 254
1725779480529 0.017890198156237602 255
1725779482662 0.021678388118743896 256
1725779484782 0.016166826710104942 257
1725779486910 0.019397659227252007 258
1725779489018 0.018316058441996574 259
1725779491238 0.014919441193342209 260
1725779493362 0.015972167253494263 261
1725779495479 0.019065741449594498 262
1725779497574 0.019852662459015846 263
1725779499727 0.02020733617246151 264
1725779501888 0.015141031704843044 265
1725779504014 0.019613908603787422 266
1725779506192 0.013454669155180454 267
1725779508347 0.019637908786535263 268
1725779510429 0.01751849241554737 269
1725779512565 0.022429872304201126 270
1725779514696 0.01857413537800312 271
1725779516763 0.018602218478918076 272
1725779518825 0.017153030261397362 273
1725779520927 0.01609969139099121 274
1725779523084 0.015668602660298347 275
1725779525165 0.017324458807706833 276
1725779527240 0.016158653423190117 277
1725779529368 0.018488995730876923 278
1725779531559 0.015160770155489445 279
1725779533695 0.015360969118773937 280
1725779535817 0.013358981348574162 281
1725779538009 0.017344659194350243 282
1725779540152 0.017228970304131508 283
1725779542264 0.017750149592757225 284
1725779544412 0.016318850219249725 285
1725779546529 0.01916699856519699 286
1725779548629 0.01767732761800289 287
1725779550751 0.015441637486219406 288
1725779552937 0.019713329151272774 289
1725779555062 0.01642024889588356 290
1725779557210 0.01904893107712269 291
1725779559330 0.015510039404034615 292
1725779561473 0.016183186322450638 293
1725779563617 0.013798007741570473 294
1725779565784 0.015007996000349522 295
1725779567993 0.01582258753478527 296
1725779570075 0.018355663865804672 297
1725779572186 0.015914976596832275 298
1725779574320 0.01693790778517723 299
1725779576454 0.019189530983567238 300
1725779578595 0.018553657457232475 301
1725779580757 0.016686616465449333 302
1725779582977 0.01610611565411091 303
1725779585135 0.0167363453656435 304
1725779587276 0.017022987827658653 305
1725779589415 0.015349439345300198 306
1725779591616 0.01676359586417675 307
1725779593724 0.01538893859833479 308
1725779595859 0.016428634524345398 309
1725779598060 0.01678512990474701 310
1725779600128 0.017446886748075485 311
1725779602285 0.016890008002519608 312
1725779604395 0.020839640870690346 313
1725779606513 0.018260879442095757 314
1725779608652 0.01793913170695305 315
1725779610798 0.015191142447292805 316
1725779613012 0.01807820051908493 317
1725779615161 0.01886630803346634 318
1725779617308 0.022281261160969734 319
1725779619461 0.019733771681785583 320
1725779621596 0.018202640116214752 321
1725779623764 0.019729385152459145 322
1725779625894 0.01880764774978161 323
1725779628099 0.015892399474978447 324
1725779630215 0.016519948840141296 325
1725779632284 0.016656911000609398 326
1725779634430 0.01588016003370285 327
1725779636552 0.019073059782385826 328
1725779638686 0.01771780103445053 329
1725779640803 0.01918134093284607 330
1725779643037 0.021094590425491333 331
1725779645240 0.014890475198626518 332
1725779647395 0.017000604420900345 333
1725779649513 0.01276753656566143 334
1725779651711 0.01605885475873947 335
1725779653778 0.018719181418418884 336
1725779655903 0.02103327214717865 337
1725779658158 0.015116531401872635 338
1725779660245 0.018480049446225166 339
1725779662352 0.017730629071593285 340
1725779664493 0.021027199923992157 341
1725779666605 0.01696871779859066 342
1725779668703 0.01917804777622223 343
1725779670844 0.018949368968605995 344
1725779673101 0.014611737802624702 345
1725779675228 0.018066640943288803 346
1725779677360 0.015913067385554314 347
1725779679480 0.018328474834561348 348
1725779681604 0.016970856115221977 349
1725779683724 0.018138481304049492 350
1725779685862 0.018275126814842224 351
1725779688111 0.016908835619688034 352
1725779690213 0.01718628779053688 353
1725779692293 0.015078657306730747 354
1725779694426 0.017270445823669434 355
1725779696564 0.017457669600844383 356
1725779698696 0.01569654978811741 357
1725779700848 0.02019202709197998 358
1725779703249 0.0161178819835186 359
1725779705399 0.020324882119894028 360
1725779707526 0.017683787271380424 361
1725779709630 0.01652056910097599 362
1725779711841 0.016046792268753052 363
1725779713963 0.01586318202316761 364
1725779716049 0.016310932114720345 365
1725779718301 0.014976965263485909 366
1725779720425 0.01664397493004799 367
1725779722542 0.015042579732835293 368
1725779724668 0.015739064663648605 369
1725779726798 0.01824529469013214 370
1725779728928 0.01589236408472061 371
1725779731089 0.016845086589455605 372
1725779733333 0.016303246840834618 373
1725779735496 0.016112037003040314 374
1725779737618 0.016626203432679176 375
1725779739725 0.020519189536571503 376
1725779741845 0.01772673800587654 377
1725779743985 0.0179562009871006 378
1725779746116 0.018702378496527672 379
1725779748328 0.01877495087683201 380
1725779750434 0.018846113234758377 381
1725779752494 0.017054229974746704 382
1725779754628 0.017408184707164764 383
1725779756753 0.015562544576823711 384
1725779758891 0.015057003125548363 385
1725779761007 0.016762148588895798 386
1725779763277 0.019464707002043724 387
1725779765435 0.01659977436065674 388
1725779767592 0.01961972750723362 389
1725779769711 0.01617698185145855 390
1725779771906 0.013547852635383606 391
1725779773999 0.016189249232411385 392
1725779776084 0.018120547756552696 393
1725779778299 0.01976056396961212 394
1725779780434 0.01442321203649044 395
1725779782543 0.013884869404137135 396
1725779784694 0.016389792785048485 397
1725779786808 0.015291315503418446 398
1725779788928 0.01675085537135601 399
1725779791080 0.017937615513801575 400
1725779794262 0.01571304351091385 401
1725779796421 0.01795075833797455 402
1725779798561 0.015726054087281227 403
1725779800655 0.014438683167099953 404
1725779802794 0.019894767552614212 405
1725779804885 0.01598626933991909 406
1725779807010 0.019890882074832916 407
1725779809162 0.014821020886301994 408
1725779811311 0.014445353299379349 409
1725779813436 0.018392207100987434 410
1725779815558 0.01520000584423542 411
1725779817628 0.014203561469912529 412
1725779819768 0.02132851630449295 413
1725779821955 0.017458919435739517 414
1725779824070 0.013661275617778301 415
1725779826176 0.018052686005830765 416
1725779828326 0.016034984961152077 417
1725779830491 0.017539633437991142 418
1725779832652 0.017646698281168938 419
1725779834864 0.018572375178337097 420
1725779837123 0.015355212613940239 421
1725779839231 0.015769485384225845 422
1725779841368 0.014749673195183277 423
1725779843500 0.01677439548075199 424
1725779845603 0.015728550031781197 425
1725779847758 0.01795792765915394 426
1725779849855 0.018807748332619667 427
1725779852068 0.016876621171832085 428
1725779854180 0.018548084422945976 429
1725779856313 0.021843168884515762 430
1725779858471 0.014433803036808968 431
1725779860591 0.016398509964346886 432
1725779862685 0.013982090167701244 433
1725779864841 0.016707483679056168 434
1725779867008 0.01574084721505642 435
1725779869160 0.014788450673222542 436
1725779871289 0.018518894910812378 437
1725779873405 0.017738930881023407 438
1725779875544 0.019346708431839943 439
1725779877659 0.014276515692472458 440
1725779879768 0.016151592135429382 441
1725779881939 0.015906549990177155 442
1725779884084 0.019311266019940376 443
1725779886217 0.017911063507199287 444
1725779888329 0.016942784190177917 445
1725779890469 0.014870526269078255 446
1725779892655 0.017687320709228516 447
1725779894772 0.018947502598166466 448
1725779896836 0.019565604627132416 449
1725779898976 0.015676865354180336 450
1725779901132 0.016482410952448845 451
1725779903293 0.020288879051804543 452
1725779905412 0.013768951408565044 453
1725779907533 0.016271842643618584 454
1725779909647 0.01632603630423546 455
1725779911784 0.013689708895981312 456
1725779913978 0.014773202128708363 457
1725779916114 0.01375556830316782 458
1725779918256 0.017182834446430206 459
1725779920421 0.018219981342554092 460
1725779922484 0.013942754827439785 461
1725779924610 0.01823928765952587 462
1725779926698 0.01643470861017704 463
1725779929062 0.01760477013885975 464
1725779931212 0.015898950397968292 465
1725779933336 0.016088053584098816 466
1725779935442 0.020747777074575424 467
1725779937564 0.015974920243024826 468
1725779939696 0.015403444878757 469
1725779941843 0.01708979159593582 470
1725779944024 0.02147410437464714 471
1725779946114 0.017592741176486015 472
1725779948263 0.02113880217075348 473
1725779950415 0.01744263991713524 474
1725779952585 0.017005404457449913 475
1725779954752 0.015468831174075603 476
1725779956875 0.017729531973600388 477
1725779959028 0.016480889171361923 478
1725779961160 0.017025984823703766 479
1725779963324 0.015049046836793423 480
1725779965458 0.013406290672719479 481
1725779967542 0.015759648755192757 482
1725779969692 0.016785068437457085 483
1725779971793 0.02220548503100872 484
1725779973982 0.014117645099759102 485
1725779976108 0.01671060360968113 486
1725779978254 0.023072542622685432 487
1725779980388 0.015024259686470032 488
1725779982526 0.01629054918885231 489
1725779984645 0.018138978630304337 490
1725779986738 0.01428619772195816 491
1725779988986 0.017948273569345474 492
1725779991108 0.01556303258985281 493
1725779993226 0.017528114840388298 494
1725779995362 0.017337292432785034 495
1725779997424 0.016825269907712936 496
1725779999585 0.019918670877814293 497
1725780001730 0.018276091665029526 498
1725780003945 0.017025858163833618 499
1725780006108 0.019451728090643883 500
1725780008184 0.01588578335940838 501
1725780010267 0.01888720877468586 502
1725780012400 0.016209768131375313 503
1725780014555 0.013216914609074593 504
1725780016690 0.017131248489022255 505
1725780018895 0.01965516060590744 506
1725780021008 0.01725016161799431 507
1725780023162 0.017257429659366608 508
1725780025307 0.014682844281196594 509
1725780027461 0.01519729197025299 510
1725780029620 0.017550745978951454 511
1725780031766 0.016455238685011864 512
1725780033987 0.02081071399152279 513
1725780036141 0.013944946229457855 514
1725780038311 0.017450079321861267 515
1725780040426 0.015700161457061768 516
1725780042577 0.01935579627752304 517
1725780044731 0.01713562197983265 518
1725780046894 0.01679801754653454 519
1725780049064 0.019949931651353836 520
1725780051197 0.016535084694623947 521
1725780053330 0.01801551878452301 522
1725780055452 0.0162820965051651 523
1725780057592 0.02024664916098118 524
1725780059736 0.016906583681702614 525
1725780061829 0.01883663982152939 526
1725780064018 0.016476018354296684 527
1725780066132 0.016630493104457855 528
1725780068259 0.015706973150372505 529
1725780070353 0.01675291359424591 530
1725780072499 0.017259538173675537 531
1725780074671 0.01315278559923172 532
1725780076801 0.016194812953472137 533
1725780078945 0.016003724187612534 534
1725780081072 0.014270289801061153 535
1725780083228 0.016212675720453262 536
1725780085285 0.017092732712626457 537
1725780087365 0.019792862236499786 538
1725780089475 0.020000234246253967 539
1725780091595 0.01566515490412712 540
1725780093879 0.01577182486653328 541
1725780095995 0.02244378812611103 542
1725780098094 0.016590991988778114 543
1725780100201 0.015835249796509743 544
1725780102321 0.017796646803617477 545
1725780104442 0.01592566817998886 546
1725780106574 0.018667049705982208 547
1725780108815 0.016278930008411407 548
1725780111017 0.0167525727301836 549
1725780113145 0.01642429269850254 550
1725780116079 0.015471101738512516 551
1725780118210 0.015358894132077694 552
1725780120386 0.01666964404284954 553
1725780122612 0.01719513349235058 554
1725780124768 0.014604493975639343 555
1725780126908 0.014748494140803814 556
1725780128993 0.016314256936311722 557
1725780131133 0.015664545819163322 558
1725780133262 0.01641356758773327 559
1725780135365 0.01637951470911503 560
1725780137522 0.01498408243060112 561
1725780139648 0.015839803963899612 562
1725780141752 0.01686760038137436 563
1725780143877 0.01609586738049984 564
1725780145930 0.016520071774721146 565
1725780148039 0.019534889608621597 566
1725780150182 0.014607983641326427 567
1725780152281 0.019616741687059402 568
1725780154593 0.016135649755597115 569
1725780156722 0.01883605681359768 570
1725780158830 0.014097051694989204 571
1725780160962 0.014778411947190762 572
1725780163026 0.018082324415445328 573
1725780165155 0.0171365849673748 574
1725780167210 0.01413389015942812 575
1725780169369 0.01642274297773838 576
1725780171513 0.017498349770903587 577
1725780173678 0.01638120226562023 578
1725780175809 0.015512829646468163 579
1725780177883 0.019205911085009575 580
1725780179979 0.01548045501112938 581
1725780182108 0.012245862744748592 582
1725780184292 0.01607014797627926 583
1725780186445 0.01814591884613037 584
1725780188578 0.018881557509303093 585
1725780190713 0.015764473006129265 586
1725780192860 0.019083011895418167 587
1725780195007 0.015058418735861778 588
1725780197122 0.01401870884001255 589
1725780199332 0.015936793759465218 590
1725780201496 0.020220978185534477 591
1725780203607 0.021281253546476364 592
1725780205726 0.014672215096652508 593
1725780207859 0.015457794070243835 594
1725780209963 0.018458012491464615 595
1725780212049 0.018856244161725044 596
1725780214269 0.018258435651659966 597
1725780216403 0.018257781863212585 598
1725780218496 0.014651242643594742 599
1725780220618 0.019552607089281082 600
1725780222749 0.01857135258615017 601
1725780224830 0.016949350014328957 602
1725780226945 0.015088348649442196 603
1725780229197 0.015772061422467232 604
1725780231326 0.016067367047071457 605
1725780233464 0.015273967757821083 606
1725780235598 0.0221821628510952 607
1725780237724 0.016424641013145447 608
1725780239866 0.016683416441082954 609
1725780241995 0.016438793390989304 610
1725780244211 0.016166770830750465 611
1725780246324 0.017729897052049637 612
1725780248445 0.01719837076961994 613
1725780250594 0.017389627173542976 614
1725780252769 0.018184026703238487 615
1725780254926 0.01586756482720375 616
1725780257095 0.01709049753844738 617
1725780259318 0.016909830272197723 618
1725780261426 0.01578669622540474 619
1725780263469 0.01678767427802086 620
1725780265599 0.017467552796006203 621
1725780267739 0.016510536894202232 622
1725780269904 0.014761561527848244 623
1725780272032 0.01730465143918991 624
1725780274259 0.016327902674674988 625
1725780276389 0.01783866062760353 626
1725780278525 0.01704963855445385 627
1725780280660 0.015582324005663395 628
1725780282714 0.012775499373674393 629
1725780284862 0.016527695581316948 630
1725780287014 0.018242618069052696 631
1725780289268 0.018210547044873238 632
1725780291489 0.016219213604927063 633
1725780293685 0.016416035592556 634
1725780295793 0.017396410927176476 635
1725780297936 0.015567922964692116 636
1725780300062 0.01828587055206299 637
1725780302213 0.015492246486246586 638
1725780304423 0.018017137423157692 639
1725780306564 0.0165095217525959 640
1725780308645 0.017963208258152008 641
1725780310793 0.015912212431430817 642
1725780312953 0.01640240289270878 643
1725780315076 0.014134734869003296 644
1725780317225 0.01450846716761589 645
1725780319435 0.014835970476269722 646
1725780321569 0.01626056618988514 647
1725780323647 0.01648806221783161 648
1725780325796 0.013437874615192413 649
1725780327921 0.014938076958060265 650
1725780330044 0.017011258751153946 651
1725780332163 0.01686224713921547 652
1725780334405 0.015561369247734547 653
1725780336554 0.01711220107972622 654
1725780338648 0.01906142197549343 655
1725780340811 0.014913538470864296 656
1725780342927 0.015418383292853832 657
1725780345085 0.01459135115146637 658
1725780347222 0.017428094521164894 659
1725780349455 0.021791500970721245 660
1725780351585 0.020176934078335762 661
1725780353727 0.01873823255300522 662
1725780355824 0.012828688137233257 663
1725780357899 0.017000624909996986 664
1725780360030 0.015294364653527737 665
1725780362172 0.015985028818249702 666
1725780364404 0.016726689413189888 667
1725780366493 0.018880465999245644 668
1725780368632 0.015296167694032192 669
1725780370802 0.014717183075845242 670
1725780372948 0.017608458176255226 671
1725780375111 0.0182254146784544 672
1725780377238 0.014404523186385632 673
1725780379638 0.016484873369336128 674
1725780381761 0.015820620581507683 675
1725780383874 0.015135999768972397 676
1725780386001 0.015579234808683395 677
1725780388142 0.01465485617518425 678
1725780390271 0.01902824640274048 679
1725780392402 0.014168529771268368 680
1725780394627 0.017002077773213387 681
1725780396744 0.01782768964767456 682
1725780398863 0.016635211184620857 683
1725780401009 0.016329608857631683 684
1725780403152 0.01502805296331644 685
1725780405285 0.014758013188838959 686
1725780407403 0.01821295917034149 687
1725780409670 0.014716667123138905 688
1725780411745 0.015879126265645027 689
1725780413906 0.018003299832344055 690
1725780416075 0.016849011182785034 691
1725780418196 0.014956766739487648 692
1725780420328 0.016063142567873 693
1725780422427 0.016942603513598442 694
1725780424653 0.016930080950260162 695
1725780426808 0.015893004834651947 696
1725780428944 0.020249100401997566 697
1725780431096 0.01958797313272953 698
1725780433223 0.015634145587682724 699
1725780435359 0.014722522348165512 700
1725780439597 0.017984604462981224 701
1725780441679 0.01528642512857914 702
1725780443827 0.015143622644245625 703
1725780445955 0.015996508300304413 704
1725780448085 0.017231853678822517 705
1725780450189 0.017683012410998344 706
1725780452335 0.017072169110178947 707
1725780454566 0.018808983266353607 708
1725780456684 0.017589500173926353 709
1725780458809 0.019966019317507744 710
1725780460937 0.014489373192191124 711
1725780463061 0.019045960158109665 712
1725780465210 0.016400713473558426 713
1725780467353 0.015424806624650955 714
1725780469637 0.016332851722836494 715
1725780471772 0.014815708622336388 716
1725780473919 0.01351069938391447 717
1725780476079 0.01872446946799755 718
1725780478248 0.016337072476744652 719
1725780480384 0.01458033174276352 720
1725780482514 0.0171755850315094 721
1725780484740 0.01641962118446827 722
1725780486893 0.014686301350593567 723
1725780489062 0.0165263619273901 724
1725780491159 0.018701471388339996 725
1725780493248 0.015386151149868965 726
1725780495391 0.017568249255418777 727
1725780497505 0.016688209027051926 728
1725780499749 0.01880095712840557 729
1725780501862 0.018008099868893623 730
1725780503925 0.014496383257210255 731
1725780506055 0.015171176753938198 732
1725780508175 0.01810017228126526 733
1725780510310 0.015470798127353191 734
1725780512469 0.01674972102046013 735
1725780514732 0.020467013120651245 736
1725780516907 0.01492068450897932 737
1725780519041 0.017771167680621147 738
1725780521198 0.015046313405036926 739
1725780523314 0.016111169010400772 740
1725780525429 0.01418311707675457 741
1725780527556 0.017495717853307724 742
1725780529819 0.013984416611492634 743
1725780531962 0.017047451809048653 744
1725780534052 0.01882784441113472 745
1725780536193 0.013072130270302296 746
1725780538340 0.016962507739663124 747
1725780540452 0.017912454903125763 748
1725780542584 0.01563522033393383 749
1725780544879 0.019391357898712158 750
1725780547020 0.0167493037879467 751
1725780549176 0.014570632949471474 752
1725780551367 0.01539236307144165 753
1725780553491 0.015378551557660103 754
1725780555637 0.01413219515234232 755
1725780557576 0.015459214337170124 756
1725780559459 0.017242006957530975 757
1725780561344 0.014384495094418526 758
1725780563387 0.015089874155819416 759
1725780565351 0.015817755833268166 760
1725780567255 0.0167083702981472 761
1725780569175 0.01521474588662386 762
1725780571076 0.016477150842547417 763
1725780572979 0.01584092527627945 764
1725780574862 0.019406529143452644 765
1725780576707 0.015087218955159187 766
1725780578582 0.017143115401268005 767
1725780580468 0.017784327268600464 768
1725780582316 0.014974059537053108 769
1725780584165 0.01740601845085621 770
1725780586031 0.013738304376602173 771
1725780587896 0.013909414410591125 772
1725780589793 0.01513125840574503 773
1725780591653 0.022695159539580345 774
1725780593508 0.01645948924124241 775
1725780595325 0.014322331175208092 776
1725780597160 0.014603972434997559 777
1725780598971 0.01652728021144867 778
1725780600835 0.0132137481123209 779
1725780602708 0.017267625778913498 780
1725780604561 0.015219551511108875 781
1725780606448 0.015113381668925285 782
1725780608306 0.0184303168207407 783
1725780610159 0.015066021122038364 784
1725780612054 0.016999470070004463 785
1725780613918 0.018277788534760475 786
1725780615902 0.015127243474125862 787
1725780617948 0.0185838732868433 788
1725780620028 0.015329388901591301 789
1725780622074 0.017630720511078835 790
1725780624131 0.016057226806879044 791
1725780626244 0.01623084582388401 792
1725780628350 0.018306301906704903 793
1725780630461 0.017218202352523804 794
1725780632582 0.016840344294905663 795
1725780634710 0.017113380134105682 796
1725780636835 0.014246305450797081 797
1725780638944 0.01769188977777958 798
1725780641053 0.01716119423508644 799
1725780643165 0.018906068056821823 800
1725780645289 0.013709944672882557 801
1725780647396 0.020403580740094185 802
1725780649528 0.013833732344210148 803
1725780651652 0.015157169662415981 804
1725780653834 0.012868930585682392 805
1725780655953 0.013961839489638805 806
1725780658079 0.013776919804513454 807
1725780660137 0.02178405225276947 808
1725780662268 0.01340003963559866 809
1725780664448 0.014754305593669415 810
1725780666573 0.015511485747992992 811
1725780668704 0.015690593048930168 812
1725780670834 0.01580372080206871 813
1725780672978 0.016856418922543526 814
1725780675087 0.015990134328603745 815
1725780677221 0.013723009265959263 816
1725780679445 0.018037931993603706 817
1725780681562 0.01637997478246689 818
1725780683717 0.01708201691508293 819
1725780685778 0.01960337907075882 820
1725780687834 0.017150145024061203 821
1725780690003 0.015913909301161766 822
1725780692121 0.016698915511369705 823
1725780694363 0.01567915454506874 824
1725780696518 0.017978880554437637 825
1725780698627 0.017362330108880997 826
1725780700761 0.01776699908077717 827
1725780702871 0.0184004008769989 828
1725780705013 0.017168883234262466 829
1725780707092 0.016124635934829712 830
1725780709300 0.01661946251988411 831
1725780711452 0.015625882893800735 832
1725780713572 0.01522159855812788 833
1725780715697 0.019465643912553787 834
1725780717867 0.014190427027642727 835
1725780719990 0.01801079511642456 836
1725780722147 0.01591571420431137 837
1725780724434 0.015270230360329151 838
1725780726556 0.01716519333422184 839
1725780728662 0.01752340979874134 840
1725780730833 0.013746011070907116 841
1725780733011 0.017536567524075508 842
1725780735159 0.018718702718615532 843
1725780737272 0.014010184444487095 844
1725780739477 0.01335196290165186 845
1725780741625 0.01761450245976448 846
1725780743735 0.01602516509592533 847
1725780745893 0.012400088831782341 848
1725780747997 0.018238868564367294 849
1725780750138 0.014675650745630264 850
1725780753154 0.01710253581404686 851
1725780755264 0.021361472085118294 852
1725780757376 0.01572418212890625 853
1725780759513 0.016028275713324547 854
1725780761629 0.015161396004259586 855
1725780763731 0.016193998977541924 856
1725780765886 0.014578687027096748 857
1725780768073 0.017176305875182152 858
1725780770182 0.014313059858977795 859
1725780772269 0.018581274896860123 860
1725780774394 0.016658075153827667 861
1725780776548 0.013669363223016262 862
1725780778680 0.01916334591805935 863
1725780780778 0.014144633896648884 864
1725780782943 0.020124925300478935 865
1725780785082 0.016947198659181595 866
1725780787192 0.016991689801216125 867
1725780789323 0.01904509775340557 868
1725780791475 0.019066760316491127 869
1725780793604 0.017013251781463623 870
1725780795744 0.015477396547794342 871
1725780797907 0.01838359795510769 872
1725780800052 0.016206825152039528 873
1725780802213 0.015620243735611439 874
1725780804351 0.020776331424713135 875
1725780806469 0.01685296930372715 876
1725780808585 0.014524988830089569 877
1725780810733 0.013934136368334293 878
1725780812843 0.012707606889307499 879
1725780814994 0.01618870347738266 880
1725780817120 0.018421363085508347 881
1725780819255 0.017287487164139748 882
1725780821410 0.016322189942002296 883
1725780823558 0.01735537499189377 884
1725780825669 0.018012987449765205 885
1725780827830 0.01618868112564087 886
1725780829992 0.01747218333184719 887
1725780832110 0.01598794013261795 888
1725780834258 0.01445416547358036 889
1725780836343 0.01628483459353447 890
1725780838452 0.016785023733973503 891
1725780840595 0.015899043530225754 892
1725780842717 0.013538614846765995 893
1725780845068 0.01796933077275753 894
1725780847208 0.01647658832371235 895
1725780849350 0.015471669845283031 896
1725780851536 0.016368672251701355 897
1725780853679 0.013290859758853912 898
1725780855820 0.015710698440670967 899
1725780857959 0.019118964672088623 900
1725780860159 0.014305041171610355 901
1725780862307 0.014723616652190685 902
1725780864391 0.01826365664601326 903
1725780866530 0.017453840002417564 904
1725780868663 0.021598823368549347 905
1725780870796 0.017651095986366272 906
1725780872938 0.018634850159287453 907
1725780875125 0.01931789331138134 908
1725780877258 0.013461312279105186 909
1725780879429 0.01573103666305542 910
1725780881558 0.014245967380702496 911
1725780883718 0.012888981960713863 912
1725780885873 0.017281070351600647 913
1725780888047 0.014366249553859234 914
1725780890191 0.016459371894598007 915
1725780892337 0.01719941385090351 916
1725780894479 0.016557689756155014 917
1725780896588 0.015185325406491756 918
1725780898682 0.012190722860395908 919
1725780900605 0.023503916338086128 920
1725780902491 0.018597887828946114 921
