1724523371664 0.05610764026641846 0
1724523372919 0.04915152117609978 1
1724523374242 0.03767687827348709 2
1724523375581 0.037496645003557205 3
1724523376927 0.046263571828603745 4
1724523378264 0.03722346946597099 5
1724523379588 0.03591132536530495 6
1724523380914 0.03722301125526428 7
1724523382231 0.036161478608846664 8
1724523383559 0.039331965148448944 9
1724523384882 0.043342262506484985 10
1724523386210 0.03995751217007637 11
1724523387552 0.03984994441270828 12
1724523388889 0.035101961344480515 13
1724523390214 0.04338712990283966 14
1724523391533 0.044303711503744125 15
1724523392863 0.04213586077094078 16
1724523394187 0.03724789619445801 17
1724523395511 0.040735822170972824 18
1724523396836 0.037274736911058426 19
1724523398156 0.0409945547580719 20
1724523399484 0.040443774312734604 21
1724523400809 0.035954490303993225 22
1724523402140 0.0332627072930336 23
1724523403467 0.03466043248772621 24
1724523404795 0.04791043698787689 25
1724523406121 0.031930554658174515 26
1724523407452 0.0368131585419178 27
1724523408775 0.037167828530073166 28
1724523410100 0.047471869736909866 29
1724523411425 0.0345575213432312 30
1724523412752 0.04134485125541687 31
1724523414080 0.03656484931707382 32
1724523415414 0.04385549575090408 33
1724523416750 0.03725151717662811 34
1724523418084 0.039045173674821854 35
1724523419414 0.04041916877031326 36
1724523420746 0.04293299838900566 37
1724523422065 0.03548833727836609 38
1724523423393 0.04463982209563255 39
1724523424721 0.03873250633478165 40
1724523426047 0.04467279091477394 41
1724523427373 0.04403333365917206 42
1724523428701 0.03426793962717056 43
1724523430029 0.043201155960559845 44
1724523431359 0.04098660498857498 45
1724523432687 0.04166939854621887 46
1724523434011 0.03761293739080429 47
1724523435353 0.03764735907316208 48
1724523436679 0.040996670722961426 49
1724523437998 0.04205271229147911 50
1724523439319 0.0402178093791008 51
1724523440648 0.040549974888563156 52
1724523441973 0.04330547899007797 53
1724523443297 0.04141031205654144 54
1724523444630 0.04190473258495331 55
1724523445959 0.042941752821207047 56
1724523447299 0.04720139876008034 57
1724523448625 0.039481669664382935 58
1724523449956 0.040300384163856506 59
1724523451293 0.04231853038072586 60
1724523452616 0.04418057203292847 61
1724523453942 0.043062660843133926 62
1724523455270 0.04908820614218712 63
1724523456591 0.0402926504611969 64
1724523457920 0.04178912937641144 65
1724523459247 0.034621212631464005 66
1724523460571 0.0424274243414402 67
1724523461894 0.04431155323982239 68
1724523463222 0.042221829295158386 69
1724523464556 0.040732789784669876 70
1724523465879 0.039828747510910034 71
1724523467205 0.03661305829882622 72
1724523468530 0.044197190552949905 73
1724523469855 0.0358157716691494 74
1724523471172 0.039110951125621796 75
1724523472496 0.03565628081560135 76
1724523473819 0.039476461708545685 77
1724523475147 0.04314657300710678 78
1724523476470 0.039305925369262695 79
1724523477800 0.03944648057222366 80
1724523479779 0.04603319615125656 81
1724523480997 0.03846029192209244 82
1724523482280 0.042161595076322556 83
1724523483607 0.041557177901268005 84
1724523484960 0.03566853329539299 85
1724523486298 0.04888677969574928 86
1724523487634 0.03867945447564125 87
1724523488969 0.041618432849645615 88
1724523490292 0.04263763502240181 89
1724523491622 0.03855501115322113 90
1724523492967 0.039301227778196335 91
1724523494295 0.04591425135731697 92
1724523495626 0.04151170700788498 93
1724523496950 0.0336914099752903 94
1724523498283 0.034252457320690155 95
1724523499614 0.03368614241480827 96
1724523500944 0.041718028485774994 97
1724523502268 0.03527370095252991 98
1724523503604 0.04046044498682022 99
1724523504931 0.031870968639850616 100
1724523506259 0.04174438863992691 101
1724523507593 0.03643591329455376 102
1724523508921 0.0406416691839695 103
1724523510253 0.036031078547239304 104
1724523511582 0.03944607824087143 105
1724523512904 0.03358954191207886 106
1724523514234 0.03263365104794502 107
1724523515575 0.040437035262584686 108
1724523516904 0.04179955646395683 109
1724523518224 0.03482871130108833 110
1724523519551 0.033456772565841675 111
1724523520882 0.037191230803728104 112
1724523522207 0.05249055474996567 113
1724523523526 0.03933584690093994 114
1724523524903 0.03928343206644058 115
1724523526273 0.03218974173069 116
1724523527604 0.030704546719789505 117
1724523528935 0.03550843149423599 118
1724523530256 0.029994450509548187 119
1724523531580 0.03377822786569595 120
1724523532907 0.037722691893577576 121
1724523534236 0.03981234133243561 122
1724523535570 0.036500830203294754 123
1724523536898 0.03596320375800133 124
1724523538232 0.03306659683585167 125
1724523539563 0.038075655698776245 126
1724523540889 0.035306110978126526 127
1724523542212 0.030757242813706398 128
1724523543539 0.05883355438709259 129
1724523544863 0.0403657890856266 130
1724523546194 0.03456371650099754 131
1724523547522 0.03744702413678169 132
1724523548851 0.04391840472817421 133
1724523550185 0.042210981249809265 134
1724523551525 0.036193542182445526 135
1724523552860 0.03839845582842827 136
1724523554189 0.03185868635773659 137
1724523555530 0.04233256354928017 138
1724523556861 0.028219953179359436 139
1724523558190 0.045211583375930786 140
1724523559521 0.03694792091846466 141
1724523560845 0.026974117383360863 142
1724523562172 0.04529518634080887 143
1724523563504 0.03325275704264641 144
1724523564827 0.039946023374795914 145
1724523566168 0.03783423453569412 146
1724523567508 0.04234680160880089 147
1724523568830 0.03176426142454147 148
1724523570157 0.03151335567235947 149
1724523571494 0.040453165769577026 150
1724523572818 0.04051680490374565 151
1724523574146 0.034167733043432236 152
1724523575475 0.04119233787059784 153
1724523576806 0.0374009907245636 154
1724523578130 0.04268411546945572 155
1724523579453 0.04287944361567497 156
1724523580780 0.04206665977835655 157
1724523582112 0.038083113729953766 158
1724523583444 0.03763224929571152 159
1724523584769 0.0384664349257946 160
1724523587006 0.04054033011198044 161
1724523588173 0.03108799457550049 162
1724523589425 0.031303904950618744 163
1724523590748 0.03841699659824371 164
1724523592109 0.03692859411239624 165
1724523593456 0.04410063475370407 166
1724523594784 0.035945016890764236 167
1724523596115 0.04020536690950394 168
1724523597453 0.03721513971686363 169
1724523598780 0.03571232408285141 170
1724523600108 0.04231594502925873 171
1724523601430 0.03878147900104523 172
1724523602767 0.0321880541741848 173
1724523604096 0.032922953367233276 174
1724523605425 0.0401507243514061 175
1724523606762 0.0325641967356205 176
1724523608091 0.029941514134407043 177
1724523609414 0.03605310246348381 178
1724523610742 0.04390531778335571 179
1724523612069 0.02882988192141056 180
1724523613411 0.04033549502491951 181
1724523614738 0.036513663828372955 182
1724523616070 0.03251216933131218 183
1724523617393 0.036450814455747604 184
1724523618722 0.037169285118579865 185
1724523620044 0.0364358089864254 186
1724523621368 0.03508880361914635 187
1724523622689 0.0342179536819458 188
1724523624014 0.03286910429596901 189
1724523625336 0.03186163306236267 190
1724523626659 0.03622431308031082 191
1724523627993 0.034263912588357925 192
1724523629332 0.03398335725069046 193
1724523630660 0.03274184465408325 194
1724523631998 0.030108343809843063 195
1724523633328 0.031612761318683624 196
1724523634648 0.03481513634324074 197
1724523635971 0.03506667539477348 198
1724523637294 0.03301754221320152 199
1724523638616 0.031367793679237366 200
1724523639934 0.03122568130493164 201
1724523641265 0.04767407476902008 202
1724523642588 0.04632376506924629 203
1724523643913 0.05337478965520859 204
1724523645240 0.03822770714759827 205
1724523646561 0.036789774894714355 206
1724523647884 0.036903753876686096 207
1724523649213 0.03475367650389671 208
1724523650545 0.03931739181280136 209
1724523651868 0.03339776024222374 210
1724523653191 0.032358456403017044 211
1724523654528 0.04011642560362816 212
1724523655843 0.03498510643839836 213
1724523657175 0.03305898606777191 214
1724523658502 0.031663425266742706 215
1724523659830 0.035126082599163055 216
1724523661146 0.03214183449745178 217
1724523662471 0.026080206036567688 218
1724523663802 0.023340296000242233 219
1724523665129 0.037442225962877274 220
1724523666449 0.03965712711215019 221
1724523667777 0.03083532303571701 222
1724523669098 0.034328777343034744 223
1724523670435 0.029470616951584816 224
1724523671755 0.03034311905503273 225
1724523673082 0.03712264820933342 226
1724523674414 0.03978859633207321 227
1724523675736 0.03904105722904205 228
1724523677053 0.04239143803715706 229
1724523678372 0.032715097069740295 230
1724523679696 0.031210623681545258 231
1724523681016 0.034146394580602646 232
1724523682344 0.033990100026130676 233
1724523683669 0.02874678745865822 234
1724523684988 0.027476897463202477 235
1724523686312 0.028232194483280182 236
1724523687641 0.030314845964312553 237
1724523688972 0.04145808517932892 238
1724523690295 0.03936786577105522 239
1724523691614 0.05887708440423012 240
1724523693609 0.03173154965043068 241
1724523694811 0.027587153017520905 242
1724523696079 0.03364573046565056 243
1724523697404 0.025013793259859085 244
1724523698737 0.03066379576921463 245
1724523700077 0.02792893908917904 246
1724523701403 0.044996149837970734 247
1724523702737 0.02977238968014717 248
1724523704066 0.030358534306287766 249
1724523705387 0.032262206077575684 250
1724523706709 0.035712603479623795 251
1724523708036 0.03561965748667717 252
1724523709349 0.02972203493118286 253
1724523710713 0.029049672186374664 254
1724523712076 0.02695498615503311 255
1724523713431 0.03377605974674225 256
1724523714778 0.03217334672808647 257
1724523716115 0.03402925282716751 258
1724523717453 0.0315285362303257 259
1724523718790 0.037512749433517456 260
1724523720109 0.02776595950126648 261
1724523721486 0.031945593655109406 262
1724523722845 0.029601268470287323 263
1724523724193 0.029222479090094566 264
1724523725528 0.02420758083462715 265
1724523726857 0.03359660506248474 266
1724523728194 0.02483377605676651 267
1724523729526 0.034499719738960266 268
1724523730855 0.030826294794678688 269
1724523732199 0.02935708872973919 270
1724523733536 0.03441277891397476 271
1724523734866 0.029206831008195877 272
1724523736210 0.029787873849272728 273
1724523737544 0.040644776076078415 274
1724523738877 0.03597375750541687 275
1724523740204 0.03320526331663132 276
1724523741545 0.035129960626363754 277
1724523742875 0.03546111285686493 278
1724523744210 0.026904314756393433 279
1724523745547 0.03188379481434822 280
1724523746890 0.037564460188150406 281
1724523748231 0.027282709255814552 282
1724523749581 0.035413071513175964 283
1724523750922 0.029740817844867706 284
1724523752261 0.026615187525749207 285
1724523753595 0.02585655078291893 286
1724523754942 0.037647806107997894 287
1724523756266 0.023121964186429977 288
1724523757605 0.03778272867202759 289
1724523758940 0.029422342777252197 290
1724523760277 0.027820125222206116 291
1724523761608 0.024186301976442337 292
1724523762949 0.028026416897773743 293
1724523764286 0.026674630120396614 294
1724523765630 0.038091376423835754 295
1724523766975 0.02797807939350605 296
1724523768320 0.020526394248008728 297
1724523769662 0.036696307361125946 298
1724523770992 0.021318163722753525 299
1724523772321 0.03729890286922455 300
1724523773652 0.035970307886600494 301
1724523774989 0.03371831774711609 302
1724523776328 0.02721463516354561 303
1724523777660 0.03262610733509064 304
1724523778994 0.029609201475977898 305
1724523780327 0.03332246094942093 306
1724523781658 0.03225747123360634 307
1724523782993 0.03134240582585335 308
1724523784326 0.044109463691711426 309
1724523785653 0.03903721272945404 310
1724523786984 0.026287177577614784 311
1724523788321 0.024610228836536407 312
1724523789653 0.03749297186732292 313
1724523790989 0.028064262121915817 314
1724523792334 0.025321315973997116 315
1724523793672 0.030160244554281235 316
1724523795004 0.02862645499408245 317
1724523796342 0.039579667150974274 318
1724523797671 0.026281237602233887 319
1724523799005 0.03265824541449547 320
1724523800990 0.02845638245344162 321
1724523802214 0.049080148339271545 322
1724523803513 0.03217187896370888 323
1724523804858 0.03544003516435623 324
1724523806216 0.02712910994887352 325
1724523807585 0.032043058425188065 326
1724523808928 0.028327250853180885 327
1724523810274 0.03249778226017952 328
1724523811606 0.02967369556427002 329
1724523812936 0.031800948083400726 330
1724523814267 0.031023886054754257 331
1724523815601 0.03296782076358795 332
1724523816941 0.023921972140669823 333
1724523818277 0.022723544389009476 334
1724523819603 0.030722230672836304 335
1724523820941 0.03485076129436493 336
1724523822275 0.02300453372299671 337
1724523823618 0.040871042758226395 338
1724523824958 0.035842593759298325 339
1724523826292 0.027436833828687668 340
1724523827631 0.033506300300359726 341
1724523828962 0.03410617634654045 342
1724523830295 0.028055289760231972 343
1724523831628 0.02686997503042221 344
1724523832957 0.02681918442249298 345
1724523834290 0.03613048046827316 346
1724523835630 0.027648884803056717 347
1724523836963 0.030385930091142654 348
1724523838299 0.032586146146059036 349
1724523839644 0.029743604362010956 350
1724523840978 0.031136594712734222 351
1724523842309 0.030908232554793358 352
1724523843649 0.03244011104106903 353
1724523844976 0.034521497786045074 354
1724523846315 0.03239636495709419 355
1724523847644 0.042622342705726624 356
1724523848978 0.028752237558364868 357
1724523850311 0.03026646375656128 358
1724523851652 0.046676382422447205 359
1724523852989 0.03002605400979519 360
1724523854321 0.023698072880506516 361
1724523855654 0.04202762246131897 362
1724523856990 0.02837180905044079 363
1724523858327 0.028332490473985672 364
1724523859661 0.03788318857550621 365
1724523860990 0.030844446271657944 366
1724523862324 0.02431204728782177 367
1724523863662 0.027604607865214348 368
1724523864986 0.02997642010450363 369
1724523866319 0.029169898480176926 370
1724523867671 0.027118930593132973 371
1724523869015 0.027112368494272232 372
1724523870362 0.03919307142496109 373
1724523871703 0.027926623821258545 374
1724523873048 0.02511059120297432 375
1724523874397 0.03324439004063606 376
1724523875734 0.043187037110328674 377
1724523877075 0.04151583090424538 378
1724523878405 0.030743984505534172 379
1724523879756 0.031612180173397064 380
1724523881088 0.028481513261795044 381
1724523882426 0.031634241342544556 382
1724523883777 0.027089731767773628 383
1724523885115 0.03343430534005165 384
1724523886448 0.03133842349052429 385
1724523887784 0.025276169180870056 386
1724523889124 0.027608782052993774 387
1724523890455 0.037364546209573746 388
1724523891787 0.028431281447410583 389
1724523893117 0.03452063724398613 390
1724523894465 0.025638632476329803 391
1724523895804 0.026882190257310867 392
1724523897165 0.02480916492640972 393
1724523898512 0.02493155375123024 394
1724523899847 0.03352848067879677 395
1724523901186 0.031036941334605217 396
1724523902519 0.030744634568691254 397
1724523903868 0.03380873426795006 398
1724523905199 0.02816166914999485 399
1724523906533 0.0298050194978714 400
1724523908506 0.033177852630615234 401
1724523909734 0.04448318853974342 402
1724523911036 0.026453789323568344 403
1724523912394 0.03328946232795715 404
1724523913764 0.028591331094503403 405
1724523915113 0.02239367738366127 406
1724523916458 0.03364591300487518 407
1724523917785 0.024279091507196426 408
1724523919120 0.023277198895812035 409
1724523920456 0.034344375133514404 410
1724523921788 0.03834529221057892 411
1724523923137 0.027028152719140053 412
1724523924468 0.02725834585726261 413
1724523925797 0.030323471873998642 414
1724523927145 0.027581410482525826 415
1724523928487 0.029672326520085335 416
1724523929832 0.029846109449863434 417
1724523931167 0.03673291206359863 418
1724523932521 0.030421225354075432 419
1724523933856 0.029528848826885223 420
1724523935189 0.0336512066423893 421
1724523936526 0.0412597693502903 422
1724523937860 0.026830604299902916 423
1724523939187 0.025640781968832016 424
1724523940532 0.025576060637831688 425
1724523941870 0.017599785700440407 426
1724523943212 0.029301505535840988 427
1724523944553 0.02489953301846981 428
1724523945886 0.03004956990480423 429
1724523947232 0.028844106942415237 430
1724523948569 0.026190586388111115 431
1724523949905 0.024503571912646294 432
1724523951233 0.03229942545294762 433
1724523952571 0.02474043145775795 434
1724523953917 0.030931811779737473 435
1724523955258 0.04044175520539284 436
1724523956596 0.03439712151885033 437
1724523957941 0.03479651361703873 438
1724523959276 0.025116607546806335 439
1724523960619 0.026030445471405983 440
1724523961957 0.02597353421151638 441
1724523963292 0.03695734590291977 442
1724523964631 0.027311980724334717 443
1724523965964 0.031629495322704315 444
1724523967308 0.029676660895347595 445
1724523968652 0.03199293464422226 446
1724523970001 0.02980044111609459 447
1724523971345 0.0262739397585392 448
1724523972685 0.029138527810573578 449
1724523974025 0.03335079178214073 450
1724523975379 0.03310786187648773 451
1724523976713 0.0318591333925724 452
1724523978047 0.026100587099790573 453
1724523979390 0.02459293231368065 454
1724523980724 0.03832520544528961 455
1724523982062 0.030652116984128952 456
1724523983405 0.025600604712963104 457
1724523984737 0.02685990370810032 458
1724523986067 0.049431249499320984 459
1724523987424 0.02436353638768196 460
1724523988771 0.02378069795668125 461
1724523990119 0.03409676253795624 462
1724523991468 0.02525637298822403 463
1724523992803 0.025325041264295578 464
1724523994141 0.03564746677875519 465
1724523995481 0.027590204030275345 466
1724523996816 0.027263838797807693 467
1724523998163 0.028948519378900528 468
1724523999502 0.03076138161122799 469
1724524000842 0.026958070695400238 470
1724524002180 0.028244424611330032 471
1724524003523 0.03850789740681648 472
1724524004872 0.02664945460855961 473
1724524006211 0.02962239272892475 474
1724524007550 0.026836443692445755 475
1724524008894 0.03834942728281021 476
1724524010237 0.025691214948892593 477
1724524011596 0.03382959961891174 478
1724524012929 0.0294214878231287 479
1724524014262 0.026009077206254005 480
1724524016452 0.035088248550891876 481
1724524017693 0.024426549673080444 482
1724524019025 0.024760005995631218 483
1724524020404 0.033611197024583817 484
1724524021772 0.03160353749990463 485
1724524023128 0.021672196686267853 486
1724524024463 0.03252679854631424 487
1724524025798 0.027844836935400963 488
1724524027130 0.03230779990553856 489
1724524028472 0.025605710223317146 490
1724524029812 0.03199699521064758 491
1724524031149 0.028382332995533943 492
1724524032497 0.0251082181930542 493
1724524033840 0.02361235022544861 494
1724524035180 0.03251774609088898 495
1724524036530 0.0284167118370533 496
1724524037864 0.03177632763981819 497
1724524039199 0.0241318978369236 498
1724524040538 0.0282057523727417 499
1724524041875 0.03355364501476288 500
1724524043221 0.025173086673021317 501
1724524044558 0.026895815506577492 502
1724524045899 0.03096267580986023 503
1724524047243 0.02689315192401409 504
1724524048600 0.030594103038311005 505
1724524049954 0.03857337310910225 506
1724524051296 0.03076382353901863 507
1724524052642 0.023598555475473404 508
1724524053972 0.0299976896494627 509
1724524055311 0.026191622018814087 510
1724524056663 0.025757117196917534 511
1724524057999 0.021680738776922226 512
1724524059339 0.031483039259910583 513
1724524060681 0.025827687233686447 514
1724524062024 0.02651369571685791 515
1724524063366 0.02798781543970108 516
1724524064720 0.036785226315259933 517
1724524066060 0.028007086366415024 518
1724524067398 0.029308553785085678 519
1724524068738 0.02399320900440216 520
1724524070087 0.02486603334546089 521
1724524071423 0.026121418923139572 522
1724524072780 0.030985109508037567 523
1724524074118 0.050580643117427826 524
1724524075453 0.027737610042095184 525
1724524076795 0.024061258882284164 526
1724524078149 0.027232227846980095 527
1724524079490 0.026152776554226875 528
1724524080833 0.03150806948542595 529
1724524082185 0.03373534232378006 530
1724524083520 0.02778124064207077 531
1724524084871 0.02423221617937088 532
1724524086216 0.02886245772242546 533
1724524087559 0.024064548313617706 534
1724524088900 0.03071175143122673 535
1724524090252 0.022109894081950188 536
1724524091600 0.02694963477551937 537
1724524092943 0.025763746351003647 538
1724524094287 0.034599293023347855 539
1724524095633 0.02310430258512497 540
1724524096984 0.022993329912424088 541
1724524098322 0.029575707390904427 542
1724524099665 0.03239986672997475 543
1724524101008 0.02819184586405754 544
1724524102347 0.030537383630871773 545
1724524103687 0.027264373376965523 546
1724524105029 0.024678977206349373 547
1724524106380 0.03226512670516968 548
1724524107721 0.022729922086000443 549
1724524109069 0.025549903512001038 550
1724524110415 0.03266167640686035 551
1724524111757 0.03037400357425213 552
1724524113105 0.03322484344244003 553
1724524114450 0.028143122792243958 554
1724524115800 0.02494340017437935 555
1724524117144 0.024747509509325027 556
1724524118480 0.02500162646174431 557
1724524119820 0.02782624587416649 558
1724524121170 0.030689509585499763 559
1724524122514 0.024508871138095856 560
1724524123871 0.02891235426068306 561
1724524125219 0.040512800216674805 562
1724524126562 0.022766124457120895 563
1724524127902 0.02356742136180401 564
1724524129239 0.03780728578567505 565
1724524130584 0.03503116965293884 566
1724524131928 0.031864721328020096 567
1724524133276 0.025344423949718475 568
1724524134621 0.02669442631304264 569
1724524135975 0.03133920952677727 570
1724524137324 0.022129535675048828 571
1724524138676 0.02676832117140293 572
1724524140025 0.035790394991636276 573
1724524141366 0.02336343750357628 574
1724524142713 0.031914398074150085 575
1724524144053 0.023945961147546768 576
1724524145395 0.027023041620850563 577
1724524146748 0.035173382610082626 578
1724524148090 0.023377180099487305 579
1724524149445 0.03177152946591377 580
1724524151414 0.02550555020570755 581
1724524152651 0.03638144209980965 582
1724524153983 0.034795261919498444 583
1724524155350 0.027041535824537277 584
1724524156719 0.031125182285904884 585
1724524158069 0.04497730731964111 586
1724524159427 0.03112185001373291 587
1724524160767 0.026725012809038162 588
1724524162113 0.027764014899730682 589
1724524163464 0.02704649418592453 590
1724524164799 0.024194560945034027 591
1724524166145 0.03264112025499344 592
1724524167498 0.023693088442087173 593
1724524168847 0.027326812967658043 594
1724524170211 0.02735471911728382 595
1724524171558 0.024260802194476128 596
1724524172906 0.028843995183706284 597
1724524174241 0.022824477404356003 598
1724524175582 0.01863401010632515 599
1724524176924 0.028977904468774796 600
1724524178265 0.025381524115800858 601
1724524179602 0.03155084699392319 602
1724524180944 0.030804814770817757 603
1724524182295 0.029724424704909325 604
1724524183637 0.04126840829849243 605
1724524184981 0.030482225120067596 606
1724524186326 0.02368134632706642 607
1724524187673 0.04527483880519867 608
1724524189014 0.030389461666345596 609
1724524190363 0.02531023509800434 610
1724524191706 0.03308708220720291 611
1724524193051 0.02925439551472664 612
1724524194391 0.026910942047834396 613
1724524195734 0.027850855141878128 614
1724524197075 0.03463084250688553 615
1724524198423 0.02836420387029648 616
1724524199775 0.035813409835100174 617
1724524201116 0.03038078546524048 618
1724524202459 0.024801647290587425 619
1724524203809 0.0317307785153389 620
1724524205147 0.038525376468896866 621
1724524206490 0.02457267791032791 622
1724524207829 0.0262456052005291 623
1724524209173 0.030134543776512146 624
1724524210526 0.036599621176719666 625
1724524211866 0.03471752628684044 626
1724524213208 0.023874536156654358 627
1724524214556 0.028486911207437515 628
1724524215905 0.03256579861044884 629
1724524217249 0.02832452394068241 630
1724524218592 0.02348293922841549 631
1724524219926 0.03205476328730583 632
1724524221265 0.0255531407892704 633
1724524222611 0.02445489540696144 634
1724524223958 0.05105561017990112 635
1724524225300 0.024112548679113388 636
1724524226646 0.02053912729024887 637
1724524227994 0.02910284698009491 638
1724524229346 0.035923127084970474 639
1724524230695 0.024539008736610413 640
1724524232047 0.02354046143591404 641
1724524233428 0.02723238244652748 642
1724524234812 0.034935858100652695 643
1724524236173 0.027698997408151627 644
1724524237523 0.03373989835381508 645
1724524238866 0.030549515038728714 646
1724524240205 0.02264368161559105 647
1724524241553 0.028686702251434326 648
1724524242905 0.029304737225174904 649
1724524244250 0.021107789129018784 650
1724524245596 0.02508939988911152 651
1724524246941 0.03463207185268402 652
1724524248287 0.02631966769695282 653
1724524249628 0.03385399654507637 654
1724524250964 0.03327149897813797 655
1724524252313 0.0285203717648983 656
1724524253658 0.03152596205472946 657
1724524254994 0.02793252095580101 658
1724524256339 0.021992769092321396 659
1724524257682 0.027640601620078087 660
1724524259683 0.024020157754421234 661
1724524260917 0.025622086599469185 662
1724524262223 0.03313977271318436 663
1724524263585 0.03073718771338463 664
1724524264946 0.030395710840821266 665
1724524266304 0.027022356167435646 666
1724524267649 0.020287860184907913 667
1724524268996 0.025654364377260208 668
1724524270349 0.026295317336916924 669
1724524271697 0.026361193507909775 670
1724524273050 0.033855363726615906 671
1724524274397 0.030258659273386 672
1724524275749 0.02232600376009941 673
1724524277099 0.02445060759782791 674
1724524278450 0.024754690006375313 675
1724524279788 0.025625508278608322 676
1724524281131 0.024501264095306396 677
1724524282472 0.032277725636959076 678
1724524283826 0.039071761071681976 679
1724524285174 0.02931118570268154 680
1724524286518 0.0262882299721241 681
1724524287867 0.029964355751872063 682
1724524289214 0.023432645946741104 683
1724524290557 0.031843848526477814 684
1724524291897 0.027195245027542114 685
1724524293239 0.0231298990547657 686
1724524294579 0.030537856742739677 687
1724524295916 0.030194781720638275 688
1724524297257 0.0246746689081192 689
1724524298600 0.025575270876288414 690
1724524299943 0.03002462349832058 691
1724524301281 0.01950119435787201 692
1724524302633 0.034321337938308716 693
1724524303979 0.025702785700559616 694
1724524305322 0.026038886979222298 695
1724524306661 0.029678085818886757 696
1724524308005 0.023207083344459534 697
1724524309342 0.0237429216504097 698
1724524310680 0.02384679764509201 699
1724524312023 0.023516003042459488 700
1724524313372 0.025267690420150757 701
1724524314722 0.021384380757808685 702
1724524316064 0.0259704552590847 703
1724524317409 0.02551388554275036 704
1724524318757 0.025165269151329994 705
1724524320103 0.03480345755815506 706
1724524321442 0.027775194495916367 707
1724524322781 0.04850105196237564 708
1724524324135 0.02772972360253334 709
1724524325474 0.026344016194343567 710
1724524326816 0.02554132603108883 711
1724524328160 0.027307283133268356 712
1724524329493 0.02918771654367447 713
1724524330834 0.02536269649863243 714
1724524332181 0.030035633593797684 715
1724524333529 0.03187286853790283 716
1724524334872 0.028837913647294044 717
1724524336216 0.02855679579079151 718
1724524337567 0.02679600566625595 719
1724524338905 0.02803056128323078 720
1724524340242 0.027604546397924423 721
1724524341581 0.02323562279343605 722
1724524342926 0.04460888355970383 723
1724524344270 0.043303169310092926 724
1724524345610 0.022978441789746284 725
1724524346956 0.033958982676267624 726
1724524348316 0.022434517741203308 727
1724524349673 0.025127191096544266 728
1724524351017 0.023079730570316315 729
1724524352369 0.02374725043773651 730
1724524353705 0.029935376718640327 731
1724524355051 0.04322835057973862 732
1724524356394 0.02498750388622284 733
1724524357731 0.01912733167409897 734
1724524359072 0.028425954282283783 735
1724524360417 0.02686898410320282 736
1724524361758 0.030869528651237488 737
1724524363108 0.032655782997608185 738
1724524364456 0.03702685609459877 739
1724524365799 0.02702219784259796 740
1724524367780 0.026160243898630142 741
1724524369017 0.025717880576848984 742
1724524370332 0.03958795219659805 743
1724524371681 0.025249894708395004 744
1724524373053 0.03625904768705368 745
1724524374420 0.025019021704792976 746
1724524375774 0.03130980581045151 747
1724524377115 0.02287491410970688 748
1724524378475 0.02624974027276039 749
1724524379820 0.030180159956216812 750
1724524381160 0.0241721011698246 751
1724524382498 0.01999845542013645 752
1724524383846 0.03090541437268257 753
1724524385199 0.024067450314760208 754
1724524386540 0.029913155362010002 755
1724524387873 0.019783467054367065 756
1724524389213 0.02573981322348118 757
1724524390557 0.02532215043902397 758
1724524391900 0.028520643711090088 759
1724524393239 0.0241144560277462 760
1724524394580 0.029336951673030853 761
1724524395915 0.02632683515548706 762
1724524397249 0.022768104448914528 763
1724524398590 0.04236314445734024 764
1724524399933 0.02509256824851036 765
1724524401272 0.02569008618593216 766
1724524402611 0.03309926018118858 767
1724524403945 0.02468102052807808 768
1724524405283 0.024429993703961372 769
1724524406619 0.03037882223725319 770
1724524407962 0.02481309324502945 771
1724524409309 0.04651660472154617 772
1724524410647 0.026605449616909027 773
1724524411987 0.02555254101753235 774
1724524413324 0.028014663606882095 775
1724524414657 0.026652980595827103 776
1724524416008 0.032998550683259964 777
1724524417342 0.029074769467115402 778
1724524418680 0.024946890771389008 779
1724524420015 0.019970284774899483 780
1724524421355 0.028676670044660568 781
1724524422693 0.043630361557006836 782
1724524424038 0.02947155386209488 783
1724524425374 0.023941855877637863 784
1724524426719 0.02728687971830368 785
1724524428055 0.024569127708673477 786
1724524429402 0.028467070311307907 787
1724524430733 0.026972275227308273 788
1724524432071 0.032352060079574585 789
1724524433413 0.029257509857416153 790
1724524434749 0.034601110965013504 791
1724524436076 0.025184717029333115 792
1724524437419 0.02546386793255806 793
1724524438757 0.02715148776769638 794
1724524440106 0.04261346533894539 795
1724524441439 0.024236280471086502 796
1724524442782 0.02411109395325184 797
1724524444125 0.029563378542661667 798
1724524445458 0.02646699734032154 799
1724524446791 0.030893554911017418 800
1724524448130 0.03806224837899208 801
1724524449479 0.020399607717990875 802
1724524450825 0.03952943533658981 803
1724524452166 0.023016327992081642 804
1724524453511 0.02363886684179306 805
1724524454862 0.026867039501667023 806
1724524456195 0.03288184478878975 807
1724524457532 0.04239826649427414 808
1724524458869 0.026508741080760956 809
1724524460208 0.03519042581319809 810
1724524461548 0.024267027154564857 811
1724524462916 0.023708026856184006 812
1724524464284 0.02313629724085331 813
1724524465629 0.02466670051217079 814
1724524466966 0.024747535586357117 815
1724524468312 0.021728690713644028 816
1724524469657 0.019194211810827255 817
1724524471001 0.024029873311519623 818
1724524472343 0.03659715875983238 819
1724524473678 0.025855652987957 820
1724524475739 0.029083171859383583 821
1724524476954 0.0319327637553215 822
1724524478256 0.027086738497018814 823
1724524479618 0.027194567024707794 824
1724524480982 0.030163340270519257 825
1724524482349 0.02307863160967827 826
1724524483705 0.02321142517030239 827
1724524485040 0.026054834946990013 828
1724524486382 0.031144170090556145 829
1724524487734 0.022664334625005722 830
1724524489078 0.02761267125606537 831
1724524490410 0.027963459491729736 832
1724524491748 0.05212507024407387 833
1724524493091 0.02637074701488018 834
1724524494425 0.018425744026899338 835
1724524495767 0.021544337272644043 836
1724524497104 0.024101223796606064 837
1724524498448 0.031101297587156296 838
1724524499794 0.038528427481651306 839
1724524501140 0.026950476691126823 840
1724524502492 0.029236238449811935 841
1724524503823 0.03154981508851051 842
1724524505164 0.02853851020336151 843
1724524506505 0.02598118968307972 844
1724524507845 0.025066595524549484 845
1724524509186 0.02632424607872963 846
1724524510531 0.030848287045955658 847
1724524511877 0.025426778942346573 848
1724524513218 0.029614023864269257 849
1724524514568 0.021089429035782814 850
1724524515936 0.02928560972213745 851
1724524517292 0.023821789771318436 852
1724524518635 0.031808651983737946 853
1724524519974 0.021306239068508148 854
1724524521304 0.024700641632080078 855
1724524522643 0.026093026623129845 856
1724524523990 0.017748214304447174 857
1724524525324 0.029340771958231926 858
1724524526659 0.02462477795779705 859
1724524528004 0.033074039965867996 860
1724524529362 0.032037653028964996 861
1724524530705 0.03306720033288002 862
1724524532059 0.025650471448898315 863
1724524533410 0.020674681290984154 864
1724524534749 0.029222527518868446 865
1724524536085 0.029869981110095978 866
1724524537416 0.0278469230979681 867
1724524538754 0.04690120369195938 868
1724524540093 0.026856448501348495 869
1724524541436 0.023840438574552536 870
1724524542787 0.026110846549272537 871
1724524544122 0.029680611565709114 872
1724524545459 0.027440575882792473 873
1724524546802 0.022995097562670708 874
1724524548153 0.029739998281002045 875
1724524549498 0.024359915405511856 876
1724524550842 0.020885828882455826 877
1724524552192 0.03848547860980034 878
1724524553523 0.02360687218606472 879
1724524554863 0.029818100854754448 880
1724524556203 0.026123125106096268 881
1724524557550 0.025793002918362617 882
1724524558899 0.019378989934921265 883
1724524560236 0.02767682448029518 884
1724524561581 0.0278801079839468 885
1724524562925 0.020948516204953194 886
1724524564263 0.03247373551130295 887
1724524565610 0.025871124118566513 888
1724524566946 0.022387441247701645 889
1724524568281 0.022557629272341728 890
1724524569622 0.02029511146247387 891
1724524570967 0.02826232649385929 892
1724524572312 0.024327784776687622 893
1724524573658 0.032139331102371216 894
1724524575006 0.02155006304383278 895
1724524576340 0.03614797443151474 896
1724524577683 0.023017313331365585 897
1724524579024 0.022256065160036087 898
1724524580361 0.023391785100102425 899
1724524581702 0.029170410707592964 900
1724524583703 0.025944961234927177 901
1724524584932 0.02046690508723259 902
1724524586237 0.025044811889529228 903
1724524587610 0.021263735368847847 904
1724524588980 0.02719099074602127 905
1724524590342 0.028256095945835114 906
1724524591680 0.024786803871393204 907
1724524593026 0.02770042233169079 908
1724524594362 0.0245427917689085 909
1724524595705 0.02804705500602722 910
1724524597049 0.02799670211970806 911
1724524598394 0.02762683853507042 912
1724524599739 0.02574225142598152 913
1724524601076 0.030136819928884506 914
1724524602426 0.020730508491396904 915
1724524603774 0.02875271439552307 916
1724524605116 0.024427181109786034 917
1724524606452 0.021637344732880592 918
1724524607784 0.024415936321020126 919
1724524609122 0.03413451462984085 920
1724524610459 0.027804844081401825 921
1724524611803 0.025044061243534088 922
1724524613140 0.04064011573791504 923
1724524614488 0.03351382538676262 924
1724524615829 0.03106011264026165 925
1724524617170 0.02847195789217949 926
1724524618513 0.032338496297597885 927
1724524619849 0.03439098596572876 928
1724524621196 0.03119359351694584 929
1724524622534 0.03283650800585747 930
1724524623873 0.029430493712425232 931
1724524625210 0.025802800431847572 932
1724524626546 0.03210217505693436 933
1724524627881 0.02485395222902298 934
1724524629227 0.019180962815880775 935
1724524630558 0.03376054763793945 936
1724524631907 0.027486268430948257 937
1724524633255 0.018436333164572716 938
1724524634603 0.027069246396422386 939
1724524635937 0.024864545091986656 940
1724524637270 0.02567928656935692 941
1724524638607 0.034693919122219086 942
1724524639945 0.023732734844088554 943
1724524641284 0.02385670132935047 944
1724524642619 0.03102000802755356 945
1724524643956 0.025552045553922653 946
1724524645292 0.026755046099424362 947
1724524646630 0.037456147372722626 948
1724524647972 0.03479037061333656 949
1724524649322 0.024914192035794258 950
1724524650660 0.028137167915701866 951
1724524651997 0.024332284927368164 952
1724524653326 0.02866416797041893 953
1724524654662 0.029289040714502335 954
1724524655997 0.024414028972387314 955
1724524657334 0.03076712042093277 956
1724524658668 0.020874973386526108 957
1724524659997 0.025422392413020134 958
1724524661338 0.020178884267807007 959
1724524662668 0.022221723571419716 960
1724524664009 0.02567008137702942 961
1724524665351 0.028062943369150162 962
1724524666693 0.028165530413389206 963
1724524668029 0.022000284865498543 964
1724524669379 0.023269936442375183 965
1724524670711 0.025399312376976013 966
1724524672050 0.025952452793717384 967
1724524673386 0.027164623141288757 968
1724524674723 0.022507788613438606 969
1724524676056 0.026151051744818687 970
1724524677404 0.02390878088772297 971
1724524678749 0.029675010591745377 972
1724524680092 0.027181260287761688 973
1724524681428 0.035448089241981506 974
1724524682762 0.02095925249159336 975
1724524684101 0.020127862691879272 976
1724524685432 0.025969427078962326 977
1724524686766 0.020437777042388916 978
1724524688103 0.0344230979681015 979
1724524689440 0.020549951121211052 980
1724524691471 0.026934318244457245 981
1724524692695 0.024521907791495323 982
1724524694004 0.030901353806257248 983
1724524695354 0.028757499530911446 984
1724524696716 0.022007089108228683 985
1724524698083 0.025049453601241112 986
1724524699431 0.024763278663158417 987
1724524700773 0.025181755423545837 988
1724524702107 0.023202933371067047 989
1724524703437 0.02236117050051689 990
1724524704773 0.01834339275956154 991
1724524706117 0.026654204353690147 992
1724524707459 0.04839974641799927 993
1724524708798 0.026553988456726074 994
1724524710150 0.03645085543394089 995
1724524711478 0.0240448247641325 996
1724524712818 0.028921514749526978 997
1724524714156 0.02975010685622692 998
1724524715493 0.036918170750141144 999
1724524716824 0.023835621774196625 1000
1724524718161 0.026910550892353058 1001
1724524719496 0.023310121148824692 1002
1724524720835 0.022550135850906372 1003
1724524722170 0.02399148792028427 1004
1724524723503 0.029939180240035057 1005
1724524724839 0.019740186631679535 1006
1724524726179 0.03248327597975731 1007
1724524727509 0.02397613227367401 1008
1724524728848 0.02400185726583004 1009
1724524730193 0.01889970153570175 1010
1724524731525 0.02861073985695839 1011
1724524732866 0.020605985075235367 1012
1724524734194 0.023431498557329178 1013
1724524735527 0.029254943132400513 1014
1724524736879 0.022539298981428146 1015
1724524738217 0.024319671094417572 1016
1724524739559 0.024323485791683197 1017
1724524740890 0.030564812943339348 1018
1724524742222 0.019468989223241806 1019
1724524743560 0.016470935195684433 1020
1724524744901 0.021668152883648872 1021
1724524746230 0.024057336151599884 1022
1724524747564 0.020757047459483147 1023
1724524748895 0.026294345036149025 1024
1724524750236 0.01669759303331375 1025
1724524751567 0.024859601631760597 1026
1724524752910 0.026960130780935287 1027
1724524754243 0.030751775950193405 1028
1724524755581 0.023187560960650444 1029
1724524756920 0.03031197562813759 1030
1724524758255 0.02645060420036316 1031
1724524759587 0.020700793713331223 1032
1724524760919 0.029888179153203964 1033
1724524762252 0.020698074251413345 1034
1724524763582 0.021869417279958725 1035
1724524764913 0.022648682817816734 1036
1724524766246 0.026931677013635635 1037
1724524767588 0.023752670735120773 1038
1724524768934 0.024235799908638 1039
1724524770275 0.021786978468298912 1040
1724524771622 0.014870276674628258 1041
1724524772951 0.02336815558373928 1042
1724524774294 0.028648238629102707 1043
1724524775620 0.027591297402977943 1044
1724524776958 0.035988375544548035 1045
1724524778301 0.023087266832590103 1046
1724524779640 0.02355746552348137 1047
1724524780978 0.02545405551791191 1048
1724524782316 0.023228365927934647 1049
1724524783672 0.028512142598628998 1050
1724524785015 0.02590368129312992 1051
1724524786357 0.027639441192150116 1052
1724524787603 0.034213121980428696 1053
1724524788994 0.029090195894241333 1054
1724524790410 0.03626355156302452 1055
1724524791858 0.03238651901483536 1056
1724524793227 0.03157682344317436 1057
1724524794652 0.03465317189693451 1058
1724524796005 0.030592797324061394 1059
1724524797454 0.04402419552206993 1060
1724524798762 0.057612016797065735 1061
1724524800177 0.04670846834778786 1062
1724524801563 0.03473515436053276 1063
1724524802936 0.03950580209493637 1064
1724524804311 0.04314934089779854 1065
1724524805679 0.04143430292606354 1066
1724524807038 0.049006298184394836 1067
1724524808420 0.036811381578445435 1068
1724524809798 0.04561031237244606 1069
1724524811184 0.047786030918359756 1070
1724524812550 0.0328376442193985 1071
1724524813903 0.04080090671777725 1072
1724524815262 0.0394144281744957 1073
1724524816604 0.052583545446395874 1074
1724524817945 0.04501194879412651 1075
1724524819276 0.05586860701441765 1076
1724524820636 0.042425040155649185 1077
1724524821976 0.040037814527750015 1078
1724524823383 0.04580171778798103 1079
1724524824827 0.04157846421003342 1080
1724524826916 0.04368855431675911 1081
1724524828176 0.03325928747653961 1082
1724524829488 0.04457664489746094 1083
1724524830870 0.040837451815605164 1084
1724524832267 0.038830481469631195 1085
1724524833560 0.04287254065275192 1086
1724524834992 0.04226410761475563 1087
1724524836378 0.04584411904215813 1088
1724524837733 0.06539547443389893 1089
1724524839071 0.04969814792275429 1090
1724524840401 0.04046064615249634 1091
1724524841728 0.04606667160987854 1092
1724524843048 0.04856550693511963 1093
1724524844412 0.035484183579683304 1094
1724524845793 0.05672129616141319 1095
1724524847172 0.04050273075699806 1096
1724524848535 0.05041678994894028 1097
1724524849891 0.043355509638786316 1098
1724524851240 0.042755190283060074 1099
1724524852614 0.04037359729409218 1100
1724524853979 0.05075438320636749 1101
1724524855335 0.04459066689014435 1102
1724524856670 0.03515877574682236 1103
1724524857992 0.04848581552505493 1104
1724524859318 0.03892491012811661 1105
1724524860644 0.052370838820934296 1106
1724524861969 0.044664714485406876 1107
1724524863301 0.04209968075156212 1108
1724524864633 0.04739490523934364 1109
1724524865970 0.036667533218860626 1110
1724524867311 0.031676292419433594 1111
1724524868641 0.037264417856931686 1112
1724524869982 0.03991498425602913 1113
1724524871318 0.049644358456134796 1114
1724524872661 0.03703708201646805 1115
1724524873994 0.041549086570739746 1116
1724524875326 0.05712471157312393 1117
1724524876658 0.04803725332021713 1118
1724524877998 0.04359107464551926 1119
1724524879328 0.04058010131120682 1120
1724524880673 0.04390224069356918 1121
1724524882009 0.04159236699342728 1122
1724524883346 0.03711710870265961 1123
1724524884695 0.041955798864364624 1124
1724524886036 0.037293337285518646 1125
1724524887375 0.037652332335710526 1126
1724524888713 0.029906461015343666 1127
1724524890050 0.04798511415719986 1128
1724524891393 0.0522468276321888 1129
1724524892736 0.03464025259017944 1130
1724524894068 0.03600389510393143 1131
1724524895406 0.040450792759656906 1132
1724524896745 0.042292576283216476 1133
1724524898093 0.04259701073169708 1134
1724524899449 0.039032649248838425 1135
1724524900787 0.03309425711631775 1136
1724524902122 0.04566534608602524 1137
1724524903464 0.04695387929677963 1138
1724524904809 0.040882501751184464 1139
1724524906150 0.045613985508680344 1140
1724524907511 0.04120337590575218 1141
1724524908869 0.04196462780237198 1142
1724524910216 0.037349071353673935 1143
1724524911562 0.03691300377249718 1144
1724524912901 0.03774674981832504 1145
1724524914238 0.039522409439086914 1146
1724524915584 0.034953683614730835 1147
1724524916923 0.04596319794654846 1148
1724524918275 0.03908368945121765 1149
1724524919606 0.039878252893686295 1150
1724524920943 0.045507825911045074 1151
1724524922285 0.04225028678774834 1152
1724524923630 0.038322869688272476 1153
1724524924975 0.04330325871706009 1154
1724524926314 0.03583865612745285 1155
1724524927665 0.038109757006168365 1156
1724524929011 0.04165242612361908 1157
1724524930361 0.03466399759054184 1158
1724524931703 0.045364100486040115 1159
1724524933037 0.03881180286407471 1160
1724524935118 0.037801869213581085 1161
1724524936331 0.0492195188999176 1162
1724524937654 0.0411994569003582 1163
1724524939041 0.03647661209106445 1164
1724524940442 0.031124819070100784 1165
1724524941813 0.04922235757112503 1166
1724524943184 0.04102795198559761 1167
1724524944528 0.03468650206923485 1168
1724524945872 0.03980936110019684 1169
1724524947230 0.03120691515505314 1170
1724524948604 0.03727935254573822 1171
1724524949972 0.038036201149225235 1172
1724524951333 0.03178156912326813 1173
1724524952690 0.0453280471265316 1174
1724524954046 0.04097401723265648 1175
1724524955391 0.03354187309741974 1176
1724524956749 0.03812624514102936 1177
1724524958014 0.03994287922978401 1178
1724524959432 0.0376269705593586 1179
1724524960878 0.044819626957178116 1180
1724524962313 0.03711256384849548 1181
1724524963721 0.038303013890981674 1182
1724524965108 0.05089695751667023 1183
1724524966363 0.03851555660367012 1184
1724524967790 0.03370102867484093 1185
1724524969185 0.04141237959265709 1186
1724524970578 0.042252715677022934 1187
1724524971982 0.037051666527986526 1188
1724524973413 0.038846611976623535 1189
1724524974869 0.0377173125743866 1190
1724524976272 0.04032525047659874 1191
1724524977640 0.0349714420735836 1192
1724524979015 0.03949883580207825 1193
1724524980426 0.04579029977321625 1194
1724524981869 0.032637819647789 1195
1724524983346 0.03496084734797478 1196
1724524984780 0.0352291539311409 1197
1724524986172 0.04661090672016144 1198
1724524987581 0.048982348293066025 1199
1724524988868 0.03670167177915573 1200
1724524990285 0.03982987254858017 1201
1724524991676 0.0344562791287899 1202
1724524993035 0.043756045401096344 1203
1724524994382 0.03634045273065567 1204
1724524995728 0.0400831513106823 1205
1724524997059 0.03987552225589752 1206
1724524998402 0.03217434138059616 1207
1724524999687 0.03480204567313194 1208
1724525001081 0.03857406973838806 1209
1724525002449 0.046072229743003845 1210
1724525003819 0.03811870142817497 1211
1724525005198 0.037353917956352234 1212
1724525006585 0.039605554193258286 1213
1724525007988 0.041252829134464264 1214
1724525009376 0.04678250104188919 1215
1724525010756 0.040557775646448135 1216
1724525012128 0.0358782596886158 1217
1724525013495 0.035469308495521545 1218
1724525014854 0.042418625205755234 1219
1724525016203 0.03450152277946472 1220
1724525017556 0.04274540767073631 1221
1724525018930 0.04132194072008133 1222
1724525020353 0.03270759433507919 1223
1724525021822 0.051363009959459305 1224
1724525023293 0.04528919607400894 1225
1724525024859 0.03764429688453674 1226
1724525026356 0.04010308161377907 1227
1724525027818 0.040488094091415405 1228
1724525029329 0.03737933933734894 1229
1724525030798 0.03191404044628143 1230
1724525032247 0.034063562750816345 1231
1724525033659 0.050541043281555176 1232
1724525034950 0.053114622831344604 1233
1724525036269 0.03377015143632889 1234
1724525037731 0.04649890214204788 1235
1724525039143 0.03384419530630112 1236
1724525040400 0.04840749129652977 1237
1724525041800 0.0401417501270771 1238
1724525043193 0.03602302074432373 1239
1724525044571 0.030867841094732285 1240
1724525046427 0.04340814799070358 1241
1724525047705 0.038483649492263794 1242
1724525048961 0.05173693597316742 1243
1724525050296 0.03578001633286476 1244
1724525051739 0.04159824177622795 1245
1724525053143 0.03260938823223114 1246
1724525054533 0.04519335925579071 1247
1724525055940 0.03688769042491913 1248
1724525057288 0.03539428859949112 1249
1724525058654 0.04715275764465332 1250
1724525060035 0.038159895688295364 1251
1724525061427 0.0437048003077507 1252
1724525062803 0.03620981425046921 1253
1724525064209 0.03727662190794945 1254
1724525065586 0.037101663649082184 1255
1724525066967 0.0381537526845932 1256
1724525068339 0.034913644194602966 1257
1724525069712 0.038497090339660645 1258
1724525071079 0.04050391912460327 1259
1724525072459 0.041529975831508636 1260
1724525073769 0.03559887781739235 1261
1724525075173 0.03330056741833687 1262
1724525076562 0.03955324366688728 1263
1724525077943 0.03378874063491821 1264
1724525079361 0.03050030954182148 1265
1724525080663 0.044730834662914276 1266
1724525082141 0.03308313339948654 1267
1724525083598 0.03473193198442459 1268
1724525084994 0.034265320748090744 1269
1724525086517 0.03821680322289467 1270
1724525087938 0.03391370177268982 1271
1724525089312 0.037995390594005585 1272
1724525090669 0.03637532889842987 1273
1724525092033 0.040387075394392014 1274
1724525093398 0.04087730497121811 1275
1724525094791 0.0403374545276165 1276
1724525096224 0.0492512509226799 1277
1724525097711 0.037143971771001816 1278
1724525099254 0.03890221193432808 1279
1724525100783 0.05384489521384239 1280
1724525102434 0.03183044120669365 1281
1724525103938 0.034505829215049744 1282
1724525105348 0.03772794082760811 1283
1724525106729 0.046120043843984604 1284
1724525108102 0.03361367806792259 1285
1724525109351 0.03809181973338127 1286
1724525110769 0.04185004532337189 1287
1724525112172 0.03819122165441513 1288
1724525113544 0.03797036036849022 1289
1724525114918 0.04883919656276703 1290
1724525116283 0.04004732519388199 1291
1724525117652 0.04183720424771309 1292
1724525119021 0.03395223245024681 1293
1724525120382 0.041622184216976166 1294
1724525121748 0.03780905529856682 1295
1724525123124 0.04404658079147339 1296
1724525124500 0.05692088231444359 1297
1724525125882 0.03989749774336815 1298
1724525127268 0.05086991935968399 1299
1724525128648 0.044760700315237045 1300
1724525130023 0.042289961129426956 1301
1724525131400 0.03156397119164467 1302
1724525132784 0.04337545484304428 1303
1724525134162 0.03183355927467346 1304
1724525135537 0.04349973425269127 1305
1724525136906 0.041872285306453705 1306
1724525138275 0.045757096260786057 1307
1724525139646 0.03994479030370712 1308
1724525141034 0.044928863644599915 1309
1724525142423 0.032562918961048126 1310
1724525143798 0.03970121592283249 1311
1724525145186 0.04059091582894325 1312
1724525146559 0.038573212921619415 1313
1724525147936 0.03920222818851471 1314
1724525149306 0.04198838770389557 1315
1724525150675 0.03245607018470764 1316
1724525152054 0.03616781160235405 1317
1724525153422 0.0371173657476902 1318
1724525154794 0.03966783732175827 1319
1724525156237 0.039828911423683167 1320
1724525158101 0.0390804149210453 1321
1724525159437 0.03757303208112717 1322
1724525160815 0.031107472255825996 1323
1724525162199 0.04161425679922104 1324
1724525163579 0.03644024580717087 1325
1724525164958 0.03821077570319176 1326
1724525166322 0.03579316288232803 1327
1724525167689 0.03546985611319542 1328
1724525169052 0.03518027439713478 1329
1724525170511 0.038873981684446335 1330
1724525171963 0.03632500395178795 1331
1724525173354 0.04153778403997421 1332
1724525174727 0.037379078567028046 1333
1724525176084 0.04120782017707825 1334
1724525177449 0.037257105112075806 1335
1724525178821 0.038501814007759094 1336
1724525180188 0.031189322471618652 1337
1724525181584 0.02744932658970356 1338
1724525182950 0.041356541216373444 1339
1724525184320 0.03592522442340851 1340
1724525185703 0.03847789764404297 1341
1724525187091 0.040450356900691986 1342
1724525188470 0.034644387662410736 1343
1724525189858 0.037490297108888626 1344
1724525191223 0.04215111583471298 1345
1724525192600 0.03965333476662636 1346
1724525193966 0.03654642030596733 1347
1724525195335 0.035300642251968384 1348
1724525196704 0.03844092786312103 1349
1724525198074 0.03561989963054657 1350
1724525199435 0.03801024332642555 1351
1724525200826 0.05292530730366707 1352
1724525202199 0.039361488074064255 1353
1724525203570 0.03710763901472092 1354
1724525204936 0.03634871169924736 1355
1724525206298 0.03724369779229164 1356
1724525207665 0.0331607349216938 1357
1724525209033 0.03171883895993233 1358
1724525210398 0.0341896191239357 1359
1724525211776 0.03446044400334358 1360
1724525213152 0.03946930542588234 1361
1724525214512 0.043245576322078705 1362
1724525215912 0.03766946494579315 1363
1724525217276 0.03303617984056473 1364
1724525218642 0.037797026336193085 1365
1724525220013 0.031897712498903275 1366
1724525221378 0.03901699185371399 1367
1724525222745 0.04164523631334305 1368
1724525224110 0.03503137081861496 1369
1724525225465 0.04216761887073517 1370
1724525226831 0.037258125841617584 1371
1724525228194 0.03948527202010155 1372
1724525229556 0.04004816338419914 1373
1724525230953 0.04554048180580139 1374
1724525232327 0.03159116581082344 1375
1724525233703 0.031950972974300385 1376
1724525235062 0.03908690810203552 1377
1724525236426 0.03493845462799072 1378
1724525237792 0.03734197840094566 1379
1724525239150 0.03888905793428421 1380
1724525240520 0.042198311537504196 1381
1724525241883 0.03642059117555618 1382
1724525243242 0.03739481791853905 1383
1724525244603 0.04213360324501991 1384
1724525245975 0.034559763967990875 1385
1724525247358 0.038634292781353 1386
1724525248736 0.029995029792189598 1387
1724525250107 0.03739841282367706 1388
1724525251463 0.039592236280441284 1389
1724525252821 0.03889065608382225 1390
1724525254173 0.03015042468905449 1391
1724525255530 0.030197029933333397 1392
1724525256890 0.02790479175746441 1393
1724525258260 0.04076266661286354 1394
1724525259615 0.043977610766887665 1395
1724525261000 0.030676737427711487 1396
1724525262372 0.04038330540060997 1397
1724525263741 0.038252584636211395 1398
1724525265095 0.04163549467921257 1399
1724525266454 0.038651395589113235 1400
1724525268253 0.03497796505689621 1401
1724525269541 0.03291526436805725 1402
1724525270904 0.04245733097195625 1403
1724525272276 0.03529690206050873 1404
1724525273651 0.03637364134192467 1405
1724525275025 0.03096059150993824 1406
1724525276414 0.042362526059150696 1407
1724525277786 0.03443629667162895 1408
1724525279141 0.04086180776357651 1409
1724525280494 0.04176531359553337 1410
1724525281852 0.03538666293025017 1411
1724525283213 0.046898867934942245 1412
1724525284575 0.037157103419303894 1413
1724525285923 0.030202705413103104 1414
1724525287279 0.04172852635383606 1415
1724525288637 0.03459404036402702 1416
1724525289997 0.04054608568549156 1417
1724525291369 0.034304000437259674 1418
1724525292726 0.04380542039871216 1419
1724525294093 0.03601779788732529 1420
1724525295420 0.04050643369555473 1421
1724525296782 0.02905910089612007 1422
1724525298139 0.041944872587919235 1423
1724525299490 0.03840081766247749 1424
1724525300857 0.05249270796775818 1425
1724525302321 0.04013066738843918 1426
1724525303779 0.039736345410346985 1427
1724525305201 0.038675375282764435 1428
1724525306594 0.040944039821624756 1429
1724525307965 0.040560342371463776 1430
1724525309324 0.04027998074889183 1431
1724525310664 0.0373389795422554 1432
1724525312016 0.0411200113594532 1433
1724525313372 0.03688244894146919 1434
1724525314714 0.03612195700407028 1435
1724525316085 0.036803845316171646 1436
1724525317456 0.02972971275448799 1437
1724525318811 0.034166548401117325 1438
1724525320171 0.0360863171517849 1439
1724525321547 0.03716418519616127 1440
1724525322907 0.03817657753825188 1441
1724525324267 0.036277465522289276 1442
1724525325616 0.036793895065784454 1443
1724525326959 0.046426016837358475 1444
1724525328305 0.047620002180337906 1445
1724525329668 0.03836424648761749 1446
1724525331019 0.030692242085933685 1447
1724525332374 0.029700227081775665 1448
1724525333752 0.036558859050273895 1449
1724525335126 0.043603479862213135 1450
1724525336492 0.03256130963563919 1451
1724525337907 0.035693056881427765 1452
1724525339327 0.032657817006111145 1453
1724525340718 0.039452627301216125 1454
1724525341999 0.042214684188365936 1455
1724525343444 0.03554755449295044 1456
1724525344866 0.03331953287124634 1457
1724525346266 0.031098172068595886 1458
1724525347652 0.03691690415143967 1459
1724525349021 0.03273099660873413 1460
1724525350400 0.03602447733283043 1461
1724525351758 0.03930814936757088 1462
1724525353103 0.031132778152823448 1463
1724525354449 0.03841223940253258 1464
1724525355805 0.03246050700545311 1465
1724525357155 0.03433673456311226 1466
1724525358541 0.027696089819073677 1467
1724525359995 0.04646589979529381 1468
1724525361477 0.040566470474004745 1469
1724525362935 0.047327086329460144 1470
1724525364368 0.035067424178123474 1471
1724525365824 0.044921789318323135 1472
1724525367308 0.0393608883023262 1473
1724525368754 0.05551302433013916 1474
1724525370216 0.03451702743768692 1475
1724525371653 0.0350094735622406 1476
1724525373031 0.03432142361998558 1477
1724525374383 0.0378570482134819 1478
1724525375717 0.03697315603494644 1479
1724525377061 0.04644891992211342 1480
1724525378865 0.03678479418158531 1481
1724525380161 0.03813464939594269 1482
1724525381540 0.04017447307705879 1483
1724525382916 0.038515493273735046 1484
1724525384305 0.0371222123503685 1485
1724525385677 0.03853362798690796 1486
1724525386979 0.04187794402241707 1487
1724525388342 0.03631659597158432 1488
1724525389724 0.03981400281190872 1489
1724525391044 0.03999989107251167 1490
1724525392316 0.028982121497392654 1491
1724525393726 0.04930073022842407 1492
1724525395130 0.04042632132768631 1493
1724525396515 0.04483320191502571 1494
1724525397940 0.03921206295490265 1495
1724525399377 0.05628109723329544 1496
1724525400766 0.039730269461870193 1497
1724525402267 0.038749899715185165 1498
1724525403751 0.05730019509792328 1499
