1724523478613 0.04048672603604234 80
1724523585878 0.03827044926583767 160
1724523692460 0.035619774786755445 240
1724523799839 0.031323246215470134 320
1724523907363 0.031238700333051383 400
1724524015259 0.02994454661384225 480
1724524150248 0.028587008640170098 580
1724524258537 0.02941265278495848 660
1724524366630 0.028107442846521734 740
1724524474594 0.02814742100890726 820
1724524582562 0.027281947829760612 900
1724524690333 0.026936299516819417 980
1724524825699 0.029828229378908874 1080
1724524933964 0.04218477869872004 1160
1724525045192 0.03946102645713836 1240
1724525156861 0.03955650941934437 1320
1724525267056 0.03734614148270339 1400
1724525377679 0.03789149767253548 1480
