1723803969427 0.3498985767364502 0
1723803989662 0.37749114632606506 1
1723804009869 0.47354957461357117 2
1723804030058 0.41801825165748596 3
1723804050247 0.4624345600605011 4
1723804070175 0.3657037615776062 5
1723804090225 0.3757438361644745 6
1723804110308 0.33541980385780334 7
1723804130204 0.35760727524757385 8
1723804150409 0.38309958577156067 9
1723804170773 0.32541677355766296 10
1723804190966 0.2665199339389801 11
1723804210961 0.23588958382606506 12
1723804231418 0.22661817073822021 13
1723804251685 0.27788758277893066 14
1723804271926 0.2631685137748718 15
1723804292201 0.25189387798309326 16
1723804312333 0.2502245604991913 17
1723804332547 0.26526734232902527 18
1723804352689 0.23894183337688446 19
1723804372834 0.23132069408893585 20
1723804393067 0.251615434885025 21
1723804413287 0.20536069571971893 22
1723804433254 0.2309867888689041 23
1723804453510 0.24604646861553192 24
1723804473983 0.2600806951522827 25
1723804493937 0.23938900232315063 26
1723804514033 0.29104727506637573 27
1723804534220 0.21757754683494568 28
1723804554178 0.2639591097831726 29
1723804574522 0.2679997980594635 30
1723804594634 0.22781704366207123 31
1723804614857 0.22605343163013458 32
1723804635063 0.26321718096733093 33
1723804655436 0.2436518371105194 34
1723804675349 0.21961694955825806 35
1723804695369 0.2550639510154724 36
1723804715504 0.22872596979141235 37
1723804735509 0.2373882532119751 38
1723804755731 0.27037379145622253 39
1723804776010 0.25079184770584106 40
1723804796001 0.2778911888599396 41
1723804816203 0.2560877203941345 42
1723804836343 0.2527235746383667 43
1723804856348 0.2739557921886444 44
1723804876789 0.2455982267856598 45
1723804896803 0.2397194802761078 46
1723804916916 0.20980557799339294 47
1723804937187 0.2151040881872177 48
1723804957568 0.19155816733837128 49
1723804977675 0.22137247025966644 50
1723804997897 0.2518708407878876 51
1723805017864 0.2522202134132385 52
1723805038263 0.2512900233268738 53
1723805058506 0.21367155015468597 54
1723805078379 0.254783570766449 55
1723805098626 0.20885884761810303 56
1723805118703 0.2558249831199646 57
1723805138781 0.22189457714557648 58
1723805158952 0.2400718331336975 59
1723805178921 0.21203285455703735 60
1723805198954 0.2287067472934723 61
1723805219020 0.26653948426246643 62
1723805239239 0.2120833545923233 63
1723805259409 0.1975460648536682 64
1723805279603 0.28033673763275146 65
1723805299623 0.2363610863685608 66
1723805319850 0.2612481713294983 67
1723805339963 0.295609712600708 68
1723805360153 0.296381413936615 69
1723805380206 0.22911232709884644 70
1723805400328 0.2788097560405731 71
1723805420447 0.23761844635009766 72
1723805440335 0.22724665701389313 73
1723805460470 0.2575993239879608 74
1723805480793 0.249648317694664 75
1723805500968 0.24040451645851135 76
1723805521166 0.2843351364135742 77
1723805541288 0.24391378462314606 78
1723805561271 0.23528946936130524 79
1723805581593 0.22578704357147217 80
1723805601859 0.23584982752799988 81
1723805621750 0.19879509508609772 82
1723805642046 0.2380339801311493 83
1723805662084 0.23359143733978271 84
1723805681998 0.22131356596946716 85
1723805702017 0.19911076128482819 86
1723805721957 0.2626200318336487 87
1723805742168 0.2629401683807373 88
1723805762212 0.23164626955986023 89
1723805782565 0.2541385889053345 90
1723805802448 0.26106196641921997 91
1723805822618 0.21596698462963104 92
1723805842592 0.25916481018066406 93
1723805862942 0.2348799854516983 94
1723805883016 0.26874208450317383 95
1723805902939 0.2660331428050995 96
1723805923020 0.23964014649391174 97
1723805943134 0.23743554949760437 98
1723805963102 0.2534140646457672 99
1723805983191 0.17538554966449738 100
1723806003243 0.22146771848201752 101
1723806023584 0.2122722715139389 102
1723806043631 0.2341364026069641 103
1723806064682 0.2594897449016571 104
1723806084927 0.27335283160209656 105
1723806105200 0.2219500094652176 106
1723806125391 0.20592321455478668 107
1723806145447 0.22043727338314056 108
1723806165667 0.23617339134216309 109
1723806185915 0.2082694172859192 110
1723806206169 0.22540727257728577 111
1723806226292 0.2508159577846527 112
1723806246611 0.1829337477684021 113
1723806266601 0.20894011855125427 114
1723806286719 0.2840748131275177 115
1723806306968 0.27493879199028015 116
1723806327021 0.25059595704078674 117
1723806347337 0.22850120067596436 118
1723806367440 0.22950918972492218 119
1723806387524 0.2503592371940613 120
1723806407922 0.26652151346206665 121
1723806428175 0.27084997296333313 122
1723806448611 0.2085486203432083 123
1723806468843 0.25409039855003357 124
1723806489157 0.23214831948280334 125
1723806509182 0.22581890225410461 126
1723806529426 0.27454376220703125 127
1723806549694 0.21581396460533142 128
1723806569698 0.2604103088378906 129
1723806589893 0.2671360671520233 130
1723806610097 0.2306392341852188 131
1723806630186 0.24507594108581543 132
1723806650427 0.21813729405403137 133
1723806670544 0.2260551154613495 134
1723806690613 0.2050369381904602 135
1723806710727 0.23528309166431427 136
1723806731087 0.22395223379135132 137
1723806751510 0.2555420696735382 138
1723806771850 0.2156340777873993 139
1723806791848 0.20307689905166626 140
1723806811971 0.26398298144340515 141
1723806832164 0.23235569894313812 142
1723806852542 0.2629026770591736 143
1723806872693 0.23286888003349304 144
1723806892883 0.2325037270784378 145
1723806913263 0.2527897357940674 146
1723806933303 0.20856991410255432 147
1723806953440 0.24754056334495544 148
1723806973609 0.2558746635913849 149
1723806993726 0.2290308177471161 150
1723807013906 0.18535418808460236 151
1723807034131 0.2462919056415558 152
1723807054408 0.28226369619369507 153
1723807074583 0.247073695063591 154
1723807094634 0.22182947397232056 155
1723807114797 0.24612396955490112 156
1723807135118 0.22896787524223328 157
1723807155331 0.2753589153289795 158
1723807175596 0.21252968907356262 159
1723807195781 0.2638525068759918 160
1723807216489 0.24883420765399933 161
1723807236704 0.24010197818279266 162
1723807256835 0.23165667057037354 163
1723807277100 0.19862928986549377 164
1723807297282 0.23280999064445496 165
1723807317678 0.21803902089595795 166
1723807338018 0.23589162528514862 167
1723807358147 0.24044637382030487 168
1723807378194 0.23741188645362854 169
1723807398564 0.24100902676582336 170
1723807418516 0.23712649941444397 171
1723807438815 0.23004719614982605 172
1723807459337 0.237972691655159 173
1723807479346 0.23357455432415009 174
1723807499784 0.22329825162887573 175
1723807520408 0.2413358986377716 176
1723807540325 0.23892565071582794 177
1723807560253 0.23710067570209503 178
1723807580303 0.24572452902793884 179
1723807600237 0.25032302737236023 180
1723807620182 0.26929688453674316 181
1723807640293 0.2588755488395691 182
1723807660213 0.2344023734331131 183
1723807680263 0.22101449966430664 184
1723807700381 0.24590283632278442 185
1723807720817 0.2223082035779953 186
1723807740763 0.2580091059207916 187
1723807761002 0.20437325537204742 188
1723807780945 0.2107682079076767 189
1723807801371 0.30958834290504456 190
1723807821625 0.22020460665225983 191
1723807841581 0.22160738706588745 192
1723807862013 0.23795650899410248 193
1723807882192 0.23680293560028076 194
1723807902208 0.22925788164138794 195
1723807922558 0.2786894738674164 196
1723807942910 0.24971729516983032 197
1723807962983 0.2460428774356842 198
1723807983159 0.25978004932403564 199
1723808003309 0.22167430818080902 200
1723808023413 0.2292732447385788 201
1723808043486 0.2427590936422348 202
1723808063755 0.21898122131824493 203
1723808083687 0.23708796501159668 204
1723808103753 0.24284180998802185 205
1723808124005 0.1978221833705902 206
1723808144152 0.20645950734615326 207
1723808164393 0.22622951865196228 208
1723808184505 0.2764970660209656 209
1723808204691 0.2592763900756836 210
1723808224902 0.24832271039485931 211
1723808245317 0.2552582621574402 212
1723808265529 0.2692420780658722 213
1723808285903 0.2214900404214859 214
1723808306287 0.26433950662612915 215
1723808326335 0.2462131828069687 216
1723808346463 0.25107017159461975 217
1723808366629 0.22760948538780212 218
1723808386903 0.22875531017780304 219
1723808407227 0.22572192549705505 220
1723808427229 0.23753176629543304 221
1723808447762 0.21634948253631592 222
1723808468118 0.23148304224014282 223
1723808488250 0.2042166143655777 224
1723808508502 0.30269095301628113 225
1723808528775 0.20262546837329865 226
1723808548774 0.22060509026050568 227
1723808569002 0.23162125051021576 228
1723808589096 0.23882906138896942 229
1723808609190 0.2153862863779068 230
1723808629634 0.22288654744625092 231
1723808650124 0.19928942620754242 232
1723808670131 0.23596709966659546 233
1723808690247 0.19907867908477783 234
1723808710315 0.21434085071086884 235
1723808730377 0.23140832781791687 236
1723808750578 0.22524909675121307 237
1723808770642 0.20739975571632385 238
1723808790657 0.22262915968894958 239
1723808810886 0.24035051465034485 240
1723808831368 0.22867357730865479 241
1723808851449 0.21079827845096588 242
1723808871514 0.22078494727611542 243
1723808891835 0.26387345790863037 244
1723808911756 0.24051913619041443 245
1723808931955 0.27845561504364014 246
1723808952205 0.2745576500892639 247
1723808972225 0.23543033003807068 248
1723808992388 0.2418787181377411 249
1723809012475 0.1995386928319931 250
1723809032690 0.2374860644340515 251
1723809052879 0.26334863901138306 252
1723809073056 0.22969792783260345 253
1723809093436 0.2434638887643814 254
1723809113722 0.22911322116851807 255
1723809133767 0.24527078866958618 256
1723809153779 0.25574150681495667 257
1723809174206 0.238949254155159 258
1723809194206 0.24666845798492432 259
1723809214328 0.23031605780124664 260
1723809234604 0.2526053190231323 261
1723809254671 0.2517872750759125 262
1723809274747 0.2363889515399933 263
1723809294861 0.19377289712429047 264
1723809314892 0.2534908652305603 265
1723809335086 0.2495899200439453 266
1723809355239 0.23842784762382507 267
1723809375496 0.22536727786064148 268
1723809395499 0.2528402805328369 269
1723809415829 0.2588120996952057 270
1723809435819 0.20667830109596252 271
1723809456096 0.2378869205713272 272
1723809476278 0.24163216352462769 273
1723809496753 0.2622997760772705 274
1723809516910 0.21200469136238098 275
1723809537193 0.23166774213314056 276
1723809557544 0.23651936650276184 277
1723809577911 0.2163001000881195 278
1723809597912 0.22387287020683289 279
1723809617924 0.2321520447731018 280
1723809638306 0.23930057883262634 281
1723809658424 0.20456083118915558 282
1723809678650 0.23631250858306885 283
1723809698758 0.2832660377025604 284
1723809719045 0.2225116640329361 285
1723809739068 0.24401426315307617 286
1723809759206 0.2708774209022522 287
1723809779233 0.26852333545684814 288
1723809799456 0.25202369689941406 289
1723809819533 0.25112536549568176 290
1723809839566 0.2532508373260498 291
1723809859562 0.21614326536655426 292
1723809879910 0.2289537787437439 293
1723809899820 0.22764870524406433 294
1723809920169 0.2439490407705307 295
1723809940219 0.239351287484169 296
1723809960375 0.29627978801727295 297
1723809980673 0.23748202621936798 298
1723810001109 0.20834238827228546 299
1723810021570 0.248446524143219 300
1723810041673 0.25965777039527893 301
1723810062013 0.2492220252752304 302
1723810082180 0.27362436056137085 303
1723810102289 0.23813198506832123 304
1723810122469 0.22400124371051788 305
1723810142516 0.2527991831302643 306
1723810162956 0.2572823464870453 307
1723810183105 0.24452921748161316 308
1723810203154 0.21196655929088593 309
1723810223339 0.2988431453704834 310
1723810243486 0.220164954662323 311
1723810263467 0.21447865664958954 312
1723810283693 0.215237557888031 313
1723810304096 0.22082559764385223 314
1723810324157 0.24246931076049805 315
1723810344258 0.2180790901184082 316
1723810364527 0.20161449909210205 317
1723810384629 0.1984165906906128 318
1723810404848 0.2208317518234253 319
1723810424863 0.2300248146057129 320
1723810445444 0.21239930391311646 321
1723810465853 0.23492483794689178 322
1723810486118 0.24747009575366974 323
1723810506209 0.24310095608234406 324
1723810526396 0.2464544177055359 325
1723810546433 0.23971925675868988 326
1723810566676 0.21352432668209076 327
1723810587048 0.24063672125339508 328
1723810607077 0.24453754723072052 329
1723810627276 0.254302978515625 330
1723810647401 0.23093007504940033 331
1723810667577 0.2251633256673813 332
1723810687803 0.25804033875465393 333
1723810708246 0.22415831685066223 334
1723810728597 0.25888580083847046 335
1723810748998 0.25001591444015503 336
1723810768963 0.25165674090385437 337
1723810789312 0.2259756326675415 338
1723810809533 0.2547922432422638 339
1723810829783 0.21553711593151093 340
1723810849878 0.2446451634168625 341
1723810869961 0.23622974753379822 342
1723810889960 0.23963528871536255 343
1723810910138 0.2130541056394577 344
1723810930438 0.21936655044555664 345
1723810950421 0.19162125885486603 346
1723810970354 0.22486402094364166 347
1723810990595 0.2679597735404968 348
1723811010716 0.2673335373401642 349
1723811030700 0.17782138288021088 350
1723811051037 0.243718221783638 351
1723811071074 0.24855029582977295 352
1723811091194 0.26153016090393066 353
1723811111360 0.3032182455062866 354
1723811131388 0.21346943080425262 355
1723811151682 0.2034136950969696 356
1723811172251 0.2139613926410675 357
1723811192315 0.2879965603351593 358
1723811212653 0.24911925196647644 359
1723811232840 0.1836874932050705 360
1723811252974 0.24851804971694946 361
1723811273170 0.19185180962085724 362
1723811293264 0.24176284670829773 363
1723811313417 0.2067958265542984 364
1723811333668 0.25925254821777344 365
1723811353752 0.2034441977739334 366
1723811374066 0.2031119465827942 367
1723811394263 0.2857162058353424 368
1723811414641 0.24837450683116913 369
1723811434717 0.2276015281677246 370
1723811455099 0.28156471252441406 371
1723811475422 0.23685023188591003 372
1723811495569 0.22759166359901428 373
1723811515706 0.23930813372135162 374
1723811535873 0.24860043823719025 375
1723811556024 0.23868611454963684 376
1723811576324 0.24525494873523712 377
1723811596577 0.24133682250976562 378
1723811616631 0.25225603580474854 379
1723811636738 0.24130406975746155 380
1723811657095 0.22567684948444366 381
1723811677149 0.23531053960323334 382
1723811697350 0.1877128630876541 383
1723811717315 0.22394664585590363 384
1723811737380 0.21361932158470154 385
1723811757497 0.2414695769548416 386
1723811777739 0.21651320159435272 387
1723811797938 0.2076398879289627 388
1723811818199 0.2951276898384094 389
1723811838415 0.2563856244087219 390
1723811858471 0.2455209642648697 391
1723811878755 0.21069619059562683 392
1723811898865 0.23816753923892975 393
1723811919265 0.23341712355613708 394
1723811939400 0.23422423005104065 395
1723811959785 0.22567430138587952 396
1723811979979 0.19040757417678833 397
1723812000300 0.2244659662246704 398
1723812020442 0.23446309566497803 399
1723812040724 0.27071791887283325 400
1723812061407 0.231136292219162 401
1723812081587 0.2320813089609146 402
1723812101939 0.22301748394966125 403
1723812122011 0.2241770625114441 404
1723812142126 0.2162800133228302 405
1723812162316 0.2534678280353546 406
1723812182576 0.245738223195076 407
1723812202817 0.20031239092350006 408
1723812223174 0.21802213788032532 409
1723812243368 0.21514412760734558 410
1723812264001 0.23909920454025269 411
1723812284342 0.2781127393245697 412
1723812304398 0.2391158491373062 413
1723812324636 0.23625017702579498 414
1723812344925 0.22826692461967468 415
1723812364970 0.27334848046302795 416
1723812385210 0.26042789220809937 417
1723812405280 0.2541659474372864 418
1723812425640 0.22199563682079315 419
1723812445693 0.193443164229393 420
1723812466160 0.25219395756721497 421
1723812486204 0.24456757307052612 422
1723812506243 0.23551303148269653 423
1723812526473 0.25931310653686523 424
1723812546619 0.24263209104537964 425
1723812566926 0.25563478469848633 426
1723812587007 0.24157465994358063 427
1723812607050 0.2458651065826416 428
1723812627126 0.26718831062316895 429
1723812647408 0.22074830532073975 430
1723812667623 0.24458260834217072 431
1723812687807 0.2322520613670349 432
1723812707820 0.2565567195415497 433
1723812727875 0.2274605631828308 434
1723812748043 0.18107882142066956 435
1723812768255 0.2429441660642624 436
1723812788359 0.22072914242744446 437
1723812808528 0.23440983891487122 438
1723812828629 0.23198552429676056 439
1723812848795 0.2341311275959015 440
1723812869081 0.22079113125801086 441
1723812889310 0.1884280890226364 442
1723812909307 0.28289124369621277 443
1723812929669 0.24204832315444946 444
1723812949733 0.22619912028312683 445
1723812970262 0.2416449785232544 446
1723812990416 0.254285603761673 447
1723813010752 0.22989363968372345 448
1723813030943 0.2712329030036926 449
1723813051400 0.2820110619068146 450
1723813071660 0.21914219856262207 451
1723813091693 0.24957211315631866 452
1723813111917 0.2070234715938568 453
1723813131980 0.2514822483062744 454
1723813152414 0.23038813471794128 455
1723813172445 0.2571461796760559 456
1723813192820 0.2091025710105896 457
1723813213142 0.20946478843688965 458
1723813233314 0.23419079184532166 459
1723813253546 0.2467225044965744 460
1723813273700 0.23796430230140686 461
1723813293780 0.2330099642276764 462
1723813313983 0.2535474896430969 463
1723813334354 0.23874792456626892 464
1723813354873 0.24141176044940948 465
1723813375030 0.2697748839855194 466
1723813395257 0.24812398850917816 467
1723813415439 0.2203173041343689 468
1723813435783 0.2020215392112732 469
1723813456004 0.2617079019546509 470
1723813476012 0.20842662453651428 471
1723813496323 0.231374129652977 472
1723813516614 0.2501290440559387 473
1723813536698 0.2219083458185196 474
1723813556975 0.241939514875412 475
1723813577279 0.24014568328857422 476
1723813597556 0.2890975773334503 477
1723813617676 0.2311447113752365 478
1723813638082 0.231360524892807 479
1723813658379 0.21237820386886597 480
1723813678716 0.23985016345977783 481
1723813699202 0.2586866319179535 482
1723813719167 0.23867541551589966 483
1723813739525 0.25568079948425293 484
1723813759902 0.254680871963501 485
1723813779990 0.26672348380088806 486
1723813800310 0.23924075067043304 487
1723813820337 0.22195526957511902 488
1723813840575 0.22796708345413208 489
1723813860810 0.23897595703601837 490
1723813880768 0.26346588134765625 491
1723813900816 0.220866858959198 492
1723813921368 0.2529178857803345 493
1723813941678 0.2521778345108032 494
1723813962279 0.24934270977973938 495
1723813982564 0.2097402811050415 496
1723814002675 0.22953122854232788 497
1723814022799 0.20503652095794678 498
1723814042936 0.2491767853498459 499
