1724529883510 0.08154445886611938 0
1724529885012 0.10587544739246368 1
1724529886623 0.09681948274374008 2
1724529888256 0.06603333353996277 3
1724529889828 0.07884775102138519 4
1724529891362 0.07451514899730682 5
1724529892865 0.09009147435426712 6
1724529894352 0.06651250272989273 7
1724529895779 0.06731405109167099 8
1724529897234 0.09639254957437515 9
1724529898742 0.0675603598356247 10
1724529900315 0.07145969569683075 11
1724529901900 0.054971061646938324 12
1724529903434 0.07501203566789627 13
1724529904953 0.07546164840459824 14
1724529906491 0.061008550226688385 15
1724529908046 0.0746317133307457 16
1724529909545 0.0755983293056488 17
1724529911047 0.07135701179504395 18
1724529912500 0.06552483886480331 19
1724529913972 0.07880726456642151 20
1724529915485 0.08012080192565918 21
1724529917032 0.07167068123817444 22
1724529918443 0.08697667717933655 23
1724529920043 0.08779027312994003 24
1724529921592 0.0685453936457634 25
1724529923179 0.0724635124206543 26
1724529924791 0.0641002431511879 27
1724529926382 0.05785666033625603 28
1724529927903 0.06497671455144882 29
1724529929367 0.061423804610967636 30
1724529930798 0.07090464979410172 31
1724529932178 0.07200369238853455 32
1724529933658 0.07141678035259247 33
1724529935127 0.05923174321651459 34
1724529936677 0.06558334827423096 35
1724529938177 0.08269412070512772 36
1724529939790 0.08047957718372345 37
1724529941351 0.0803997740149498 38
1724529942888 0.06909257173538208 39
1724529944438 0.07785842567682266 40
1724529945924 0.060177311301231384 41
1724529947372 0.05269559100270271 42
1724529948952 0.06514561921358109 43
1724529950440 0.06860092282295227 44
1724529951899 0.06367634236812592 45
1724529953358 0.060229141265153885 46
1724529954808 0.075227290391922 47
1724529956307 0.07623599469661713 48
1724529957857 0.07088669389486313 49
1724529959376 0.06710672378540039 50
1724529960883 0.05613140016794205 51
1724529962455 0.07192829996347427 52
1724529963998 0.06859251111745834 53
1724529965524 0.06226649135351181 54
1724529967077 0.08662057667970657 55
1724529968563 0.05643944442272186 56
1724529969996 0.06159196421504021 57
1724529971407 0.06436102092266083 58
1724529972829 0.06522531807422638 59
1724529974295 0.05361182242631912 60
1724529975801 0.05743693187832832 61
1724529977282 0.06214464083313942 62
1724529978721 0.06638125330209732 63
1724529980129 0.06687476485967636 64
1724529981532 0.06390587985515594 65
1724529983000 0.0757547914981842 66
1724529984458 0.06733043491840363 67
1724529985879 0.051148224622011185 68
1724529987284 0.058569736778736115 69
1724529988713 0.058623120188713074 70
1724529990117 0.053003985434770584 71
1724529991525 0.07076352089643478 72
1724529992940 0.05498997122049332 73
1724529994333 0.07631644606590271 74
1724529995737 0.06619240343570709 75
1724529997155 0.07237046211957932 76
1724529998612 0.059618160128593445 77
1724530000104 0.06796055287122726 78
1724530001580 0.06767959892749786 79
1724530003060 0.05067425221204758 80
1724530005664 0.06617214530706406 81
1724530006920 0.09602817893028259 82
1724530008307 0.07579955458641052 83
1724530009853 0.05835346505045891 84
1724530011485 0.06802935898303986 85
1724530013038 0.07396857440471649 86
1724530014532 0.06798305362462997 87
1724530015998 0.060014303773641586 88
1724530017453 0.060401178896427155 89
1724530018972 0.06482930481433868 90
1724530020441 0.08040669560432434 91
1724530022011 0.07320190966129303 92
1724530023521 0.0746777355670929 93
1724530025005 0.08110883086919785 94
1724530026518 0.07393036782741547 95
1724530028092 0.061115119606256485 96
1724530029564 0.08548254519701004 97
1724530031114 0.06298813968896866 98
1724530032721 0.0647730827331543 99
1724530034199 0.07284101098775864 100
1724530035732 0.0660315752029419 101
1724530037202 0.07571163028478622 102
1724530038652 0.06854524463415146 103
1724530040077 0.08737469464540482 104
1724530041633 0.05807905271649361 105
1724530043192 0.0640580952167511 106
1724530044745 0.054306142032146454 107
1724530046306 0.07954057306051254 108
1724530047994 0.06404703855514526 109
1724530049559 0.06900094449520111 110
1724530051197 0.07708702236413956 111
1724530052804 0.08170109987258911 112
1724530054429 0.05148015171289444 113
1724530056045 0.05884134769439697 114
1724530057540 0.09412389993667603 115
1724530059117 0.07108833640813828 116
1724530060624 0.06460877507925034 117
1724530062129 0.07343702763319016 118
1724530063637 0.07315652072429657 119
1724530065136 0.0720779150724411 120
1724530066628 0.07276960462331772 121
1724530068092 0.08008819073438644 122
1724530069503 0.07660423219203949 123
1724530071010 0.08244737237691879 124
1724530072532 0.07063542306423187 125
1724530074090 0.06300477683544159 126
1724530075630 0.0808354988694191 127
1724530077121 0.0663733184337616 128
1724530078612 0.058277688920497894 129
1724530080127 0.05881888419389725 130
1724530081621 0.05266888439655304 131
1724530083098 0.06977732479572296 132
1724530084630 0.0745830312371254 133
1724530086151 0.056081343442201614 134
1724530087705 0.0675964504480362 135
1724530089224 0.06987374275922775 136
1724530090701 0.0679144635796547 137
1724530092187 0.05683059245347977 138
1724530093688 0.05860943719744682 139
1724530095173 0.06735191494226456 140
1724530096648 0.0720272958278656 141
1724530098136 0.07239340990781784 142
1724530099692 0.07533418387174606 143
1724530101269 0.05824686586856842 144
1724530102828 0.0665915384888649 145
1724530104322 0.05043899267911911 146
1724530105797 0.0648927390575409 147
1724530107286 0.07412075996398926 148
1724530108917 0.07644864916801453 149
1724530110566 0.07314888387918472 150
1724530112170 0.06921205669641495 151
1724530113739 0.05533837527036667 152
1724530115202 0.07732351124286652 153
1724530116750 0.07398401200771332 154
1724530118292 0.07964153587818146 155
1724530119843 0.07791705429553986 156
1724530121426 0.06666325777769089 157
1724530123053 0.07853744179010391 158
1724530124725 0.060542985796928406 159
1724530126250 0.09620217978954315 160
1724530128925 0.0504600927233696 161
1724530130209 0.0675920620560646 162
1724530131695 0.07487432658672333 163
1724530133318 0.07325177639722824 164
1724530134982 0.05637657269835472 165
1724530136561 0.08706836402416229 166
1724530138058 0.06192876026034355 167
1724530139526 0.06380824744701385 168
1724530140957 0.07720384746789932 169
1724530142370 0.061513788998126984 170
1724530143775 0.06829819828271866 171
1724530145173 0.07455494999885559 172
1724530146582 0.05125013738870621 173
1724530148013 0.06723685562610626 174
1724530149431 0.06971397250890732 175
1724530150897 0.08319546282291412 176
1724530152280 0.05973789840936661 177
1724530153806 0.07962796092033386 178
1724530155332 0.06612197309732437 179
1724530156845 0.07125762850046158 180
1724530158364 0.06570068746805191 181
1724530159868 0.07622486352920532 182
1724530161309 0.06957101076841354 183
1724530162786 0.07521756738424301 184
1724530164308 0.05876421928405762 185
1724530165832 0.08785625547170639 186
1724530167334 0.058911487460136414 187
1724530168820 0.05596841126680374 188
1724530170273 0.07360711693763733 189
1724530171663 0.0883496031165123 190
1724530173121 0.07059463858604431 191
1724530174596 0.0874863788485527 192
1724530176072 0.07101041078567505 193
1724530177603 0.06872667372226715 194
1724530179080 0.05313323810696602 195
1724530180555 0.07266552001237869 196
1724530181993 0.05731678381562233 197
1724530183443 0.04912255331873894 198
1724530184894 0.08358130604028702 199
1724530186377 0.07170972973108292 200
1724530187849 0.0594898946583271 201
1724530189325 0.06365913897752762 202
1724530190793 0.06417495757341385 203
1724530192284 0.05814560502767563 204
1724530193772 0.10012990981340408 205
1724530195247 0.05527116358280182 206
1724530196734 0.07563858479261398 207
1724530198210 0.0675293430685997 208
1724530199702 0.06490722298622131 209
1724530201148 0.07051081955432892 210
1724530202572 0.05955378711223602 211
1724530203991 0.06457873433828354 212
1724530205421 0.06395801156759262 213
1724530206860 0.06483709067106247 214
1724530208327 0.05439490079879761 215
1724530209774 0.06859182566404343 216
1724530211266 0.0727044939994812 217
1724530212748 0.0728692039847374 218
1724530214181 0.06076641380786896 219
1724530215745 0.04948566481471062 220
1724530217188 0.07724329829216003 221
1724530218726 0.06760187447071075 222
1724530220230 0.07855912297964096 223
1724530221726 0.08171246945858002 224
1724530223221 0.0644717812538147 225
1724530224710 0.0651845633983612 226
1724530226079 0.07340878248214722 227
1724530227600 0.07333941012620926 228
1724530229159 0.07887112349271774 229
1724530230677 0.06656660884618759 230
1724530232186 0.06401272118091583 231
1724530233641 0.06147173419594765 232
1724530235079 0.055557817220687866 233
1724530236560 0.05788855627179146 234
1724530238005 0.07549646496772766 235
1724530239443 0.07179231196641922 236
1724530240903 0.06822740286588669 237
1724530242392 0.05793631076812744 238
1724530243852 0.07633563131093979 239
1724530245337 0.061173975467681885 240
1724530247994 0.08159634470939636 241
1724530249258 0.06889709830284119 242
1724530250681 0.09380262345075607 243
1724530252233 0.05631839483976364 244
1724530253706 0.055421680212020874 245
1724530255268 0.08345190435647964 246
1724530256769 0.05820474028587341 247
1724530258284 0.05344821512699127 248
1724530259814 0.08231992274522781 249
1724530261362 0.06336099654436111 250
1724530262875 0.07277452200651169 251
1724530264436 0.06823220103979111 252
1724530265992 0.08893050253391266 253
1724530267527 0.057225681841373444 254
1724530269045 0.08599351346492767 255
1724530270542 0.0624975748360157 256
1724530272031 0.06963874399662018 257
1724530273515 0.061776768416166306 258
1724530274955 0.06850005686283112 259
1724530276373 0.06522370874881744 260
1724530277777 0.05489474534988403 261
1724530279176 0.07289677858352661 262
1724530280571 0.06779252737760544 263
1724530282012 0.05901345610618591 264
1724530283430 0.07502713799476624 265
1724530284900 0.0655289813876152 266
1724530286340 0.060574039816856384 267
1724530287786 0.06971348822116852 268
1724530289229 0.06686341762542725 269
1724530290702 0.0690443366765976 270
1724530292177 0.05899657681584358 271
1724530293658 0.06527082622051239 272
1724530295137 0.07123830169439316 273
1724530296604 0.08691505342721939 274
1724530297921 0.07068950682878494 275
1724530299363 0.07299119234085083 276
1724530300822 0.06094034016132355 277
1724530302223 0.06536459922790527 278
1724530303895 0.06798647344112396 279
1724530305540 0.06467746198177338 280
1724530307128 0.056010350584983826 281
1724530308657 0.060863371938467026 282
1724530310132 0.08099953085184097 283
1724530311571 0.060222018510103226 284
1724530313006 0.05206875875592232 285
1724530314436 0.0603100024163723 286
1724530315884 0.0653664767742157 287
1724530317319 0.0666399598121643 288
1724530318720 0.04902317374944687 289
1724530320126 0.06604284048080444 290
1724530321529 0.07044840604066849 291
1724530322948 0.07587995380163193 292
1724530324391 0.05980833247303963 293
1724530325848 0.04771210253238678 294
1724530327319 0.06303053349256516 295
1724530328789 0.05267395079135895 296
1724530330228 0.05252273753285408 297
1724530331676 0.06077022850513458 298
1724530333112 0.06453865021467209 299
1724530334528 0.07742761075496674 300
1724530335972 0.062184520065784454 301
1724530337420 0.09889248758554459 302
1724530338874 0.076554074883461 303
1724530340323 0.07176344841718674 304
1724530341808 0.057489119470119476 305
1724530343333 0.07486255466938019 306
1724530344788 0.08252386748790741 307
1724530346213 0.061331890523433685 308
1724530347619 0.06915595382452011 309
1724530349043 0.06605467200279236 310
1724530350570 0.07112355530261993 311
1724530352166 0.04883694648742676 312
1724530353686 0.0617910660803318 313
1724530355166 0.07239148765802383 314
1724530356637 0.056253984570503235 315
1724530358120 0.06259705126285553 316
1724530359597 0.05795346945524216 317
1724530361075 0.06634753942489624 318
1724530362524 0.07182817906141281 319
1724530363995 0.07305999845266342 320
1724530366671 0.07310202717781067 321
1724530367971 0.05479653179645538 322
1724530369456 0.06903687119483948 323
1724530370954 0.06840432435274124 324
1724530372522 0.06662781536579132 325
1724530373996 0.06628801673650742 326
1724530375414 0.06538151204586029 327
1724530376810 0.06752781569957733 328
1724530378238 0.0835651159286499 329
1724530379748 0.06567822396755219 330
1724530381440 0.07707490026950836 331
1724530383013 0.05304470285773277 332
1724530384517 0.05220504105091095 333
1724530386016 0.06983689963817596 334
1724530387409 0.07353470474481583 335
1724530388894 0.05954346805810928 336
1724530390352 0.05748122185468674 337
1724530391748 0.07055474817752838 338
1724530393259 0.06753556430339813 339
1724530394736 0.06702003628015518 340
1724530396227 0.07030967622995377 341
1724530397688 0.05917772650718689 342
1724530399125 0.07020144164562225 343
1724530400561 0.05421937257051468 344
1724530402018 0.0765005573630333 345
1724530403480 0.057158440351486206 346
1724530404915 0.06663806736469269 347
1724530406422 0.0768454521894455 348
1724530407925 0.08645163476467133 349
1724530409414 0.06348583847284317 350
1724530410851 0.06643117964267731 351
1724530412293 0.054480649530887604 352
1724530413704 0.07698947191238403 353
1724530415109 0.08229446411132812 354
1724530416547 0.06275778263807297 355
1724530418011 0.07294934242963791 356
1724530419470 0.06130561605095863 357
1724530420889 0.061112869530916214 358
1724530422294 0.07189718633890152 359
1724530423728 0.06490528583526611 360
1724530425165 0.07763542234897614 361
1724530426593 0.08896992355585098 362
1724530428015 0.04859619960188866 363
1724530429432 0.07079000025987625 364
1724530430860 0.058321110904216766 365
1724530432329 0.0675354152917862 366
1724530433778 0.06650897115468979 367
1724530435202 0.08539171516895294 368
1724530436621 0.06726334989070892 369
1724530438033 0.07459583133459091 370
1724530439463 0.06953401863574982 371
1724530440905 0.06227470934391022 372
1724530442311 0.07176940143108368 373
1724530443731 0.06755568087100983 374
1724530445165 0.08544144034385681 375
1724530446622 0.06892428547143936 376
1724530448089 0.06641385704278946 377
1724530449527 0.06976368278265 378
1724530450962 0.07324949651956558 379
1724530452392 0.0712953731417656 380
1724530453814 0.04962828382849693 381
1724530455259 0.0760895237326622 382
1724530456712 0.0679844543337822 383
1724530458137 0.059661392122507095 384
1724530459552 0.07939436286687851 385
1724530460954 0.07040456682443619 386
1724530462364 0.05675841495394707 387
1724530463789 0.06899458169937134 388
1724530465245 0.05817323923110962 389
1724530466709 0.05319613963365555 390
1724530468139 0.07617854326963425 391
1724530469588 0.0713479220867157 392
1724530471045 0.06310582906007767 393
1724530472515 0.07002101838588715 394
1724530473981 0.05978892371058464 395
1724530475445 0.06248841434717178 396
1724530476938 0.05892515555024147 397
1724530478388 0.06276445835828781 398
1724530479808 0.06251532584428787 399
1724530481223 0.06645450741052628 400
1724530483695 0.06284178048372269 401
1724530484942 0.0629933550953865 402
1724530486287 0.05447499826550484 403
1724530487719 0.057822421193122864 404
1724530489157 0.06767956912517548 405
1724530490560 0.05806399881839752 406
1724530491983 0.061747219413518906 407
1724530493402 0.06057744100689888 408
1724530494801 0.07196474075317383 409
1724530496200 0.08136951178312302 410
1724530497583 0.0569920614361763 411
1724530498968 0.06883837282657623 412
1724530500354 0.06856513768434525 413
1724530501737 0.06376560032367706 414
1724530503149 0.05765790119767189 415
1724530504571 0.0834256112575531 416
1724530505987 0.07470809668302536 417
1724530507433 0.06598827242851257 418
1724530508860 0.08986976742744446 419
1724530510270 0.06614738702774048 420
1724530511695 0.07362709939479828 421
1724530513119 0.06348142772912979 422
1724530514521 0.057377371937036514 423
1724530515941 0.051084667444229126 424
1724530517359 0.05928408354520798 425
1724530518788 0.059385012835264206 426
1724530520214 0.06148655712604523 427
1724530521642 0.0479184128344059 428
1724530523092 0.07263430207967758 429
1724530524511 0.07248920202255249 430
1724530525950 0.06586180627346039 431
1724530527397 0.06659352034330368 432
1724530528850 0.0630510002374649 433
1724530530307 0.06238676980137825 434
1724530531790 0.05531255900859833 435
1724530533237 0.05840681865811348 436
1724530534674 0.058695465326309204 437
1724530536128 0.0512920506298542 438
1724530537599 0.07290907949209213 439
1724530539062 0.06712766736745834 440
1724530540356 0.0636574774980545 441
1724530541715 0.07418027520179749 442
1724530543249 0.06924645602703094 443
1724530544762 0.07516366988420486 444
1724530546256 0.06809152662754059 445
1724530547675 0.05701912194490433 446
1724530549075 0.05781212076544762 447
1724530550453 0.06555081903934479 448
1724530551833 0.06016292795538902 449
1724530553224 0.0699576586484909 450
1724530554618 0.07986906170845032 451
1724530556003 0.06078795716166496 452
1724530557392 0.06505262106657028 453
1724530558767 0.07012193650007248 454
1724530560167 0.06219093129038811 455
1724530561465 0.07365608960390091 456
1724530562910 0.05156373232603073 457
1724530564285 0.05426677688956261 458
1724530565752 0.07397270947694778 459
1724530567216 0.06595934927463531 460
1724530568629 0.07706736028194427 461
1724530570055 0.05751475691795349 462
1724530571482 0.06963104009628296 463
1724530572893 0.07278119772672653 464
1724530574292 0.06013417989015579 465
1724530575699 0.07493000477552414 466
1724530577089 0.06999969482421875 467
1724530578494 0.0848817527294159 468
1724530579883 0.06772235780954361 469
1724530581285 0.0692511796951294 470
1724530582742 0.07551416754722595 471
1724530584178 0.08357686549425125 472
1724530585621 0.06411461532115936 473
1724530587027 0.06191687658429146 474
1724530588427 0.08381137251853943 475
1724530589830 0.07315859943628311 476
1724530591252 0.08198811113834381 477
1724530592670 0.0667698010802269 478
1724530594086 0.06780945509672165 479
1724530595490 0.06829773634672165 480
1724530597881 0.06287107616662979 481
1724530599116 0.05955912172794342 482
1724530600446 0.06226553022861481 483
1724530601838 0.06736874580383301 484
1724530603251 0.05336127057671547 485
1724530604649 0.04977373778820038 486
1724530606032 0.05328415334224701 487
1724530607433 0.08726825565099716 488
1724530608841 0.07845549285411835 489
1724530610250 0.056298576295375824 490
1724530611669 0.0737411379814148 491
1724530613179 0.07141319662332535 492
1724530614630 0.07349860668182373 493
1724530616045 0.04880364611744881 494
1724530617449 0.06093751639127731 495
1724530618896 0.0642235279083252 496
1724530620325 0.060168661177158356 497
1724530621715 0.08004549145698547 498
1724530623106 0.08007019013166428 499
1724530624475 0.0522749163210392 500
1724530625855 0.06096718832850456 501
1724530627314 0.056383971124887466 502
1724530628876 0.06579675525426865 503
1724530630426 0.07097122073173523 504
1724530631975 0.07035615295171738 505
1724530633541 0.056191034615039825 506
1724530635084 0.07282596826553345 507
1724530636648 0.07105810940265656 508
1724530638065 0.06288740038871765 509
1724530639618 0.08353210240602493 510
1724530641290 0.06295721977949142 511
1724530642981 0.06001884490251541 512
1724530644642 0.06414283812046051 513
1724530646283 0.07571135461330414 514
1724530647770 0.066553495824337 515
1724530649217 0.04405009746551514 516
1724530650658 0.05883566662669182 517
1724530652139 0.08722004294395447 518
1724530653646 0.07358907163143158 519
1724530655086 0.0654764249920845 520
1724530656498 0.06253272294998169 521
1724530657890 0.06813134998083115 522
1724530659151 0.052506882697343826 523
1724530660471 0.08012120425701141 524
1724530661962 0.05108625814318657 525
1724530663418 0.06791415810585022 526
1724530664774 0.05998080596327782 527
1724530666352 0.08412337303161621 528
1724530668012 0.0689440593123436 529
1724530669724 0.07365681976079941 530
1724530671309 0.07659879326820374 531
1724530672935 0.061404820531606674 532
1724530674428 0.06950417906045914 533
1724530675991 0.06292051821947098 534
1724530677585 0.06463291496038437 535
1724530679151 0.06424953043460846 536
1724530680848 0.054748814553022385 537
1724530682280 0.0595659539103508 538
1724530683657 0.063296377658844 539
1724530685143 0.06447353959083557 540
1724530686470 0.07169152051210403 541
1724530687995 0.07605796307325363 542
1724530689510 0.06839051842689514 543
1724530691229 0.06294561177492142 544
1724530692713 0.07721886783838272 545
1724530694170 0.06000442057847977 546
1724530695605 0.07650015503168106 547
1724530697007 0.06618352979421616 548
1724530698397 0.07094188779592514 549
1724530699788 0.06072334572672844 550
1724530701174 0.07273625582456589 551
1724530702487 0.05732733756303787 552
1724530703930 0.07015819847583771 553
1724530705362 0.07560570538043976 554
1724530706807 0.05854039266705513 555
1724530708284 0.060852400958538055 556
1724530709719 0.05715277045965195 557
1724530711114 0.07436499744653702 558
1724530712529 0.051588572561740875 559
1724530713987 0.07578518986701965 560
1724530715444 0.08360288292169571 561
1724530716914 0.07360594719648361 562
1724530718319 0.07343509793281555 563
1724530719863 0.06545298546552658 564
1724530721372 0.06650996953248978 565
1724530722845 0.06001800298690796 566
1724530724278 0.05884893983602524 567
1724530725671 0.05375506728887558 568
1724530727075 0.05917564779520035 569
1724530728476 0.08350524306297302 570
1724530729866 0.05540984123945236 571
1724530731259 0.06511279940605164 572
1724530732694 0.060323748737573624 573
1724530734049 0.05923480913043022 574
1724530735507 0.07861004024744034 575
1724530736916 0.06204330548644066 576
1724530738320 0.07671141624450684 577
1724530739728 0.07587485015392303 578
1724530741129 0.08172304928302765 579
1724530742534 0.06500223278999329 580
1724530744979 0.0685337707400322 581
1724530746213 0.06849180907011032 582
1724530747579 0.07154620438814163 583
1724530749039 0.1007540300488472 584
1724530750515 0.0765330046415329 585
1724530751944 0.05403289198875427 586
1724530753355 0.06954529136419296 587
1724530754790 0.06110847368836403 588
1724530756203 0.06058558449149132 589
1724530757613 0.05873104929924011 590
1724530759000 0.0686509981751442 591
1724530760369 0.060407284647226334 592
1724530761795 0.06483148783445358 593
1724530763237 0.07488073408603668 594
1724530764708 0.06434664130210876 595
1724530766149 0.06808006763458252 596
1724530767629 0.0780150294303894 597
1724530769132 0.06571361422538757 598
1724530770628 0.056065768003463745 599
1724530772095 0.054797954857349396 600
1724530773496 0.061978090554475784 601
1724530775067 0.0709373876452446 602
1724530776498 0.06308495998382568 603
1724530777968 0.05874258279800415 604
1724530779378 0.06710344552993774 605
1724530780773 0.05328143388032913 606
1724530782172 0.05715768039226532 607
1724530783576 0.05232027545571327 608
1724530785010 0.07358668744564056 609
1724530786434 0.08781257271766663 610
1724530787837 0.05994065850973129 611
1724530789149 0.06088988482952118 612
1724530790581 0.07604173570871353 613
1724530791976 0.058419786393642426 614
1724530793398 0.0638667568564415 615
1724530794823 0.07686585187911987 616
1724530796120 0.06985209882259369 617
1724530797567 0.07469308376312256 618
1724530798986 0.05916104465723038 619
1724530800382 0.06434756517410278 620
1724530801764 0.07718469947576523 621
1724530803156 0.07356388121843338 622
1724530804544 0.0647820457816124 623
1724530805942 0.078032948076725 624
1724530807337 0.07587337493896484 625
1724530808746 0.06142701581120491 626
1724530810052 0.06934414803981781 627
1724530811523 0.05430580675601959 628
1724530813018 0.061621397733688354 629
1724530814477 0.0701981708407402 630
1724530815924 0.06766699254512787 631
1724530817293 0.07878496497869492 632
1724530818766 0.055385250598192215 633
1724530820211 0.0674530416727066 634
1724530821664 0.06688538193702698 635
1724530823153 0.062300119549036026 636
1724530824621 0.0887950211763382 637
1724530826112 0.06221923604607582 638
1724530827472 0.064083993434906 639
1724530828963 0.06744509935379028 640
1724530830384 0.07376893609762192 641
1724530831783 0.06297539174556732 642
1724530833181 0.06185219809412956 643
1724530834573 0.05136026442050934 644
1724530835956 0.0874176025390625 645
1724530837346 0.0684656873345375 646
1724530838731 0.05652213469147682 647
1724530840119 0.049656618386507034 648
1724530841508 0.0644913837313652 649
1724530842921 0.07178797572851181 650
1724530844358 0.06350996345281601 651
1724530845833 0.06357499957084656 652
1724530847332 0.06965824961662292 653
1724530848854 0.061423249542713165 654
1724530850351 0.05921853333711624 655
1724530851836 0.06871853023767471 656
1724530853296 0.06497839838266373 657
1724530854729 0.06135815009474754 658
1724530856133 0.061228420585393906 659
1724530857551 0.08321994543075562 660
1724530859941 0.0585860013961792 661
1724530861171 0.06613525748252869 662
1724530862545 0.06277445703744888 663
1724530863982 0.05837111920118332 664
1724530865463 0.06917031109333038 665
1724530866922 0.08215805888175964 666
1724530868387 0.0804072842001915 667
1724530869852 0.054905932396650314 668
1724530871322 0.06110665202140808 669
1724530872859 0.07442270964384079 670
1724530874326 0.061809688806533813 671
1724530875727 0.057715028524398804 672
1724530877114 0.06878919154405594 673
1724530878495 0.059040617197752 674
1724530879880 0.06676836311817169 675
1724530881254 0.07116153836250305 676
1724530882659 0.0733441486954689 677
1724530884064 0.06627830862998962 678
1724530885472 0.06039950251579285 679
1724530886858 0.06139875203371048 680
1724530888279 0.06474660336971283 681
1724530889685 0.06756648421287537 682
1724530891099 0.07506246864795685 683
1724530892496 0.06259125471115112 684
1724530893956 0.0607781708240509 685
1724530895403 0.0672062411904335 686
1724530896756 0.05529119446873665 687
1724530898196 0.06954990327358246 688
1724530899624 0.07831835001707077 689
1724530901057 0.06275034695863724 690
1724530902533 0.07178542762994766 691
1724530904082 0.06608496606349945 692
1724530905656 0.05775211378931999 693
1724530907183 0.06582759320735931 694
1724530908675 0.06763605028390884 695
1724530910030 0.06318783760070801 696
1724530911507 0.07992863655090332 697
1724530912952 0.06938212364912033 698
1724530914358 0.056478675454854965 699
1724530915762 0.06295955181121826 700
1724530917165 0.0733071118593216 701
1724530918606 0.05271483212709427 702
1724530920076 0.0733320564031601 703
1724530921540 0.06635565310716629 704
1724530922963 0.05172375217080116 705
1724530924427 0.06105450540781021 706
1724530925971 0.06294672191143036 707
1724530927602 0.05715257674455643 708
1724530929223 0.06538804620504379 709
1724530930756 0.05626537650823593 710
1724530932241 0.06174270808696747 711
1724530933600 0.0709281861782074 712
1724530935137 0.07252112776041031 713
1724530936658 0.05263776332139969 714
1724530938163 0.06545659899711609 715
1724530939694 0.07471080869436264 716
1724530941095 0.06015629693865776 717
1724530942601 0.06834513694047928 718
1724530944088 0.07392393052577972 719
1724530945626 0.06153683736920357 720
1724530947178 0.07240541279315948 721
1724530948698 0.0799713283777237 722
1724530950147 0.06442205607891083 723
1724530951570 0.0643872618675232 724
1724530952985 0.07592401653528214 725
1724530954457 0.05488840863108635 726
1724530955944 0.06546662747859955 727
1724530957360 0.05173370987176895 728
1724530958729 0.0769287571310997 729
1724530960072 0.07123657315969467 730
1724530961455 0.06518089771270752 731
1724530963074 0.05645715817809105 732
1724530964598 0.07092956453561783 733
1724530966063 0.06143861636519432 734
1724530967496 0.05651113763451576 735
1724530968930 0.0796886533498764 736
1724530970355 0.06856030225753784 737
1724530971774 0.07488415390253067 738
1724530973179 0.05201312527060509 739
1724530974569 0.06498241424560547 740
1724530976824 0.062243059277534485 741
1724530978068 0.06625483185052872 742
1724530979414 0.06945224106311798 743
1724530980828 0.06305358558893204 744
1724530982266 0.07189390808343887 745
1724530983677 0.07632233202457428 746
1724530985058 0.05939095467329025 747
1724530986446 0.05267646908760071 748
1724530987831 0.06683053076267242 749
1724530989227 0.07607939094305038 750
1724530990623 0.055710773915052414 751
1724530992007 0.07735732942819595 752
1724530993398 0.06330519169569016 753
1724530994787 0.07324018329381943 754
1724530996175 0.07487423717975616 755
1724530997575 0.0835706815123558 756
1724530998967 0.07261404395103455 757
1724531000360 0.07419143617153168 758
1724531001739 0.08142363280057907 759
1724531003135 0.0701446533203125 760
1724531004516 0.0745333880186081 761
1724531005901 0.047101300209760666 762
1724531007289 0.0719267874956131 763
1724531008684 0.07522125542163849 764
1724531010072 0.07929471880197525 765
1724531011451 0.05588763207197189 766
1724531012850 0.09354102611541748 767
1724531014229 0.06436781585216522 768
1724531015609 0.06450153887271881 769
1724531016994 0.047592319548130035 770
1724531018374 0.06255952268838882 771
1724531019763 0.06615454703569412 772
1724531021142 0.07455622404813766 773
1724531022523 0.06818408519029617 774
1724531023922 0.05839669704437256 775
1724531025300 0.06026573106646538 776
1724531026678 0.06351587176322937 777
1724531028078 0.0889161229133606 778
1724531029460 0.07124816626310349 779
1724531030835 0.059670258313417435 780
1724531032223 0.05530654266476631 781
1724531033610 0.07257385551929474 782
1724531034982 0.08149752765893936 783
1724531036359 0.07806046307086945 784
1724531037741 0.06348361819982529 785
1724531039124 0.06660238653421402 786
1724531040515 0.06725405156612396 787
1724531041889 0.07168085873126984 788
1724531043310 0.06390582025051117 789
1724531044699 0.05961070954799652 790
1724531046060 0.06008076295256615 791
1724531047431 0.06517902761697769 792
1724531048797 0.05374946817755699 793
1724531050175 0.050734978169202805 794
1724531051558 0.05973665788769722 795
1724531052929 0.06799504905939102 796
1724531054306 0.07302466034889221 797
1724531055672 0.05824224278330803 798
1724531057049 0.08161256462335587 799
1724531058423 0.08115901798009872 800
1724531059791 0.08766092360019684 801
1724531061175 0.07344812154769897 802
1724531062548 0.0695982575416565 803
1724531063920 0.07820585370063782 804
1724531065290 0.06868980079889297 805
1724531066653 0.07011756300926208 806
1724531068033 0.07127461582422256 807
1724531069415 0.07207059115171432 808
1724531070789 0.07656868547201157 809
1724531072166 0.0970987007021904 810
1724531073528 0.0719546377658844 811
1724531074894 0.07857018709182739 812
1724531076267 0.055765800178050995 813
1724531077643 0.07893308252096176 814
1724531079013 0.07702677696943283 815
1724531080374 0.07605702430009842 816
1724531081734 0.08003029972314835 817
1724531083107 0.0862937793135643 818
1724531084474 0.060304563492536545 819
1724531085838 0.060781002044677734 820
1724531088212 0.08288538455963135 821
1724531089408 0.06583146005868912 822
1724531090710 0.06725455075502396 823
1724531092081 0.07181641459465027 824
1724531093475 0.06197460740804672 825
1724531094858 0.062079958617687225 826
1724531096225 0.05547472462058067 827
1724531097575 0.05437804013490677 828
1724531098943 0.07462487369775772 829
1724531100296 0.05823694169521332 830
1724531101657 0.059788599610328674 831
1724531103010 0.06847278028726578 832
1724531104361 0.08245235681533813 833
1724531105722 0.055933065712451935 834
1724531107084 0.08605451136827469 835
1724531108443 0.06282081454992294 836
1724531109804 0.07592843472957611 837
1724531111159 0.06126535311341286 838
1724531112510 0.07094880938529968 839
1724531113869 0.07022373378276825 840
1724531115221 0.051232606172561646 841
1724531116571 0.06648076325654984 842
1724531117926 0.05760164186358452 843
1724531119280 0.06866283714771271 844
1724531120626 0.06351315230131149 845
1724531121973 0.07610323280096054 846
1724531123318 0.0651099681854248 847
1724531124679 0.0715656727552414 848
1724531126028 0.0763968974351883 849
1724531127375 0.06816325336694717 850
1724531128721 0.06219705566763878 851
1724531130080 0.09127531945705414 852
1724531131429 0.06544648855924606 853
1724531132786 0.06219109892845154 854
1724531134130 0.06013646349310875 855
1724531135475 0.055416736751794815 856
1724531136818 0.08842666447162628 857
1724531138149 0.06398941576480865 858
1724531139490 0.062470801174640656 859
1724531140831 0.06601853668689728 860
1724531142160 0.0629427507519722 861
1724531143491 0.06926669925451279 862
1724531144824 0.08297530561685562 863
1724531146153 0.05830657482147217 864
1724531147488 0.05189592018723488 865
1724531148822 0.07552725821733475 866
1724531150158 0.06819728761911392 867
1724531151478 0.06363780051469803 868
1724531152811 0.05241767317056656 869
1724531154142 0.08067602664232254 870
1724531155477 0.054895102977752686 871
1724531156798 0.052515700459480286 872
1724531158119 0.0694088339805603 873
1724531159448 0.06765369325876236 874
1724531160772 0.07398951798677444 875
1724531162097 0.06419345736503601 876
1724531163427 0.07554730027914047 877
1724531164754 0.06576839834451675 878
1724531166072 0.06456664949655533 879
1724531167393 0.057929884642362595 880
1724531168715 0.06297509372234344 881
1724531170036 0.07199836522340775 882
1724531171357 0.07811752706766129 883
1724531172678 0.0567094050347805 884
1724531173989 0.07696827501058578 885
1724531175307 0.07968595623970032 886
1724531176633 0.05159666761755943 887
1724531177942 0.055261313915252686 888
1724531179257 0.0863075852394104 889
1724531180577 0.06612402945756912 890
1724531181888 0.06829919666051865 891
1724531183201 0.08720763027667999 892
1724531184513 0.07111793011426926 893
1724531185833 0.06782051175832748 894
1724531187155 0.05947815999388695 895
1724531188468 0.06266292184591293 896
1724531189767 0.07075519114732742 897
1724531191092 0.07376033812761307 898
1724531192412 0.07016104459762573 899
1724531193727 0.057888615876436234 900
1724531196225 0.04901447892189026 901
1724531197342 0.06569574028253555 902
1724531198570 0.07192457467317581 903
1724531199869 0.05604906007647514 904
1724531201209 0.06456077843904495 905
1724531202539 0.05982453376054764 906
1724531203850 0.06903735548257828 907
1724531205151 0.06362217664718628 908
1724531206464 0.07064969837665558 909
1724531207766 0.07268242537975311 910
1724531209056 0.05358976125717163 911
1724531210355 0.0760396420955658 912
1724531211654 0.058678336441516876 913
1724531212954 0.07470928132534027 914
1724531214252 0.05684635415673256 915
1724531215548 0.06477497518062592 916
1724531216842 0.08806095272302628 917
1724531218134 0.06701157242059708 918
1724531219428 0.053964678198099136 919
1724531220726 0.07066665589809418 920
1724531222021 0.057967640459537506 921
1724531223316 0.06415849179029465 922
1724531224606 0.057245075702667236 923
1724531225897 0.05974018573760986 924
1724531227187 0.06674863398075104 925
1724531228473 0.0506015419960022 926
1724531229766 0.06793975830078125 927
1724531231054 0.07271357625722885 928
1724531232341 0.08935719728469849 929
1724531233633 0.06253164261579514 930
1724531234930 0.05647813156247139 931
1724531236230 0.07044276595115662 932
1724531237523 0.0683247447013855 933
1724531238816 0.07372549921274185 934
1724531240095 0.06263542175292969 935
1724531241379 0.06431690603494644 936
1724531242662 0.0542401559650898 937
1724531243960 0.07451742142438889 938
1724531245247 0.07189025729894638 939
1724531246526 0.052908752113580704 940
1724531247810 0.06904248148202896 941
1724531249102 0.06278418004512787 942
1724531250388 0.07108671963214874 943
1724531251667 0.08150885254144669 944
1724531252945 0.09023842215538025 945
1724531254222 0.05810713395476341 946
1724531255510 0.051867492496967316 947
1724531256783 0.08450893312692642 948
1724531258064 0.06043432280421257 949
1724531259340 0.06092554330825806 950
1724531260619 0.060321588069200516 951
1724531261892 0.06664891541004181 952
1724531263171 0.07563955336809158 953
1724531264446 0.05421189218759537 954
1724531265723 0.06971103698015213 955
1724531267004 0.06218477338552475 956
1724531268279 0.06787168234586716 957
1724531269550 0.0595906637609005 958
1724531270829 0.06825238466262817 959
1724531272105 0.05685383826494217 960
1724531273383 0.07080414891242981 961
1724531274654 0.06008552014827728 962
1724531275923 0.05923517048358917 963
1724531277193 0.06550811231136322 964
1724531278478 0.06736826151609421 965
1724531279745 0.06774551421403885 966
1724531281015 0.05378025770187378 967
1724531282289 0.07429035753011703 968
1724531283556 0.06555632501840591 969
1724531284827 0.0517701655626297 970
1724531286091 0.06575840711593628 971
1724531287360 0.060066256672143936 972
1724531288633 0.07174018770456314 973
1724531289901 0.05347638204693794 974
1724531291163 0.058668192476034164 975
1724531292433 0.06512532383203506 976
1724531293699 0.07287085801362991 977
1724531294981 0.06120311841368675 978
1724531296237 0.07260677963495255 979
1724531297510 0.06430363655090332 980
1724531299810 0.06406229734420776 981
1724531300923 0.061686448752880096 982
1724531302105 0.04247747361660004 983
1724531303366 0.05979755148291588 984
1724531304661 0.0626034364104271 985
1724531305955 0.06333768367767334 986
1724531307235 0.057934027165174484 987
1724531308498 0.060555148869752884 988
1724531309759 0.06707808375358582 989
1724531311015 0.06206751614809036 990
1724531312283 0.061743780970573425 991
1724531313542 0.06346764415502548 992
1724531314797 0.06677625328302383 993
1724531316059 0.05167881399393082 994
1724531317322 0.06940732896327972 995
1724531318589 0.04554861783981323 996
1724531319842 0.061410192400217056 997
1724531321097 0.06600233912467957 998
1724531322358 0.07067912071943283 999
1724531323623 0.07400299608707428 1000
1724531324886 0.07096612453460693 1001
1724531326140 0.09019097685813904 1002
1724531327396 0.06329317390918732 1003
1724531328656 0.06878364086151123 1004
1724531329915 0.078788161277771 1005
1724531331173 0.05984674021601677 1006
1724531332444 0.07874199002981186 1007
1724531333699 0.06473716348409653 1008
1724531334967 0.05960715934634209 1009
1724531336217 0.07670755684375763 1010
1724531337482 0.06440667808055878 1011
1724531338739 0.06924700736999512 1012
1724531339991 0.05545693635940552 1013
1724531341250 0.05836512893438339 1014
1724531342515 0.06659980118274689 1015
1724531343771 0.06663566827774048 1016
1724531345037 0.0652439296245575 1017
1724531346287 0.05828117951750755 1018
1724531347541 0.05603431537747383 1019
1724531348799 0.06782481074333191 1020
1724531350053 0.06186006963253021 1021
1724531351317 0.06091244891285896 1022
1724531352567 0.0645119771361351 1023
1724531353825 0.059075698256492615 1024
1724531355087 0.061192840337753296 1025
1724531356340 0.07653848826885223 1026
1724531357594 0.05714862793684006 1027
1724531358849 0.05065957456827164 1028
1724531360103 0.07082762569189072 1029
1724531361347 0.059193048626184464 1030
1724531362601 0.07554081827402115 1031
1724531363854 0.08003665506839752 1032
1724531365103 0.06217831000685692 1033
1724531366354 0.05905678868293762 1034
1724531367605 0.05737429857254028 1035
1724531368861 0.07889630645513535 1036
1724531370115 0.05734533071517944 1037
1724531371365 0.078353650867939 1038
1724531372618 0.06106655299663544 1039
1724531373870 0.06208145245909691 1040
1724531375131 0.07569730281829834 1041
1724531376378 0.08067364245653152 1042
1724531377634 0.06788794696331024 1043
1724531378885 0.052452705800533295 1044
1724531380142 0.060921330004930496 1045
1724531381391 0.0653032660484314 1046
1724531382644 0.07066057622432709 1047
1724531383895 0.0667148157954216 1048
1724531385144 0.05936995521187782 1049
1724531386387 0.06477151811122894 1050
1724531387638 0.06201031804084778 1051
1724531388890 0.05872221663594246 1052
1724531390141 0.06269363313913345 1053
1724531391399 0.062228403985500336 1054
1724531392648 0.05731238052248955 1055
1724531393900 0.04593178629875183 1056
1724531395144 0.06408829987049103 1057
1724531396396 0.078814797103405 1058
1724531397649 0.0670233741402626 1059
1724531398906 0.07167500257492065 1060
1724531400156 0.06125136837363243 1061
1724531401405 0.04971704259514809 1062
1724531402655 0.059182457625865936 1063
1724531403907 0.060237426310777664 1064
1724531405163 0.057651884853839874 1065
1724531406415 0.0776744857430458 1066
1724531407661 0.0667572095990181 1067
1724531408917 0.06982918083667755 1068
1724531410175 0.06165049225091934 1069
1724531411427 0.045561015605926514 1070
1724531412682 0.06062005087733269 1071
1724531413938 0.07749604433774948 1072
1724531415197 0.07302695512771606 1073
1724531416448 0.0773705393075943 1074
1724531417699 0.07322533428668976 1075
1724531418951 0.07497871667146683 1076
1724531420203 0.06320114433765411 1077
1724531421456 0.06995511800050735 1078
1724531422708 0.08824054896831512 1079
1724531423967 0.07027988135814667 1080
1724531426285 0.05959233641624451 1081
1724531427383 0.06266550719738007 1082
1724531428559 0.04973878338932991 1083
1724531429812 0.06443614512681961 1084
1724531431129 0.08466708660125732 1085
1724531432479 0.07519413530826569 1086
1724531433836 0.04708665981888771 1087
1724531435208 0.07837671041488647 1088
1724531436504 0.06887943297624588 1089
1724531437840 0.06356513500213623 1090
1724531439148 0.08370383828878403 1091
1724531440456 0.07824274152517319 1092
1724531441767 0.06930441409349442 1093
1724531443068 0.06511074304580688 1094
1724531444365 0.07956594973802567 1095
1724531445626 0.06836047023534775 1096
1724531446890 0.0701233521103859 1097
1724531448157 0.05206993967294693 1098
1724531449429 0.07696089893579483 1099
1724531450689 0.06448697298765182 1100
1724531451939 0.05955598130822182 1101
1724531453195 0.05855795741081238 1102
1724531454446 0.08585073053836823 1103
1724531455698 0.06520602107048035 1104
1724531456950 0.06857975572347641 1105
1724531458205 0.05889381840825081 1106
1724531459465 0.07209462672472 1107
1724531460724 0.07419419288635254 1108
1724531461982 0.061307571828365326 1109
1724531463245 0.06022243574261665 1110
1724531464506 0.0813760980963707 1111
1724531465764 0.06558385491371155 1112
1724531467027 0.07477663457393646 1113
1724531468273 0.07164952158927917 1114
1724531469523 0.06530719250440598 1115
1724531470774 0.07195184379816055 1116
1724531472034 0.0773121565580368 1117
1724531473287 0.06454460322856903 1118
1724531474542 0.07595673948526382 1119
1724531475800 0.07028821110725403 1120
1724531477059 0.06135360896587372 1121
1724531478321 0.07658223062753677 1122
1724531479583 0.0749044269323349 1123
1724531480844 0.07465776801109314 1124
1724531482098 0.0845063328742981 1125
1724531483346 0.07226518541574478 1126
1724531484598 0.07205002009868622 1127
1724531485850 0.05986263230443001 1128
1724531487105 0.0647401437163353 1129
1724531488355 0.0637117251753807 1130
1724531489610 0.057442955672740936 1131
1724531490874 0.0689590722322464 1132
1724531492123 0.060228463262319565 1133
1724531493386 0.05816147103905678 1134
1724531494648 0.05693476274609566 1135
1724531495903 0.05124277621507645 1136
1724531497164 0.06831058114767075 1137
1724531498415 0.07997611165046692 1138
1724531499665 0.07212302833795547 1139
1724531500915 0.08386997133493423 1140
1724531502167 0.0697876438498497 1141
1724531503430 0.06484376639127731 1142
1724531504684 0.07349692285060883 1143
1724531505935 0.06407269090414047 1144
1724531507195 0.06777384877204895 1145
1724531508463 0.06097085773944855 1146
1724531509724 0.06618200987577438 1147
1724531510989 0.05784846469759941 1148
1724531512241 0.05909915268421173 1149
1724531513501 0.05354704335331917 1150
1724531514749 0.0750383660197258 1151
1724531516015 0.0788162499666214 1152
1724531517274 0.06609851866960526 1153
1724531518520 0.0601695217192173 1154
1724531519773 0.057831745594739914 1155
1724531521034 0.07762285321950912 1156
1724531522311 0.0749664455652237 1157
1724531523567 0.06792191416025162 1158
1724531524831 0.072451151907444 1159
1724531526086 0.05626458302140236 1160
1724531528411 0.06417970359325409 1161
1724531529510 0.0745924711227417 1162
1724531530685 0.05889824032783508 1163
1724531531931 0.06257004290819168 1164
1724531533210 0.06545824557542801 1165
1724531534495 0.06657642871141434 1166
1724531535764 0.06546341627836227 1167
1724531537035 0.06150677055120468 1168
1724531538387 0.06747506558895111 1169
1724531539741 0.06920037418603897 1170
1724531541050 0.053955189883708954 1171
1724531542336 0.05657139793038368 1172
1724531543619 0.05117882043123245 1173
1724531544905 0.057015493512153625 1174
1724531546211 0.05161216855049133 1175
1724531547498 0.07378074526786804 1176
1724531548780 0.06251247972249985 1177
1724531550060 0.06542474776506424 1178
1724531551339 0.08055951446294785 1179
1724531552639 0.06730934232473373 1180
1724531553932 0.06604369729757309 1181
1724531555192 0.07562299072742462 1182
1724531556423 0.08820070326328278 1183
1724531557794 0.06137674301862717 1184
1724531559127 0.069397933781147 1185
1724531560457 0.06476496905088425 1186
1724531561781 0.06547503173351288 1187
1724531563087 0.06066121160984039 1188
1724531564301 0.05777706578373909 1189
1724531565609 0.07737351953983307 1190
1724531566915 0.06329686939716339 1191
1724531568152 0.06562251597642899 1192
1724531569483 0.049797769635915756 1193
1724531570798 0.07357626408338547 1194
1724531572086 0.06585786491632462 1195
1724531573376 0.06577079743146896 1196
1724531574665 0.05216430872678757 1197
1724531575938 0.061012715101242065 1198
1724531577207 0.071985624730587 1199
1724531578477 0.06191413849592209 1200
1724531579735 0.06588394939899445 1201
1724531581000 0.07241857796907425 1202
1724531582267 0.07078389823436737 1203
1724531583527 0.06352236121892929 1204
1724531584810 0.07153914123773575 1205
1724531586084 0.060505952686071396 1206
1724531587358 0.06711016595363617 1207
1724531588627 0.08557339012622833 1208
1724531589897 0.06135724112391472 1209
1724531591159 0.05995738506317139 1210
1724531592430 0.06357915699481964 1211
1724531593698 0.0829826146364212 1212
1724531594969 0.06749194115400314 1213
1724531596234 0.053320713341236115 1214
1724531597502 0.08369531482458115 1215
1724531598773 0.06787557899951935 1216
1724531600059 0.06443341076374054 1217
1724531601337 0.06607237458229065 1218
1724531602617 0.06836055219173431 1219
1724531603891 0.07916953414678574 1220
1724531605157 0.053854260593652725 1221
1724531606421 0.07206685841083527 1222
1724531607689 0.060769468545913696 1223
1724531608957 0.10155270248651505 1224
1724531610226 0.0679657906293869 1225
1724531611500 0.0698816254734993 1226
1724531612776 0.07033958286046982 1227
1724531614046 0.05228642746806145 1228
1724531615332 0.06047673150897026 1229
1724531616614 0.057414013892412186 1230
1724531617894 0.06437593698501587 1231
1724531619169 0.061388447880744934 1232
1724531620448 0.052661728113889694 1233
1724531621721 0.054901327937841415 1234
1724531622996 0.0667964369058609 1235
1724531624274 0.06081163510680199 1236
1724531625555 0.08698032796382904 1237
1724531626822 0.05749376863241196 1238
1724531628095 0.06925451010465622 1239
1724531629377 0.07698103040456772 1240
1724531631663 0.05801067873835564 1241
1724531632789 0.06890478730201721 1242
1724531634004 0.08020142465829849 1243
1724531635284 0.05976136401295662 1244
1724531636586 0.06651727855205536 1245
1724531637893 0.0712873563170433 1246
1724531639180 0.06146390736103058 1247
1724531640459 0.06945812702178955 1248
1724531641732 0.07980437576770782 1249
1724531643006 0.06219174712896347 1250
1724531644287 0.05893910676240921 1251
1724531645585 0.06387658417224884 1252
1724531646884 0.06424500793218613 1253
1724531648176 0.05240994691848755 1254
1724531649460 0.0644819363951683 1255
1724531650754 0.06393855810165405 1256
1724531652035 0.05598733574151993 1257
1724531653313 0.059927500784397125 1258
1724531654593 0.06191932410001755 1259
1724531655870 0.06435056030750275 1260
1724531657143 0.05987223610281944 1261
1724531658423 0.06601148098707199 1262
1724531659708 0.05431884899735451 1263
1724531661001 0.060479529201984406 1264
1724531662295 0.05996645241975784 1265
1724531663581 0.06006063148379326 1266
1724531664868 0.07836274802684784 1267
1724531666146 0.06724467128515244 1268
1724531667431 0.06071343272924423 1269
1724531668714 0.07043740898370743 1270
1724531670001 0.07111648470163345 1271
1724531671288 0.06942371279001236 1272
1724531672569 0.060077425092458725 1273
1724531673852 0.07394912838935852 1274
1724531675147 0.07462110370397568 1275
1724531676449 0.0772620216012001 1276
1724531677735 0.0596303716301918 1277
1724531679019 0.06566066294908524 1278
1724531680308 0.051803089678287506 1279
1724531681587 0.0743979662656784 1280
1724531682869 0.06283216923475266 1281
1724531684157 0.08651186525821686 1282
1724531685438 0.058316461741924286 1283
1724531686724 0.0689845085144043 1284
1724531688008 0.06100337579846382 1285
1724531689297 0.05759487673640251 1286
1724531690597 0.058585137128829956 1287
1724531691886 0.059454068541526794 1288
1724531693176 0.07419565320014954 1289
1724531694460 0.06776180863380432 1290
1724531695745 0.07496614754199982 1291
1724531697036 0.06932581961154938 1292
1724531698320 0.06033043935894966 1293
1724531699601 0.07583309710025787 1294
1724531700884 0.055566150695085526 1295
1724531702172 0.04806818068027496 1296
1724531703456 0.08037571609020233 1297
1724531704755 0.06844712793827057 1298
1724531706051 0.07680787146091461 1299
1724531707347 0.07937129586935043 1300
1724531708638 0.06394892185926437 1301
1724531709923 0.07287579029798508 1302
1724531711214 0.07381470501422882 1303
1724531712502 0.062376949936151505 1304
1724531713790 0.06536746770143509 1305
1724531715086 0.04793189838528633 1306
1724531716373 0.07341339439153671 1307
1724531717655 0.0719771459698677 1308
1724531718945 0.06934668868780136 1309
1724531720253 0.05592742934823036 1310
1724531721568 0.06092117726802826 1311
1724531722875 0.06271738559007645 1312
1724531724174 0.08232566714286804 1313
1724531725467 0.05822936072945595 1314
1724531726755 0.058817435055971146 1315
1724531728041 0.06851943582296371 1316
1724531729334 0.07796202600002289 1317
1724531730614 0.080919049680233 1318
1724531731906 0.07315927743911743 1319
1724531733199 0.0880810096859932 1320
1724531735514 0.058902557939291 1321
1724531736669 0.07323043793439865 1322
1724531737907 0.07313767075538635 1323
1724531739210 0.06826429814100266 1324
1724531740525 0.05448111519217491 1325
1724531741843 0.06798049062490463 1326
1724531743139 0.07497353851795197 1327
1724531744427 0.06839080154895782 1328
1724531745714 0.052790313959121704 1329
1724531747007 0.07595010101795197 1330
1724531748230 0.073148213326931 1331
1724531749616 0.053128354251384735 1332
1724531750995 0.061599425971508026 1333
1724531752316 0.06597989052534103 1334
1724531753611 0.05283183231949806 1335
1724531754909 0.05407560616731644 1336
1724531756144 0.07740835845470428 1337
1724531757492 0.046647533774375916 1338
1724531758845 0.050450511276721954 1339
1724531760257 0.062154799699783325 1340
1724531761641 0.046843744814395905 1341
1724531763011 0.07417955994606018 1342
1724531764336 0.05972340703010559 1343
1724531765653 0.0710553303360939 1344
1724531766957 0.06170013174414635 1345
1724531768248 0.04918603226542473 1346
1724531769538 0.05180744081735611 1347
1724531770838 0.05686279758810997 1348
1724531772141 0.06554353982210159 1349
1724531773449 0.07309585809707642 1350
1724531774746 0.07219167798757553 1351
1724531776061 0.07441610097885132 1352
1724531777400 0.05610838532447815 1353
1724531778712 0.0689975842833519 1354
1724531780022 0.06920304149389267 1355
1724531781328 0.06144813075661659 1356
1724531782627 0.06700163334608078 1357
1724531783955 0.05337256193161011 1358
1724531785250 0.06800772249698639 1359
1724531786547 0.07766158133745193 1360
1724531787861 0.05914534255862236 1361
1724531789178 0.06685508787631989 1362
1724531790525 0.09088875353336334 1363
1724531791847 0.08807263523340225 1364
1724531793183 0.06854517757892609 1365
1724531794523 0.07272189855575562 1366
1724531795875 0.06826364248991013 1367
1724531797191 0.06338591128587723 1368
1724531798525 0.08285403996706009 1369
1724531799879 0.05443140119314194 1370
1724531801218 0.08343395590782166 1371
1724531802542 0.07212784886360168 1372
1724531803859 0.07211750745773315 1373
1724531805177 0.057239457964897156 1374
1724531806507 0.0661475881934166 1375
1724531807825 0.06131767854094505 1376
1724531809138 0.07033953070640564 1377
1724531810446 0.06403873860836029 1378
1724531811751 0.061216920614242554 1379
1724531813125 0.0745524913072586 1380
1724531814496 0.05252072215080261 1381
1724531815842 0.07170511037111282 1382
1724531817307 0.07584270089864731 1383
1724531818765 0.0606357604265213 1384
1724531820171 0.07329922914505005 1385
1724531821542 0.07031914591789246 1386
1724531822876 0.06928304582834244 1387
1724531824261 0.061463627964258194 1388
1724531825684 0.055574800819158554 1389
1724531826959 0.08004105091094971 1390
1724531828424 0.06805771589279175 1391
1724531829811 0.07495173066854477 1392
1724531831170 0.06340418010950089 1393
1724531832486 0.07837574183940887 1394
1724531833809 0.07394412904977798 1395
1724531835130 0.06662975996732712 1396
1724531836465 0.08028969168663025 1397
1724531837789 0.06470494717359543 1398
1724531839133 0.0565519705414772 1399
1724531840472 0.06174837425351143 1400
1724531842815 0.0587284155189991 1401
1724531843990 0.07888186722993851 1402
1724531845252 0.07109394669532776 1403
1724531846580 0.06108912080526352 1404
1724531847925 0.05869726091623306 1405
1724531849257 0.0812276303768158 1406
1724531850590 0.05563971772789955 1407
1724531851905 0.07179594039916992 1408
1724531853223 0.06158901005983353 1409
1724531854588 0.05931132286787033 1410
1724531855943 0.06517887115478516 1411
1724531857280 0.06353118270635605 1412
1724531858592 0.06481615453958511 1413
1724531859906 0.0550004318356514 1414
1724531861212 0.06777787953615189 1415
1724531862532 0.061162516474723816 1416
1724531863846 0.04746008291840553 1417
1724531865166 0.06849146634340286 1418
1724531866475 0.08653555065393448 1419
1724531867807 0.06855785101652145 1420
1724531869129 0.0617297925055027 1421
1724531870448 0.0568968839943409 1422
1724531871759 0.05146881192922592 1423
1724531873080 0.04993448033928871 1424
1724531874411 0.06657179445028305 1425
1724531875740 0.061931394040584564 1426
1724531877065 0.06158861517906189 1427
1724531878397 0.05861975625157356 1428
1724531879704 0.06977785378694534 1429
1724531881022 0.05057595670223236 1430
1724531882344 0.0773424282670021 1431
1724531883678 0.06230622157454491 1432
1724531885009 0.054464928805828094 1433
1724531886330 0.05930033326148987 1434
1724531887650 0.06822860985994339 1435
1724531888969 0.059214066714048386 1436
1724531890290 0.0851815789937973 1437
1724531891605 0.0827195793390274 1438
1724531892923 0.060871921479701996 1439
1724531894249 0.07496755570173264 1440
1724531895573 0.07005575299263 1441
1724531896901 0.05593645200133324 1442
1724531898185 0.07486209273338318 1443
1724531899579 0.06182371824979782 1444
1724531900844 0.07062968611717224 1445
1724531902249 0.08116456866264343 1446
1724531903617 0.05891766771674156 1447
1724531904936 0.07106074690818787 1448
1724531906312 0.0639750212430954 1449
1724531907685 0.07025174796581268 1450
1724531909070 0.07489732652902603 1451
1724531910443 0.06554082036018372 1452
1724531911788 0.07094790786504745 1453
1724531913115 0.07867570966482162 1454
1724531914442 0.05158665031194687 1455
1724531915767 0.0595068521797657 1456
1724531917086 0.06351500749588013 1457
1724531918408 0.06812542676925659 1458
1724531919749 0.06413184106349945 1459
1724531921089 0.08213969320058823 1460
1724531922439 0.07270883768796921 1461
1724531923781 0.0655306801199913 1462
1724531925120 0.055074721574783325 1463
1724531926454 0.063408263027668 1464
1724531927777 0.0669100359082222 1465
1724531929096 0.06546244770288467 1466
1724531930432 0.06712639331817627 1467
1724531931757 0.07000528275966644 1468
1724531933090 0.05695636197924614 1469
1724531934416 0.06862416863441467 1470
1724531935745 0.06445357203483582 1471
1724531937073 0.06395918875932693 1472
1724531938398 0.057580750435590744 1473
1724531939718 0.061080384999513626 1474
1724531941054 0.0505332350730896 1475
1724531942374 0.06696302443742752 1476
1724531943703 0.058344777673482895 1477
1724531945029 0.0670989379286766 1478
1724531946376 0.06326434761285782 1479
1724531947703 0.07797643542289734 1480
1724531949961 0.07571293413639069 1481
1724531951147 0.060996998101472855 1482
1724531952422 0.07780206203460693 1483
1724531953774 0.0601053312420845 1484
1724531955132 0.05635197088122368 1485
1724531956487 0.052022699266672134 1486
1724531957824 0.0806049332022667 1487
1724531959164 0.055613745003938675 1488
1724531960487 0.09864360094070435 1489
1724531961810 0.07001234591007233 1490
1724531963136 0.06687531620264053 1491
1724531964461 0.06641533225774765 1492
1724531965788 0.0714845284819603 1493
1724531967133 0.061306096613407135 1494
1724531968466 0.06424523890018463 1495
1724531969800 0.06209263950586319 1496
1724531971135 0.054798226803541183 1497
1724531972462 0.06770442426204681 1498
1724531973788 0.07259268313646317 1499
