1724530004451 0.06932614527550744 80
1724530127650 0.06995686935260892 160
1724530246709 0.06810800074599684 240
1724530365365 0.06686736615374685 320
1724530482512 0.06737570674158633 400
1724530596680 0.06656315578147769 480
1724530743790 0.06638326406478882 580
1724530858740 0.06660343119874597 660
1724530975684 0.0656229639891535 740
1724531087060 0.06950006256811321 820
1724531195115 0.06722564520314336 900
1724531298673 0.06524550272151827 980
1724531425183 0.06498785629868507 1080
1724531527267 0.06790035273879766 1160
1724531630554 0.06609274074435234 1240
1724531734391 0.0664506287779659 1320
1724531841644 0.06626213947311044 1400
1724531948850 0.06526331650093198 1480
