1726039355069 4.114360548655192 150
1726039660639 3.9395398314793906 300
1726039972500 3.8757392803827924 450
1726040285164 3.821581177711487 600
1726040598569 3.7801035992304484 750
1726040912510 3.75679035504659 900
1726041226954 3.7030257113774616 1050
1726041541282 3.6472187360127766 1200
1726041855713 3.6366766277949014 1350
1726042170477 3.6686312611897787 1500
1726042486025 3.6159780422846475 1650
1726042801809 3.5915619150797524 1800
1726043115215 3.547830475171407 1950
1726043428617 3.555653155644735 2100
1726043742729 3.53763400554657 2250
1726044057026 3.524822835922241 2400
1726044372501 3.499207404454549 2550
1726044688868 3.5019679244359336 2700
1726045005772 3.4739510011672974 2850
1726045323365 3.417788775761922 3000
1726045639379 3.411885191599528 3150
1726045956626 3.4520989815394083 3300
1726046274885 3.354173328081767 3450
1726046583743 3.3933916409810383 3600
1726046892390 3.4059313249588015 3750
1726047208752 3.3306028334299724 3900
1726047527048 3.3342234802246096 4050
1726047846526 3.361061366399129 4200
1726048163757 3.291476804415385 4350
1726048479954 3.2779155015945434 4500
1726048799006 3.232783481280009 4650
1726049116625 3.247815408706665 4800
1726049435104 3.2953458261489867 4950
1726049756116 3.1921389627456667 5100
1726050075790 3.262719759941101 5250
