1726039339434 4.102109170129113 140
1726039642299 3.991183598836263 290
1726039954087 3.848070066769918 440
1726040266199 3.8166951656341555 590
1726040579982 3.8156812381744385 740
1726040893613 3.7460019381841025 890
1726041208242 3.6726676098505657 1040
1726041522596 3.6704676659901936 1190
1726041836842 3.6284983030955 1340
1726042151676 3.69071044921875 1490
1726042467264 3.6077193307876585 1640
1726042782925 3.594026918411255 1790
1726043096459 3.5242525720596314 1940
1726043409661 3.590689878463745 2090
1726043723854 3.5353828461964927 2240
1726044038258 3.5091562843322754 2390
1726044353611 3.4913533322016397 2540
1726044670150 3.4941352303822835 2690
1726044986984 3.518148306210836 2840
1726045304456 3.4070281728108722 2990
1726045620670 3.4330842161178587 3140
1726045937444 3.424187045097351 3290
1726046256060 3.3571527767181397 3440
1726046564731 3.3943542941411335 3590
1726046873439 3.4122063016891477 3740
1726047189973 3.3251941998799643 3890
1726047508098 3.3200888586044313 4040
1726047827468 3.372645479838053 4190
1726048144917 3.3041741371154787 4340
1726048461353 3.292055600484212 4490
1726048780032 3.214474573135376 4640
1726049097698 3.254635017712911 4790
1726049416179 3.2945826562245686 4940
1726049737160 3.1957884947458903 5090
1726050056684 3.2403322887420654 5240
