1725747008091 0.004649075261938075 150
1725747330696 0.004179058897619446 300
1725747655078 0.00402009779587388 450
1725747975959 0.0038670278542364636 600
1725748300583 0.0037495298792297642 750
1725748609917 0.0036490027979016303 900
1725748932093 0.0035862088529393077 1050
1725749254517 0.0034628786084552605 1200
1725749576864 0.0033778414937357107 1350
1725749901467 0.0032993674806008734 1500
1725750226036 0.003185760239139199 1650
1725750548417 0.003145710933022201 1800
1725750860062 0.003013981568316619 1950
1725751182541 0.0029559888566533725 2100
1725751507039 0.002884626751765609 2250
1725751829767 0.0028205577190965414 2400
1725752152296 0.0027279846478874483 2550
1725752476783 0.0027200303226709364 2700
1725752801353 0.0026300716570888958 2850
1725753125819 0.0025671519610720376 3000
