1725746903791 0.004796638780522464 100
1725747226069 0.0042795471272741754 250
1725747549983 0.004036324123541514 400
1725747871519 0.0038813321695973474 550
1725748195428 0.0037631147354841234 700
1725748506279 0.003717471235431731 850
1725748827972 0.0036314559215679765 1000
1725749149936 0.0034869678504765036 1150
1725749472513 0.003404613759679099 1300
1725749796270 0.003360526997906466 1450
1725750120819 0.0032095078425481917 1600
1725750443939 0.0031337508745491504 1750
1725750755547 0.003031670469790697 1900
1725751077814 0.003013334901382526 2050
1725751402017 0.0028844903052474063 2200
1725751725076 0.0028642464832713205 2350
1725752047790 0.002755197923009594 2500
1725752371449 0.0027185270733510454 2650
1725752696185 0.0026607354047397773 2800
1725753020684 0.0025555472921890516 2950
