1726105679080 4.116680092811585 150
1726105948214 3.9268273639678957 300
1726106217864 3.9406327931086222 450
1726106486835 3.8496365960439047 600
1726106755976 3.846206603050232 750
1726107025899 3.7506394974390664 900
1726107296518 3.692897602717082 1050
1726107565406 3.727610308329264 1200
1726107835205 3.6887543614705405 1350
1726108104088 3.664497520128886 1500
1726108372916 3.613790604273478 1650
1726108641278 3.58045512676239 1800
1726108911124 3.554290385246277 1950
1726109181162 3.515774443944295 2100
1726109450846 3.5299202760060626 2250
1726109719047 3.475531883239746 2400
1726109988002 3.4330292908350626 2550
1726110256721 3.4337075010935467 2700
1726110525383 3.3679343692461647 2850
1726110793756 3.38802175839742 3000
1726111061662 3.346813295682271 3150
1726111330033 3.364471122423808 3300
1726111598908 3.2563751618067425 3450
1726111866974 3.279519410133362 3600
1726112134544 3.2412897125879923 3750
1726112402007 3.242946524620056 3900
1726112669113 3.221249761581421 4050
1726112937854 3.2392507727940876 4200
1726113204421 3.203181848526001 4350
1726113471392 3.185129181543986 4500
1726113737835 3.1508173815409344 4650
1726114006111 3.1658953539530437 4800
1726114273354 3.1504956754048665 4950
1726114540962 3.1190527359644573 5100
1726114808276 3.105201834042867 5250
1726115076694 3.069063982963562 5400
1726115345841 3.01686470190684 5550
1726115614312 3.0550752115249633 5700
1726115883001 2.9648480637868246 5850
1726116151464 2.997043232123057 6000
1726116420045 2.977772634824117 6150
1726116688337 2.931594228744507 6300
1726116957984 2.9792196925481162 6450
1726117226215 2.8976625394821167 6600
1726117496127 2.927117416858673 6750
1726117764486 2.927272132237752 6900
1726118032817 2.8676285568873086 7050
1726118302942 2.913112308184306 7200
1726118572802 2.888883687655131 7350
1726118841186 2.8645712812741597 7500
1726119110786 2.8418269968032837 7650
1726119378995 2.858158298333486 7800
1726119647073 2.8333583943049114 7950
1726119916126 2.8091422494252525 8100
1726120184463 2.78588237285614 8250
1726120453687 2.7928079811731976 8400
1726120722543 2.736517740090688 8550
1726120991119 2.750262709458669 8700
1726121259492 2.6946070647239684 8850
1726121527936 2.720048299630483 9000
1726121796770 2.688709092140198 9150
1726122065164 2.6246488006909687 9300
1726122334294 2.6722295355796812 9450
1726122607704 2.7031186493237813 9600
1726122877795 2.689569036960602 9750
1726123147344 2.5885193173090615 9900
1726123408878 2.6309103377660117 10050
1726123692281 2.619603370030721 10200
1726123961886 2.585894793669383 10350
1726124230920 2.6485814849535623 10500
1726124500212 2.6111246156692505 10650
1726124769220 2.557395650545756 10800
1726125039366 2.5443849341074625 10950
1726125309572 2.521507240931193 11100
1726125578047 2.562571073373159 11250
1726125847143 2.5452731235822044 11400
1726126117058 2.528200526237488 11550
1726126386242 2.5329298599561056 11700
1726126656387 2.4995497663815818 11850
1726126925431 2.4679228123029073 12000
1726127193760 2.4394788122177125 12150
1726127462819 2.5146424118677775 12300
1726127731634 2.4387141553560894 12450
1726128002452 2.427146251996358 12600
1726128271669 2.4541792996724445 12750
1726128542038 2.4549570298194885 12900
1726128805555 2.4280149602890013 13050
1726129081217 2.3951906633377074 13200
1726129356399 2.4290905570983887 13350
1726129632548 2.3685786453882853 13500
1726129902300 2.3973888754844666 13650
1726130173433 2.4038716697692872 13800
1726130454143 2.3980220905939738 13950
1726130730328 2.3800158015886943 14100
1726131006539 2.3209534088770547 14250
1726131282538 2.346421558856964 14400
1726131558577 2.3276463667551677 14550
1726131835962 2.3238564348220825 14700
1726132105385 2.312584696610769 14850
1726132352651 2.3043095008532206 15000
