1726105662795 4.09970235824585 140
1726105932182 3.9447331031163535 290
1726106201513 3.958535531361898 440
1726106470582 3.8540495157241823 590
1726106739742 3.8237889607747397 740
1726107009570 3.774910249710083 890
1726107280146 3.682692290941874 1040
1726107549242 3.7360230271021524 1190
1726107818936 3.672527855237325 1340
1726108088008 3.6821296278635662 1490
1726108356739 3.633167260487874 1640
1726108625202 3.572715177536011 1790
1726108895029 3.546511116027832 1940
1726109164897 3.519657990137736 2090
1726109434679 3.5130733585357667 2240
1726109703065 3.499328997929891 2390
1726109971925 3.441115673383077 2540
1726110240591 3.4432506450017293 2690
1726110509273 3.352324279944102 2840
1726110777651 3.3852998399734497 2990
1726111045800 3.351926914850871 3140
1726111313956 3.3826336654027305 3290
1726111582787 3.2347821219762167 3440
1726111850842 3.2975289535522463 3590
1726112118501 3.2279997809727985 3740
1726112386064 3.2463975890477497 3890
1726112653174 3.222521599133809 4040
1726112921892 3.2505427964528404 4190
1726113188389 3.194561786651611 4340
1726113455398 3.181325674057007 4490
1726113721938 3.1594869009653728 4640
1726113990062 3.1828267701466877 4790
1726114257312 3.137656234105428 4940
1726114524910 3.128184545834859 5090
1726114792199 3.103871553738912 5240
1726115060569 3.030909487406413 5390
1726115329817 3.053717622756958 5540
1726115598150 3.032633344332377 5690
1726115866945 2.9865305630366006 5840
1726116135324 3.0055340854326884 5990
1726116403993 2.945467847188314 6140
1726116672198 2.969129236539205 6290
1726116941873 2.970495414733887 6440
1726117210140 2.9035945908228555 6590
1726117479879 2.9329310997327167 6740
1726117748408 2.9214935366312664 6890
1726118016634 2.869367801348368 7040
1726118286942 2.891161324183146 7190
1726118556548 2.8918998591105143 7340
1726118825059 2.872860464255015 7490
1726119094664 2.840986030896505 7640
1726119363003 2.8590505997339886 7790
1726119630918 2.8428146131833394 7940
1726119900068 2.7998838408788047 8090
1726120168396 2.785772476196289 8240
1726120437582 2.8030049403508506 8390
1726120706458 2.7497615520159404 8540
1726120975064 2.7372003785769143 8690
1726121243335 2.6920240982373556 8840
1726121511716 2.7132598821322125 8990
1726121780722 2.7146869913736977 9140
1726122049033 2.6235367178916933 9290
1726122318174 2.6706811022758483 9440
1726122591556 2.679861760934194 9590
1726122861838 2.7143909494082132 9740
1726123131157 2.5813497988382976 9890
1726123393863 2.6326344458262128 10040
1726123674933 2.6184687344233195 10190
1726123945721 2.5944123657544456 10340
1726124214732 2.6323014807701113 10490
1726124484065 2.6188961839675904 10640
1726124753194 2.5619669930140176 10790
1726125023292 2.5428088116645813 10940
1726125293474 2.5243780461947125 11090
1726125562097 2.5345943999290466 11240
1726125831056 2.571331169605255 11390
1726126100842 2.510405812263489 11540
1726126370082 2.566115661462148 11690
1726126640166 2.477192238966624 11840
1726126909300 2.469615786075592 11990
1726127177492 2.4570240235328673 12140
1726127446725 2.487569874127706 12290
1726127715590 2.453529976209005 12440
1726127986234 2.4312331533432006 12590
1726128255603 2.4567195256551106 12740
1726128525693 2.466107987562815 12890
1726128789161 2.4229905502001445 13040
1726129064732 2.3995367765426634 13190
1726129339955 2.423457313378652 13340
1726129616098 2.361205228169759 13490
1726129888104 2.4129360644022624 13640
1726130156921 2.390641539096832 13790
1726130437575 2.4089357447624207 13940
1726130713803 2.3750560426712037 14090
1726130990174 2.325241099198659 14240
1726131265890 2.340405253569285 14390
1726131542055 2.3269260986646016 14540
1726131819428 2.3323429520924885 14690
1726132090979 2.29871400197347 14840
1726132337693 2.3092803303400675 14990
