1723739154594 0.20841316878795624 0
1723739174652 0.3258497416973114 1
1723739194880 0.4286099076271057 2
1723739214995 0.26107847690582275 3
1723739235174 0.2020178735256195 4
1723739255279 0.23854874074459076 5
1723739275441 0.19701895117759705 6
1723739295609 0.18746830523014069 7
1723739315841 0.2583613693714142 8
1723739335942 0.2182600200176239 9
1723739356324 0.2131449580192566 10
1723739376430 0.2244052141904831 11
1723739396654 0.26854074001312256 12
1723739416816 0.18851177394390106 13
1723739436996 0.22730866074562073 14
1723739456963 0.21776467561721802 15
1723739477171 0.22021648287773132 16
1723739497239 0.19143593311309814 17
1723739517292 0.1981215476989746 18
1723739537447 0.2289888709783554 19
1723739557637 0.24236641824245453 20
1723739577588 0.2121628224849701 21
1723739597672 0.17939001321792603 22
1723739617749 0.2865644693374634 23
1723739637822 0.21377457678318024 24
1723739658072 0.21076375246047974 25
1723739678524 0.19400513172149658 26
1723739698700 0.21276439726352692 27
1723739718868 0.2693731486797333 28
1723739739130 0.243381068110466 29
1723739759106 0.2001451700925827 30
1723739779243 0.21006657183170319 31
1723739799338 0.18922367691993713 32
1723739819346 0.18866245448589325 33
1723739839358 0.20327787101268768 34
1723739859590 0.18715554475784302 35
1723739879630 0.16581441462039948 36
1723739899955 0.21197007596492767 37
1723739920030 0.22536233067512512 38
1723739940123 0.20588013529777527 39
1723739960186 0.21799655258655548 40
1723739980334 0.18623459339141846 41
1723740000510 0.18291200697422028 42
1723740020623 0.2264905571937561 43
1723740040752 0.21688614785671234 44
1723740060783 0.18034911155700684 45
1723740080902 0.18893858790397644 46
1723740101011 0.21244755387306213 47
1723740121168 0.22879940271377563 48
1723740141557 0.19734421372413635 49
1723740161657 0.20945583283901215 50
1723740181614 0.20631271600723267 51
1723740201625 0.1769295036792755 52
1723740221902 0.198571115732193 53
1723740241927 0.18782460689544678 54
1723740262252 0.15765056014060974 55
1723740282394 0.18717627227306366 56
1723740302351 0.20463229715824127 57
1723740322378 0.16883929073810577 58
1723740342409 0.17823690176010132 59
1723740362415 0.1508685201406479 60
1723740382608 0.2263893336057663 61
1723740402603 0.20781509578227997 62
1723740422617 0.19385087490081787 63
1723740442712 0.22146208584308624 64
1723740462859 0.20390023291110992 65
1723740482970 0.1763499230146408 66
1723740503011 0.20463719964027405 67
1723740523002 0.21567638218402863 68
1723740543172 0.2097204178571701 69
1723740563459 0.19538818299770355 70
1723740583645 0.21393880248069763 71
1723740603870 0.22452110052108765 72
1723740623878 0.18612340092658997 73
1723740643823 0.20389601588249207 74
1723740663910 0.20513758063316345 75
1723740684014 0.17845721542835236 76
1723740704074 0.2646019756793976 77
1723740724097 0.23831807076931 78
1723740744181 0.20078405737876892 79
1723740764166 0.2126278281211853 80
1723740784651 0.17685189843177795 81
1723740804921 0.1995813101530075 82
1723740825146 0.17790694534778595 83
1723740845342 0.20198358595371246 84
1723740865570 0.2017282396554947 85
1723740885753 0.1907719224691391 86
1723740906299 0.2212013453245163 87
1723740926321 0.16117705404758453 88
1723740946484 0.17713479697704315 89
1723740966540 0.20752762258052826 90
1723740986637 0.21485911309719086 91
1723741006813 0.18980927765369415 92
1723741027036 0.19750505685806274 93
1723741047276 0.20746441185474396 94
1723741067389 0.18846815824508667 95
1723741087604 0.18767181038856506 96
1723741107762 0.17194700241088867 97
1723741127784 0.21056044101715088 98
1723741147839 0.18267664313316345 99
1723741167888 0.17799055576324463 100
1723741187912 0.1620377004146576 101
1723741207965 0.19606022536754608 102
1723741228165 0.20549502968788147 103
1723741248157 0.17823420464992523 104
1723741268176 0.2016385942697525 105
1723741288270 0.23182933032512665 106
1723741308240 0.2251136153936386 107
1723741328280 0.17019449174404144 108
1723741348531 0.19276165962219238 109
1723741368737 0.19013221561908722 110
1723741388812 0.2079792022705078 111
1723741408753 0.21882261335849762 112
1723741428805 0.21238382160663605 113
1723741449039 0.19491936266422272 114
1723741469112 0.1973186731338501 115
1723741489028 0.19599704444408417 116
1723741509121 0.21215668320655823 117
1723741529158 0.1903270035982132 118
1723741549366 0.18948620557785034 119
1723741569436 0.17311179637908936 120
1723741589504 0.244771346449852 121
1723741609630 0.22202719748020172 122
1723741629723 0.2051135003566742 123
1723741649820 0.20274218916893005 124
1723741669912 0.19219371676445007 125
1723741689962 0.19525517523288727 126
1723741710089 0.17781169712543488 127
1723741730022 0.19462576508522034 128
1723741750294 0.20021545886993408 129
1723741770288 0.19290019571781158 130
1723741790285 0.19906780123710632 131
1723741810756 0.22387389838695526 132
1723741831099 0.23057079315185547 133
1723741851569 0.16728252172470093 134
1723741871726 0.17348189651966095 135
1723741891770 0.17652295529842377 136
1723741912083 0.22607889771461487 137
1723741932245 0.20118632912635803 138
1723741952536 0.1692686825990677 139
1723741972581 0.21026234328746796 140
1723741992591 0.21599255502223969 141
1723742012581 0.18353672325611115 142
1723742032682 0.1591665893793106 143
1723742052771 0.2070760577917099 144
1723742072866 0.19776567816734314 145
1723742093020 0.1918853521347046 146
1723742113379 0.22368189692497253 147
1723742133324 0.17704890668392181 148
1723742153435 0.21310897171497345 149
1723742173494 0.19565442204475403 150
1723742193508 0.21343864500522614 151
1723742213621 0.18798410892486572 152
1723742233666 0.17360778152942657 153
1723742253717 0.22324520349502563 154
1723742273777 0.18358121812343597 155
1723742294122 0.2002565711736679 156
1723742314156 0.19329531490802765 157
1723742334330 0.20941342413425446 158
1723742354380 0.2184426486492157 159
1723742374593 0.20975768566131592 160
1723742394901 0.17841453850269318 161
1723742415060 0.19339598715305328 162
1723742435085 0.20732879638671875 163
1723742455186 0.17091506719589233 164
1723742475402 0.1903451681137085 165
1723742495452 0.19414329528808594 166
1723742515454 0.2112322896718979 167
1723742535567 0.17707984149456024 168
1723742555530 0.17784132063388824 169
1723742575694 0.20070868730545044 170
1723742595808 0.15729288756847382 171
1723742616079 0.21418209373950958 172
1723742636208 0.17958272993564606 173
1723742656274 0.19530770182609558 174
1723742676440 0.22274082899093628 175
1723742696486 0.21308384835720062 176
1723742716534 0.21779781579971313 177
1723742736555 0.20046822726726532 178
1723742756691 0.20710447430610657 179
1723742776772 0.21202337741851807 180
1723742796965 0.18704472482204437 181
1723742817363 0.19503295421600342 182
1723742837609 0.22808073461055756 183
1723742857617 0.22239692509174347 184
1723742877720 0.17908243834972382 185
1723742897779 0.20906120538711548 186
1723742917793 0.20508688688278198 187
1723742937837 0.2079707533121109 188
1723742957907 0.20282632112503052 189
1723742977880 0.1990809589624405 190
1723742998028 0.20856580138206482 191
1723743018142 0.21261778473854065 192
1723743038203 0.18882869184017181 193
1723743058325 0.16402201354503632 194
1723743078745 0.20728451013565063 195
1723743098811 0.18608026206493378 196
1723743119268 0.17444996535778046 197
1723743139270 0.21261844038963318 198
1723743159414 0.17303836345672607 199
1723743179486 0.17808115482330322 200
1723743199630 0.19281348586082458 201
1723743219944 0.21958938241004944 202
1723743240023 0.17850874364376068 203
1723743260173 0.2096581608057022 204
1723743280244 0.1896018385887146 205
1723743300317 0.18040171265602112 206
1723743320423 0.2205950766801834 207
1723743340507 0.22376318275928497 208
1723743360584 0.18241338431835175 209
1723743380566 0.20295625925064087 210
1723743400681 0.20251820981502533 211
1723743420767 0.19083929061889648 212
1723743440977 0.200309619307518 213
1723743461193 0.2189769595861435 214
1723743481477 0.21994540095329285 215
1723743501616 0.2344946712255478 216
1723743521727 0.16727468371391296 217
1723743541901 0.21081587672233582 218
1723743561864 0.2276311218738556 219
1723743581853 0.20198746025562286 220
1723743601995 0.1775270253419876 221
1723743622373 0.22259840369224548 222
1723743642551 0.21387271583080292 223
1723743662740 0.26229003071784973 224
1723743683076 0.2129213511943817 225
1723743703410 0.19289493560791016 226
1723743723508 0.1600462645292282 227
1723743743525 0.16928455233573914 228
1723743763750 0.22844651341438293 229
1723743783936 0.19459941983222961 230
1723743803929 0.14632217586040497 231
1723743824169 0.19831949472427368 232
1723743844184 0.21677212417125702 233
1723743864348 0.1810649037361145 234
1723743884553 0.1816525161266327 235
1723743904509 0.19805693626403809 236
1723743924663 0.19494368135929108 237
1723743944735 0.18555255234241486 238
1723743964843 0.1933191418647766 239
1723743984969 0.15899406373500824 240
1723744005412 0.19826072454452515 241
1723744025543 0.1821211874485016 242
1723744045578 0.19033044576644897 243
1723744065892 0.19267882406711578 244
1723744086058 0.1809159368276596 245
1723744106346 0.18034115433692932 246
1723744126691 0.19802875816822052 247
1723744146897 0.2068948894739151 248
1723744166981 0.17617206275463104 249
1723744187177 0.21393504738807678 250
1723744207163 0.2646655738353729 251
1723744227312 0.18649853765964508 252
1723744247464 0.18857914209365845 253
1723744267408 0.18647156655788422 254
1723744287689 0.18854594230651855 255
1723744308190 0.19776439666748047 256
1723744328255 0.16643592715263367 257
1723744348459 0.16254745423793793 258
1723744368590 0.20979294180870056 259
1723744388609 0.21388669312000275 260
1723744408824 0.1957981437444687 261
1723744428872 0.1991855353116989 262
1723744448801 0.1940867304801941 263
1723744468918 0.1967068761587143 264
1723744489111 0.2236775904893875 265
1723744509454 0.18159249424934387 266
1723744529771 0.1914047747850418 267
1723744550136 0.21232038736343384 268
1723744570124 0.165218785405159 269
1723744590438 0.22781921923160553 270
1723744610677 0.16747140884399414 271
1723744630891 0.18784837424755096 272
1723744651002 0.20254088938236237 273
1723744671095 0.17177824676036835 274
1723744691201 0.2083994746208191 275
1723744711522 0.20717759430408478 276
1723744731649 0.17803040146827698 277
1723744751715 0.18213848769664764 278
1723744771831 0.2264551967382431 279
1723744792035 0.2069534808397293 280
1723744812236 0.18943777680397034 281
1723744832359 0.226823627948761 282
1723744852484 0.19089573621749878 283
1723744872522 0.2001856416463852 284
1723744892873 0.17925746738910675 285
1723744912922 0.19231188297271729 286
1723744933029 0.20531399548053741 287
1723744953337 0.17092864215373993 288
1723744973478 0.18476751446723938 289
1723744993535 0.16626916825771332 290
1723745013589 0.21717116236686707 291
1723745033544 0.1654130220413208 292
1723745053637 0.20731468498706818 293
1723745073762 0.19552241265773773 294
1723745093961 0.20316648483276367 295
1723745114393 0.19410035014152527 296
1723745134538 0.1964050829410553 297
1723745154595 0.18814018368721008 298
1723745174860 0.2221790999174118 299
1723745195074 0.1851283311843872 300
1723745214997 0.1799265593290329 301
1723745235061 0.25756779313087463 302
1723745255300 0.15430131554603577 303
1723745275376 0.19120314717292786 304
1723745295517 0.1998888999223709 305
1723745315651 0.18058033287525177 306
1723745335553 0.20253367722034454 307
1723745355584 0.18553592264652252 308
1723745375754 0.1861659735441208 309
1723745395730 0.20292983949184418 310
1723745416012 0.19730517268180847 311
1723745436125 0.19887091219425201 312
1723745456473 0.24113844335079193 313
1723745476803 0.1853034496307373 314
1723745496763 0.16109365224838257 315
1723745516816 0.1648404747247696 316
1723745537078 0.17407791316509247 317
1723745557151 0.1913854032754898 318
1723745577258 0.1821097880601883 319
1723745597398 0.23028679192066193 320
1723745617703 0.16748833656311035 321
1723745638029 0.1823524832725525 322
1723745658431 0.16814066469669342 323
1723745678639 0.19656497240066528 324
1723745698713 0.15543174743652344 325
1723745718956 0.1721826195716858 326
1723745739149 0.2081349790096283 327
1723745759175 0.18442675471305847 328
1723745779478 0.18358007073402405 329
1723745799484 0.16004441678524017 330
1723745819528 0.19686493277549744 331
1723745839800 0.18201348185539246 332
1723745859931 0.1848001480102539 333
1723745879923 0.20206859707832336 334
1723745900422 0.20476305484771729 335
1723745920624 0.2122328132390976 336
1723745940853 0.188418909907341 337
1723745960958 0.21375013887882233 338
1723745981057 0.1556655317544937 339
1723746001182 0.21194389462471008 340
1723746021280 0.2174643725156784 341
1723746041465 0.16494566202163696 342
1723746061717 0.18953092396259308 343
1723746081839 0.19367925822734833 344
1723746102011 0.2031974345445633 345
1723746122249 0.2043987512588501 346
1723746142187 0.21273232996463776 347
1723746162147 0.16932693123817444 348
1723746182527 0.17663539946079254 349
1723746202483 0.20653551816940308 350
1723746222666 0.16449441015720367 351
1723746242778 0.1933089643716812 352
1723746262943 0.1836259514093399 353
1723746283130 0.19993360340595245 354
1723746303299 0.22140271961688995 355
1723746323502 0.186984121799469 356
1723746343792 0.20383742451667786 357
1723746364046 0.19723007082939148 358
1723746384217 0.16072490811347961 359
1723746404378 0.17384319007396698 360
1723746424462 0.1784241497516632 361
1723746444567 0.17812514305114746 362
1723746464887 0.2421800196170807 363
1723746484902 0.1815604567527771 364
1723746504881 0.20457233488559723 365
1723746524932 0.21583548188209534 366
1723746545140 0.22033363580703735 367
1723746565076 0.17809763550758362 368
1723746585469 0.1914878636598587 369
1723746605486 0.20892895758152008 370
1723746625545 0.19546067714691162 371
1723746645759 0.18897554278373718 372
1723746665994 0.22093002498149872 373
1723746686159 0.1863240897655487 374
1723746706184 0.1647992581129074 375
1723746726590 0.1943453848361969 376
1723746746767 0.21961665153503418 377
1723746767018 0.18427568674087524 378
1723746787241 0.18693825602531433 379
1723746807110 0.16967225074768066 380
1723746827177 0.19200803339481354 381
1723746847281 0.19545793533325195 382
1723746867499 0.17274904251098633 383
1723746887644 0.16205570101737976 384
1723746907849 0.19783906638622284 385
1723746927974 0.1852024495601654 386
1723746947970 0.20831036567687988 387
1723746968124 0.15928564965724945 388
1723746988074 0.19157694280147552 389
1723747008203 0.1837228238582611 390
1723747028138 0.20600341260433197 391
1723747048435 0.17736315727233887 392
1723747068462 0.16494518518447876 393
1723747088416 0.17921997606754303 394
1723747108693 0.1840040534734726 395
1723747128933 0.21676002442836761 396
1723747149150 0.2050812542438507 397
1723747169472 0.19015932083129883 398
1723747189511 0.19246357679367065 399
1723747209582 0.16830609738826752 400
1723747229968 0.18104323744773865 401
1723747250049 0.2194848358631134 402
1723747270145 0.19074812531471252 403
1723747290428 0.16654692590236664 404
1723747310707 0.20149721205234528 405
1723747330732 0.18842341005802155 406
1723747350877 0.19587033987045288 407
1723747371098 0.1884971559047699 408
1723747391254 0.16985563933849335 409
1723747411317 0.17659679055213928 410
1723747431442 0.19710302352905273 411
1723747451699 0.1929360330104828 412
1723747471997 0.17650243639945984 413
1723747492059 0.17463384568691254 414
1723747512388 0.17998607456684113 415
1723747532398 0.1780996173620224 416
1723747552545 0.17041048407554626 417
1723747572749 0.16987060010433197 418
1723747592945 0.2268357276916504 419
1723747612963 0.22757673263549805 420
1723747633181 0.1714218258857727 421
1723747653236 0.1902957707643509 422
1723747673410 0.22396814823150635 423
1723747693656 0.19517694413661957 424
1723747713720 0.2372182160615921 425
1723747734060 0.15973645448684692 426
1723747754133 0.17770424485206604 427
1723747774461 0.20850522816181183 428
1723747794725 0.20530815422534943 429
1723747815664 0.17522718012332916 430
1723747836814 0.19371111690998077 431
1723747857741 0.1463301181793213 432
1723747878452 0.17517879605293274 433
1723747898768 0.19641463458538055 434
1723747918932 0.19915613532066345 435
1723747939080 0.22554801404476166 436
1723747959312 0.21634232997894287 437
1723747979290 0.16942137479782104 438
1723747999348 0.16443076729774475 439
1723748019629 0.21465758979320526 440
1723748039746 0.17253948748111725 441
1723748060094 0.17719295620918274 442
1723748080146 0.21464881300926208 443
1723748100391 0.1998147964477539 444
1723748120676 0.19944778084754944 445
1723748140744 0.1844812035560608 446
1723748160942 0.21375612914562225 447
1723748181141 0.16737723350524902 448
1723748201197 0.20108643174171448 449
1723748221257 0.18136779963970184 450
1723748241365 0.1711881458759308 451
1723748261615 0.1839442402124405 452
1723748281861 0.21164387464523315 453
1723748302017 0.19907595217227936 454
1723748322205 0.16116411983966827 455
1723748342249 0.17202211916446686 456
1723748362431 0.17206671833992004 457
1723748382474 0.1624235361814499 458
1723748402607 0.19481639564037323 459
1723748422772 0.21918386220932007 460
1723748443020 0.1884586066007614 461
1723748463190 0.1517365574836731 462
1723748483385 0.19301168620586395 463
1723748504169 0.18193137645721436 464
1723748524389 0.20590192079544067 465
1723748544543 0.2010970562696457 466
1723748564702 0.23279033601284027 467
1723748584832 0.20832635462284088 468
1723748604954 0.208050936460495 469
1723748625042 0.18373216688632965 470
1723748645295 0.22117672860622406 471
1723748665660 0.20898891985416412 472
1723748686049 0.2070688009262085 473
1723748706250 0.18545928597450256 474
1723748726336 0.21029514074325562 475
1723748746424 0.2321663349866867 476
1723748766627 0.20030735433101654 477
1723748786707 0.18829560279846191 478
1723748806719 0.17594210803508759 479
1723748826885 0.2061699479818344 480
1723748847189 0.1911115050315857 481
1723748867450 0.17871986329555511 482
1723748887967 0.15706373751163483 483
1723748908270 0.19533386826515198 484
1723748928489 0.19568759202957153 485
1723748948730 0.19136260449886322 486
1723748968874 0.1765163093805313 487
1723748989031 0.179558664560318 488
1723749009264 0.20652849972248077 489
1723749029240 0.2334655374288559 490
1723749049499 0.18506909906864166 491
1723749069639 0.1926785707473755 492
1723749089753 0.18723072111606598 493
1723749110097 0.19570507109165192 494
1723749130289 0.17029385268688202 495
1723749150442 0.2101513296365738 496
1723749170814 0.19379830360412598 497
1723749190956 0.19522377848625183 498
1723749210962 0.19227410852909088 499
