1725930596856 6.157691253026327 150
1725930909343 6.084450387954712 300
1725931222638 6.024477637608846 450
1725931534321 5.95792605082194 600
1725931845671 5.934551239013672 750
1725932158043 5.911275974909464 900
1725932469041 5.96049568494161 1050
1725932782693 5.890768063863119 1200
1725933097106 5.887214269638061 1350
1725933408159 5.897771368026733 1500
1725933718216 5.852207689285279 1650
1725934031345 5.853437910079956 1800
1725934343773 5.816785845756531 1950
1725934654806 5.809095592498779 2100
1725934965017 5.802560466130575 2250
1725935275892 5.829272495905558 2400
1725935588185 5.77770207564036 2550
1725935899425 5.781362258593242 2700
1725936211322 5.8452779515584306 2850
1725936522670 5.806047458648681 3000
1725936833282 5.812549562454223 3150
1725937145606 5.774793175061544 3300
1725937457924 5.8246150398254395 3450
1725937768680 5.75529231707255 3600
1725938079768 5.75759926478068 3750
1725938391908 5.7431359990437825 3900
1725938704111 5.747262357076009 4050
1725939017366 5.722222622235616 4200
1725939329158 5.773844197591146 4350
1725939641819 5.723919954299927 4500
1725939953004 5.724316881497701 4650
1725940264484 5.7332239373524985 4800
1725940577191 5.680788249969482 4950
1725940889396 5.750205462773641 5100
1725941200034 5.725534118016561 5250
1725941513791 5.682559814453125 5400
1725941825414 5.727234554290772 5550
1725942137255 5.70611450513204 5700
1725942448627 5.71280078570048 5850
1725942760997 5.685189456939697 6000
1725943073475 5.682253224054972 6150
1725943387362 5.702578245798747 6300
1725943700860 5.687200895945231 6450
1725944013999 5.680033976236979 6600
1725944326727 5.646787090301514 6750
1725944639374 5.6817594846089685 6900
1725944953205 5.650802421569824 7050
1725945265740 5.65952714284261 7200
1725945578837 5.660187679926555 7350
1725945891510 5.650035937627156 7500
1725946211872 5.645024639765421 7650
1725946550600 5.637045707702637 7800
1725946862166 5.626854810714722 7950
1725947173303 5.628587582906087 8100
1725947485650 5.642719872792562 8250
1725947797760 5.625601215362549 8400
1725948111098 5.595416498184204 8550
1725948423038 5.636055628458659 8700
1725948736882 5.627791913350423 8850
1725949053396 5.6457668336232505 9000
1725949367434 5.59215106010437 9150
1725949679680 5.5835046927134195 9300
1725949992783 5.608310343424479 9450
1725950305643 5.592379366556804 9600
1725950616913 5.595813231468201 9750
1725950930584 5.58136671702067 9900
1725951244828 5.605793358484904 10050
1725951557712 5.6011339410146075 10200
1725951871662 5.5924551328023275 10350
1725952184831 5.627889283498129 10500
1725952492283 5.582412017186483 10650
1725952793589 5.567720657984416 10800
1725953107046 5.63911190032959 10950
1725953420785 5.585469907124837 11100
1725953734096 5.601766503651937 11250
1725954046047 5.5888396135965985 11400
1725954360465 5.582208188374837 11550
1725954673832 5.609169451395671 11700
1725954986316 5.586216905911764 11850
1725955300909 5.6148312981923425 12000
1725955614469 5.560146675109864 12150
1725955928479 5.564327987035115 12300
1725956243652 5.565653851826986 12450
1725956558528 5.603845074971517 12600
1725956872147 5.551810736656189 12750
1725957186110 5.517769530614217 12900
1725957499779 5.559077164332072 13050
1725957811868 5.5612242221832275 13200
1725958125182 5.543683687845866 13350
1725958439396 5.53313494682312 13500
1725958754685 5.555031436284383 13650
1725959069202 5.5675435066223145 13800
1725959369236 5.552642976442973 13950
1725959681063 5.507902503013611 14100
1725959993730 5.550559306144715 14250
1725960307887 5.565884830156962 14400
1725960623086 5.532209250132243 14550
1725960937838 5.493357709248861 14700
1725961254598 5.524870036443074 14850
1725961567229 5.567308514912924 15000
