1725930577882 6.169271036242763 140
1725930890905 6.092679897944133 290
1725931204198 6.003805907567342 440
1725931515929 5.9444637743632 590
1725931827081 5.9784037939707435 740
1725932139529 5.871227544148763 890
1725932450556 5.972765595118204 1040
1725932763813 5.91624174118042 1190
1725933078323 5.893926668167114 1340
1725933389496 5.906699794133504 1490
1725933699724 5.81574254989624 1640
1725934012664 5.882584040959676 1790
1725934325392 5.783663182258606 1940
1725934636507 5.835285733540853 2090
1725934946506 5.777154912948609 2240
1725935257477 5.85289958635966 2390
1725935569779 5.779693535168966 2540
1725935880755 5.769382894833883 2690
1725936193060 5.8213188902537025 2840
1725936504077 5.879929374059041 2990
1725936814882 5.735968987147014 3140
1725937126856 5.821948741277059 3290
1725937439456 5.787240029970805 3440
1725937750230 5.773782107035319 3590
1725938061148 5.753352839152019 3740
1725938373150 5.7488090006510415 3890
1725938685499 5.741665261586507 4040
1725938998371 5.759289628664653 4190
1725939310685 5.7405785528818765 4340
1725939623350 5.750515645345052 4490
1725939934442 5.690591645240784 4640
1725940245752 5.759027198155721 4790
1725940558477 5.683444658915202 4940
1725940870600 5.762700227101644 5090
1725941181496 5.713294738133748 5240
1725941495126 5.627060619990031 5390
1725941806841 5.762798563639323 5540
1725942118574 5.718727684020996 5690
1725942429897 5.7092994022369385 5840
1725942742398 5.675382795333863 5990
1725943054404 5.715192594528198 6140
1725943369043 5.679331544240315 6290
1725943682232 5.679763717651367 6440
1725943995196 5.7113016351064045 6590
1725944308172 5.6285645993550615 6740
1725944620516 5.6839750893910725 6890
1725944934620 5.640623455047607 7040
1725945246989 5.6452310848236085 7190
1725945560171 5.649902830123901 7340
1725945872733 5.6699434121449785 7490
1725946190929 5.647711887359619 7640
1725946530026 5.6185805638631185 7790
1725946843677 5.651898295084635 7940
1725947154692 5.6231811968485514 8090
1725947467210 5.63625293413798 8240
1725947779439 5.58581023534139 8390
1725948092450 5.627978738149007 8540
1725948404313 5.672400814692179 8690
1725948717890 5.5941644922892255 8840
1725949034531 5.682299086252848 8990
1725949348633 5.581698748270671 9140
1725949661199 5.566461893717448 9290
1725949974182 5.623383855819702 9440
1725950287038 5.594157288869222 9590
1725950598321 5.575924162864685 9740
1725950911999 5.5942173671722415 9890
1725951226300 5.584202038447062 10040
1725951539025 5.6141187318166095 10190
1725951852848 5.609912277857463 10340
1725952165976 5.640864009857178 10490
1725952475445 5.557136898040771 10640
1725952774245 5.558266671498616 10790
1725953088218 5.652484321594239 10940
1725953401548 5.600299574534098 11090
1725953715291 5.6095660813649495 11240
1725954027612 5.57779660542806 11390
1725954341574 5.5854884751637774 11540
1725954655121 5.594649324417114 11690
1725954967592 5.576462966601054 11840
1725955282324 5.639029970169068 11990
1725955595795 5.5569235070546465 12140
1725955909851 5.528226232528686 12290
1725956224634 5.588513536453247 12440
1725956539815 5.585239683787028 12590
1725956853543 5.573253070513408 12740
1725957167327 5.541541407903035 12890
1725957481063 5.537097244262696 13040
1725957793231 5.541633030573527 13190
1725958106494 5.583546450932821 13340
1725958420552 5.521900726954143 13490
1725958735781 5.53621327082316 13640
1725959050088 5.593877649307251 13790
1725959350447 5.518739466667175 13940
1725959662295 5.5459743309021 14090
1725959974964 5.540470469792684 14240
1725960289229 5.562070434888204 14390
1725960604145 5.52703267733256 14540
1725960919156 5.486835600535075 14690
1725961235510 5.519127705891927 14840
1725961548775 5.592541446685791 14990
