1723749231522 2.132385015487671 0
1723749251962 2.1565780639648438 1
1723749272192 1.5548876523971558 2
1723749292482 2.331106662750244 3
1723749312788 1.8561738729476929 4
1723749333045 1.7102044820785522 5
1723749353289 1.7020946741104126 6
1723749373377 1.187292456626892 7
1723749393567 1.242844581604004 8
1723749413596 1.2918845415115356 9
1723749433936 1.413303017616272 10
1723749453928 1.2458487749099731 11
1723749474013 1.4063353538513184 12
1723749494008 1.3211333751678467 13
1723794109116 1.1724234819412231 14
1723794128842 1.2051575183868408 15
1723794148913 1.2396810054779053 16
1723794167509 1.3201172351837158 17
1723794187485 1.3443069458007812 18
1723794207059 1.3591508865356445 19
1723794226624 1.30600106716156 20
1723794246267 1.1820751428604126 21
1723794265869 1.284406304359436 22
1723794285532 1.3263908624649048 23
1723794305169 1.4681851863861084 24
1723794324755 1.2227874994277954 25
1723794344496 1.3148540258407593 26
1723794364195 1.5427520275115967 27
1723794383963 1.5283375978469849 28
1723794403667 1.2464220523834229 29
1723794423253 1.3267124891281128 30
1723794442987 1.1731005907058716 31
1723794462812 1.4332120418548584 32
1723794483224 1.1497819423675537 33
1723794503354 1.1907011270523071 34
1723794522976 1.3663169145584106 35
1723794542541 1.3679115772247314 36
1723794562365 1.180505394935608 37
1723794582049 1.2404338121414185 38
1723794601722 1.276053547859192 39
1723794621421 1.3868744373321533 40
1723794641145 1.3478199243545532 41
1723794660982 1.3141037225723267 42
1723794680954 1.2835248708724976 43
1723794700764 1.2099860906600952 44
1723794720829 1.3531924486160278 45
1723794740756 1.271641731262207 46
1723794761348 1.0577476024627686 47
1723794782995 1.3136261701583862 48
1723794805894 1.2340219020843506 49
1723794828960 1.3460750579833984 50
1723794851463 1.3558412790298462 51
1723794874181 1.4733526706695557 52
1723794896398 1.3183846473693848 53
1723794918120 1.2770928144454956 54
1723794939754 1.3233280181884766 55
1723794961628 1.4536205530166626 56
1723794983361 1.0594019889831543 57
1723795005071 1.2308690547943115 58
1723795026900 1.4351688623428345 59
1723795048797 1.2529313564300537 60
1723795070715 1.2926604747772217 61
1723795092552 1.2808749675750732 62
1723795114379 1.2662240266799927 63
1723795135795 1.2578245401382446 64
1723795157000 1.2585651874542236 65
1723795178221 1.2014570236206055 66
1723795199416 1.2735283374786377 67
1723795220287 1.3242473602294922 68
1723795241320 1.0543686151504517 69
1723795262439 1.3574713468551636 70
1723795283471 1.4156931638717651 71
1723795304622 1.2590383291244507 72
1723795325710 1.2103229761123657 73
1723795346746 1.3023141622543335 74
1723795367887 1.234696865081787 75
1723795389036 1.3101855516433716 76
1723795410181 1.1298521757125854 77
1723795431292 1.5684198141098022 78
1723795452474 1.2722240686416626 79
1723795473524 1.2937512397766113 80
1723795494882 1.1062769889831543 81
1723795516001 1.4390949010849 82
1723795537246 1.309928297996521 83
1723795558409 1.1470484733581543 84
1723795579652 1.2856194972991943 85
1723795600246 1.4289461374282837 86
1723795620902 1.1660523414611816 87
1723795641026 1.3771635293960571 88
1723795662080 1.2331961393356323 89
1723795682079 1.084863543510437 90
1723795702225 1.3923004865646362 91
1723795722302 1.3824188709259033 92
1723795742642 1.4675226211547852 93
1723795762706 1.3366161584854126 94
1723795782750 1.2638481855392456 95
1723795803293 1.2495770454406738 96
1723795823320 1.0058237314224243 97
1723795843720 1.1582521200180054 98
1723795863819 1.3792952299118042 99
1723795884115 1.2358447313308716 100
1723795904541 1.4017781019210815 101
1723795924473 1.1739245653152466 102
1723795944649 1.2734624147415161 103
1723795964995 1.7610408067703247 104
1723795985200 1.5832427740097046 105
1723796005517 1.3542611598968506 106
1723796025533 1.3198140859603882 107
1723796045460 1.3151911497116089 108
1723796065641 1.460997462272644 109
1723796085956 1.1784868240356445 110
1723796106000 1.4083073139190674 111
1723796126097 1.160386085510254 112
1723796146187 1.283951997756958 113
1723796166077 1.3630262613296509 114
1723796186445 0.9522615075111389 115
1723796206474 1.274609923362732 116
1723796226411 1.2277567386627197 117
1723796246575 1.4064496755599976 118
1723796266687 1.362752079963684 119
1723796286633 1.2456401586532593 120
1723796306738 1.2498910427093506 121
1723796327032 1.3326762914657593 122
1723796347204 1.2025489807128906 123
1723796367379 1.1634187698364258 124
1723796387340 1.5093162059783936 125
1723796407464 1.1777522563934326 126
1723796427685 1.5395928621292114 127
1723796447833 1.1610057353973389 128
1723796467785 1.4108635187149048 129
1723796488124 1.1099557876586914 130
1723796508496 1.2895519733428955 131
1723796528609 1.243313193321228 132
1723796548960 1.4685910940170288 133
1723796569057 1.2372843027114868 134
1723796589048 1.4434528350830078 135
1723796609009 1.2909770011901855 136
1723796629113 1.1633741855621338 137
1723796649394 1.3378233909606934 138
1723796669966 1.2011967897415161 139
1723796690304 1.3832740783691406 140
1723796710396 1.1453431844711304 141
1723796730619 1.09522545337677 142
1723796750535 1.392013430595398 143
1723796771093 1.1115269660949707 144
1723796791097 1.13959801197052 145
1723796811142 1.3507394790649414 146
1723796831477 1.5229524374008179 147
1723796851930 1.3583489656448364 148
1723796872121 1.2581771612167358 149
1723796892398 0.9807642102241516 150
1723796912609 1.1472179889678955 151
1723796932504 1.253670334815979 152
1723796952960 1.4765375852584839 153
1723796972964 1.1208417415618896 154
1723796992994 1.2158572673797607 155
1723797013110 1.3094152212142944 156
1723797033408 1.3873430490493774 157
1723797053580 1.2254712581634521 158
1723797073802 1.1420574188232422 159
1723797093739 1.1627875566482544 160
1723797114608 1.2719889879226685 161
1723797134811 1.3273839950561523 162
1723797155090 1.244896650314331 163
1723797175124 1.0889062881469727 164
1723797195494 1.286247968673706 165
1723797215399 1.23666250705719 166
1723797236220 1.359047293663025 167
1723797257378 1.2017607688903809 168
1723797277853 1.3253437280654907 169
1723797298081 1.199934720993042 170
1723797318120 1.2639479637145996 171
1723797338446 1.3869777917861938 172
1723797358646 1.4396532773971558 173
1723797378797 1.3006317615509033 174
1723797398891 1.2748730182647705 175
1723797419123 1.1523818969726562 176
1723797439320 1.4081779718399048 177
1723797459329 1.346371054649353 178
1723797479636 1.3352428674697876 179
1723797499813 1.3941749334335327 180
1723797519919 1.0855941772460938 181
1723797540219 1.222678542137146 182
1723797560561 1.245236873626709 183
1723797580480 1.2830076217651367 184
1723797600508 1.517106056213379 185
1723797621118 1.343804121017456 186
1723797641195 1.5827646255493164 187
1723797661248 1.4531623125076294 188
1723797681455 1.4003496170043945 189
1723797701463 1.4000508785247803 190
1723797721756 1.174767255783081 191
1723797742087 1.1317368745803833 192
1723797762235 1.3128488063812256 193
1723797782450 1.1690465211868286 194
1723797802760 1.3792754411697388 195
1723797822856 1.3642410039901733 196
1723797842960 1.3168388605117798 197
1723797863378 1.5071717500686646 198
1723797883487 1.4738123416900635 199
1723797903753 1.2345051765441895 200
1723797923858 1.22950279712677 201
1723797943957 1.2951022386550903 202
1723797964231 1.3462146520614624 203
1723797984471 1.225602388381958 204
1723798004540 1.5112954378128052 205
1723798024695 1.2197210788726807 206
1723798045025 1.3687264919281006 207
1723798065035 1.3416967391967773 208
1723798085284 1.298778772354126 209
1723798105293 1.3680856227874756 210
1723798125560 1.710449457168579 211
1723798145925 1.3743304014205933 212
1723798166268 1.3294894695281982 213
1723798186586 1.4140092134475708 214
1723798206886 1.2004917860031128 215
1723798226897 1.1691888570785522 216
1723798247083 1.4650565385818481 217
1723798267400 1.1368186473846436 218
1723798287523 1.1947381496429443 219
1723798307855 1.2780948877334595 220
1723798327970 1.1983773708343506 221
1723798348292 1.1363797187805176 222
1723798368587 1.4157519340515137 223
1723798389000 1.2675434350967407 224
1723798409401 1.311539888381958 225
1723798429725 1.2956457138061523 226
1723798449769 1.1446213722229004 227
1723798469921 1.0395394563674927 228
1723798490329 1.2362568378448486 229
1723798510372 1.3590017557144165 230
1723798530650 1.4130123853683472 231
1723798550699 1.1097830533981323 232
1723798570761 1.27390718460083 233
1723798590751 1.3689687252044678 234
1723798611197 1.2261004447937012 235
1723798631449 1.5635360479354858 236
1723798651526 1.1123905181884766 237
1723798671651 1.4027807712554932 238
1723798691852 1.2469866275787354 239
1723798712053 1.407031536102295 240
1723798732754 1.416464924812317 241
1723798752864 1.2494583129882812 242
1723798773034 1.2247215509414673 243
1723798793158 1.6045610904693604 244
1723798813414 1.2110542058944702 245
1723798833828 1.3407092094421387 246
1723798853994 1.2496289014816284 247
1723798874270 1.3187974691390991 248
1723798894365 1.4882782697677612 249
1723798914556 1.2477566003799438 250
1723798934917 1.3273341655731201 251
1723798955094 1.1484160423278809 252
1723798975306 1.3120023012161255 253
1723798995259 1.2746057510375977 254
1723799015534 1.24076509475708 255
1723799035675 1.2923510074615479 256
1723799055768 1.2813999652862549 257
1723799076206 1.1249088048934937 258
1723799096364 1.1567814350128174 259
1723799116558 1.0953757762908936 260
1723799136765 1.2600141763687134 261
1723799157189 1.3889449834823608 262
1723799177426 1.284260869026184 263
1723799197821 1.2274538278579712 264
1723799217876 1.1541271209716797 265
1723799238120 1.3268564939498901 266
1723799258295 1.255682349205017 267
1723799278419 1.1529220342636108 268
1723799298549 1.2680630683898926 269
1723799318928 1.1196496486663818 270
1723799339155 1.2927664518356323 271
1723799359379 1.31089448928833 272
1723799379490 1.1394814252853394 273
1723799399744 1.3847441673278809 274
1723799419813 1.1347306966781616 275
1723799440352 1.4053547382354736 276
1723799460479 1.2630411386489868 277
1723799480799 1.4465935230255127 278
1723799500780 1.3408844470977783 279
1723799521265 1.2877323627471924 280
1723799541629 1.2877992391586304 281
1723799561764 1.0164810419082642 282
1723799581771 1.1825785636901855 283
1723799602139 1.3745487928390503 284
1723799622222 1.319199800491333 285
1723799642441 1.4585225582122803 286
1723799662577 1.519723653793335 287
1723799682851 1.4365081787109375 288
1723799703655 1.3191410303115845 289
1723799724872 1.329102635383606 290
1723799745931 1.314673900604248 291
1723799766970 1.2344924211502075 292
1723799787557 1.1601734161376953 293
1723799807768 1.3665359020233154 294
1723799827828 1.3044888973236084 295
1723799848004 1.3161466121673584 296
1723799868260 1.4127570390701294 297
1723799888461 1.2714202404022217 298
1723799908531 1.3490263223648071 299
1723799928575 1.2810378074645996 300
1723799948733 1.3779630661010742 301
1723799968808 1.1949816942214966 302
1723799988806 1.2823162078857422 303
1723800008981 1.3282831907272339 304
1723800029060 1.2319787740707397 305
1723800049162 1.0478813648223877 306
1723800069349 1.0815739631652832 307
1723800089538 1.3666505813598633 308
1723800109614 1.3666837215423584 309
1723800130091 1.213032841682434 310
1723800150200 1.1414101123809814 311
1723800170386 1.1942647695541382 312
1723800190829 1.1898621320724487 313
1723800210857 1.1902304887771606 314
1723800231004 1.336430311203003 315
1723800251375 1.3596992492675781 316
1723800271708 1.218478798866272 317
1723800291811 1.3110121488571167 318
1723800311996 1.4426143169403076 319
1723800332298 1.2369304895401 320
1723800353142 1.3712481260299683 321
1723800373216 1.1042790412902832 322
1723800393650 1.4071496725082397 323
1723800413893 1.2081142663955688 324
1723800434229 1.2190630435943604 325
1723800454532 1.348217487335205 326
1723800474634 1.3686541318893433 327
1723800494735 1.2345969676971436 328
1723800515004 1.4255684614181519 329
1723800535384 1.3505746126174927 330
1723800555583 1.3934248685836792 331
1723800575685 1.261931300163269 332
1723800595862 1.1634219884872437 333
1723800615844 1.289696455001831 334
1723800636202 1.1681528091430664 335
1723800656338 1.5132167339324951 336
1723800676354 1.1943246126174927 337
1723800696405 1.3827648162841797 338
1723800716819 1.4465968608856201 339
1723800736946 1.5155009031295776 340
1723800757129 1.241808533668518 341
1723800777571 1.2602461576461792 342
1723800797613 1.353300929069519 343
1723800817859 1.2820767164230347 344
1723800838017 1.20072340965271 345
1723800858073 1.2149322032928467 346
1723800878197 1.5279431343078613 347
1723800898193 1.3203636407852173 348
1723800918302 1.164076328277588 349
1723800938684 1.5188928842544556 350
1723800958943 1.201556921005249 351
1723800978936 1.395912766456604 352
1723800999258 1.2315235137939453 353
1723801019598 1.32234525680542 354
1723801039499 1.4296261072158813 355
1723801059761 1.406988263130188 356
1723801079999 1.1772096157073975 357
1723801100078 1.3974285125732422 358
1723801120422 1.0558773279190063 359
1723801140445 1.2008917331695557 360
1723801160501 1.2548184394836426 361
1723801180711 1.4137009382247925 362
1723801200856 1.2332367897033691 363
1723801221200 1.3907150030136108 364
1723801241492 1.4223451614379883 365
1723801261709 1.350409746170044 366
1723801281925 1.3819286823272705 367
1723801301990 1.3129665851593018 368
1723801322203 1.169755458831787 369
1723801342745 1.3924267292022705 370
1723801362845 1.222165822982788 371
1723801382916 1.3998767137527466 372
1723801403147 1.415136694908142 373
1723801423408 1.4375905990600586 374
1723801443441 1.1783806085586548 375
1723801463490 1.5805268287658691 376
1723801483683 1.2205350399017334 377
1723801503858 1.1611398458480835 378
1723801524089 1.4063478708267212 379
1723801544318 1.316834568977356 380
1723801564695 1.2063629627227783 381
1723801584876 1.4424077272415161 382
1723801605143 1.2757564783096313 383
1723801625365 1.1633902788162231 384
1723801645661 1.2152446508407593 385
1723801665732 1.469608187675476 386
1723801685876 1.2158846855163574 387
1723801706199 1.3603719472885132 388
1723801726351 1.4271576404571533 389
1723801746608 1.1715244054794312 390
1723801766827 1.1969934701919556 391
1723801786923 1.2851221561431885 392
1723801807039 1.309401035308838 393
1723801827408 1.2780252695083618 394
1723801847495 1.3065179586410522 395
1723801867874 1.3155858516693115 396
1723801887920 1.2496058940887451 397
1723801908113 1.1027100086212158 398
1723801928545 1.1088162660598755 399
1723801948913 1.2768510580062866 400
1723801969518 1.2512755393981934 401
1723801989860 1.245204210281372 402
1723802009998 1.1152327060699463 403
1723802030287 1.1968164443969727 404
1723802050472 1.4500927925109863 405
1723802070574 1.2370257377624512 406
1723802090620 1.2240506410598755 407
1723802110861 1.2954156398773193 408
1723802131165 1.3483102321624756 409
1723802151323 1.395542025566101 410
1723802171570 1.274919033050537 411
1723802191607 1.291860580444336 412
1723802211824 1.4439805746078491 413
1723802232137 1.2604961395263672 414
1723802252373 1.2077679634094238 415
1723802272429 1.346777081489563 416
1723802292612 1.4849159717559814 417
1723802312709 1.3048372268676758 418
1723802332863 1.2869945764541626 419
1723802352964 1.229474663734436 420
1723802373334 1.1841341257095337 421
1723802393518 1.295819878578186 422
1723802413857 1.1224380731582642 423
1723802433953 1.362369418144226 424
1723802454049 1.2796010971069336 425
1723802474167 1.342565894126892 426
1723802494259 1.2926198244094849 427
1723802514676 1.2451515197753906 428
1723802534891 1.3431971073150635 429
1723802555192 1.1609586477279663 430
1723802575378 1.3433177471160889 431
1723802595590 1.4859766960144043 432
1723802615612 1.3846619129180908 433
1723802636084 1.5849089622497559 434
1723802656376 1.3726139068603516 435
1723802676692 1.2792985439300537 436
1723802696833 1.2263177633285522 437
1723802716961 1.2364962100982666 438
1723802737264 1.1881567239761353 439
1723802757354 1.3091415166854858 440
1723802777525 1.5473942756652832 441
1723802797671 1.0388206243515015 442
1723802817794 1.2186310291290283 443
1723802838142 1.4500805139541626 444
1723802858246 1.6491501331329346 445
1723802878554 1.3901538848876953 446
1723802898582 1.2156718969345093 447
1723802918752 1.2750470638275146 448
1723802939105 1.1049946546554565 449
1723802959448 1.4457844495773315 450
1723802979744 1.3826589584350586 451
1723802999982 1.4817464351654053 452
1723803020120 1.423802137374878 453
1723803040359 1.2403521537780762 454
1723803060471 1.190877914428711 455
1723803080673 1.4199684858322144 456
1723803100831 1.2365801334381104 457
1723803121110 1.2700527906417847 458
1723803141342 1.1841012239456177 459
1723803161454 1.1770316362380981 460
1723803181930 1.3651171922683716 461
1723803202066 1.1635328531265259 462
1723803222467 1.2552169561386108 463
1723803242700 1.3913366794586182 464
1723803262681 1.1577779054641724 465
1723803282812 1.3101298809051514 466
1723803302955 1.2146822214126587 467
1723803322995 1.1888413429260254 468
1723803343269 1.1647374629974365 469
1723803363578 1.1466795206069946 470
1723803383650 1.2865840196609497 471
1723803403896 1.4208605289459229 472
1723803424143 1.345064401626587 473
1723803444553 1.3482083082199097 474
1723803464787 1.4165228605270386 475
1723803484959 1.4157390594482422 476
1723803505240 1.3775138854980469 477
1723803525429 1.4002645015716553 478
1723803546202 1.3013266324996948 479
1723803566210 1.258544683456421 480
1723803586647 1.1232483386993408 481
1723803606665 1.3600643873214722 482
1723803626690 1.3276060819625854 483
1723803647274 1.2619367837905884 484
1723803667377 1.4168009757995605 485
1723803687479 1.3413784503936768 486
1723803707688 1.4147063493728638 487
1723803727873 1.2298349142074585 488
1723803748244 1.1746939420700073 489
1723803768253 1.3223363161087036 490
1723803788306 1.5729038715362549 491
1723803808357 1.2855749130249023 492
1723803828378 1.320426344871521 493
1723803848395 1.0898401737213135 494
1723803868555 1.471470832824707 495
1723803888691 1.1860976219177246 496
1723803908693 1.2264593839645386 497
1723803928823 1.218860387802124 498
1723803948938 1.2767391204833984 499
