1723706019906 13.469915390014648 0
1723706044946 6.430294036865234 1
1723706069645 6.207632541656494 2
1723706094271 4.381392955780029 3
1723706119034 4.630415916442871 4
1723706143784 3.986480474472046 5
1723706168445 4.992598533630371 6
1723706194836 5.455024719238281 7
1723706221649 4.958942890167236 8
1723706248125 4.5498881340026855 9
1723706272803 3.997323513031006 10
1723706297602 4.510223865509033 11
1723706322379 3.805424690246582 12
1723706347244 5.194452285766602 13
1723706371977 4.124773979187012 14
1723706397054 4.455877780914307 15
1723706421986 3.8939733505249023 16
1723706446817 4.289284706115723 17
1723706472079 4.291282653808594 18
1723706496783 3.2348170280456543 19
1723706521352 4.573171138763428 20
1723706545948 4.583403587341309 21
1723706570566 4.555721759796143 22
1723706595449 4.396820068359375 23
1723706620059 3.4035532474517822 24
1723706644771 4.088808059692383 25
1723706669426 4.4526238441467285 26
1723706693972 4.277744293212891 27
1723706718753 5.514472007751465 28
1723706743490 5.380465507507324 29
1723706768134 4.1084771156311035 30
1723706792855 4.2608747482299805 31
1723706817475 4.971766471862793 32
1723706842313 5.501887321472168 33
1723706866943 4.52685022354126 34
1723706891634 4.798801422119141 35
1723706916416 5.115996360778809 36
1723706941211 5.6341142654418945 37
1723706965889 4.113689422607422 38
1723706990655 3.838195323944092 39
1723707015516 4.744243621826172 40
1723707040100 4.689570426940918 41
1723707064802 4.087711811065674 42
1723707089419 4.812880516052246 43
1723707113997 4.033820152282715 44
1723707138713 3.8777198791503906 45
1723707163282 3.6125593185424805 46
1723707187900 4.068237781524658 47
1723707212527 3.964524507522583 48
1723707237090 4.965423583984375 49
1723707261696 4.224802494049072 50
1723707287923 3.586059093475342 51
1723707313699 3.9887208938598633 52
1723707338528 5.748234272003174 53
1723707363341 5.163718223571777 54
1723707388187 4.8701863288879395 55
1723707413133 5.63999080657959 56
1723707438036 3.819298267364502 57
1723707462826 4.597740650177002 58
1723707487626 3.994772434234619 59
1723707512368 4.996631622314453 60
1723707537367 5.189089775085449 61
1723707562162 4.647198677062988 62
1723707586992 4.512210845947266 63
1723707611664 4.908565521240234 64
1723707636408 4.578219890594482 65
1723707661307 4.575747966766357 66
1723707686044 3.307379722595215 67
1723707710926 4.682151794433594 68
1723707735662 4.640459060668945 69
1723707760417 4.5627360343933105 70
1723707785222 4.8784894943237305 71
1723707810178 3.4801509380340576 72
1723707834905 4.047411918640137 73
1723707859699 4.805663108825684 74
1723707884491 4.931780815124512 75
1723707909318 4.978706359863281 76
1723707934084 3.7575252056121826 77
1723707958884 5.020435333251953 78
1723707983665 4.763786792755127 79
1723708008446 4.485835075378418 80
1723708033144 4.538103103637695 81
1723708058005 3.75384259223938 82
1723708082716 5.172722816467285 83
1723708107419 5.357080459594727 84
1723708132139 4.742163181304932 85
1723708156958 4.137204170227051 86
1723708181715 4.489607810974121 87
1723708206576 4.452558517456055 88
1723708231389 4.04094123840332 89
1723708256029 4.900883674621582 90
1723708280824 3.9996726512908936 91
1723708305542 3.073089599609375 92
1723708330379 5.641104698181152 93
1723708355112 4.6406941413879395 94
1723708379937 4.734636306762695 95
1723708404852 4.264578342437744 96
1723708429809 3.961505889892578 97
1723708454675 3.6877176761627197 98
1723708479498 4.358444690704346 99
1723708504239 4.847384452819824 100
1723708528876 3.6122593879699707 101
1723708553755 4.51273250579834 102
1723708578767 3.3147730827331543 103
1723708603513 3.854665994644165 104
1723708628421 5.331921577453613 105
1723708653353 4.837211608886719 106
1723708678051 4.3870344161987305 107
1723708702824 5.630000114440918 108
1723708727703 5.384631633758545 109
1723708752463 4.154068946838379 110
1723708777255 4.388708591461182 111
1723708801924 3.4234228134155273 112
1723708826721 4.847311019897461 113
1723708851465 4.364711761474609 114
1723708876354 4.585176467895508 115
1723708901138 3.3539535999298096 116
1723708926055 4.494203567504883 117
1723708950951 4.422080039978027 118
1723708975721 4.500946044921875 119
1723709000684 3.932659149169922 120
1723709025984 4.742531776428223 121
1723709050819 4.619429588317871 122
1723709075488 3.911865234375 123
1723709100297 4.16575813293457 124
1723709125038 4.773115158081055 125
1723709149764 4.100635528564453 126
1723709174513 3.5332489013671875 127
1723709199443 4.994865417480469 128
1723709224270 5.214641094207764 129
1723709249062 5.013978004455566 130
1723709273715 3.3741509914398193 131
1723709298485 4.383637428283691 132
1723709323211 4.990151405334473 133
1723709348053 3.9254209995269775 134
1723709373024 3.6697683334350586 135
1723709397801 3.5883448123931885 136
1723709422617 4.236907958984375 137
1723709447541 3.8140482902526855 138
1723709472322 4.2989349365234375 139
1723709497637 5.667888641357422 140
1723709525023 4.505311965942383 141
1723709553885 4.660428047180176 142
1723709583833 4.5536699295043945 143
1723709610028 4.5285749435424805 144
1723709634798 4.212414264678955 145
1723709659445 4.00717306137085 146
1723709684133 4.36435079574585 147
1723709708626 4.185667991638184 148
1723709733367 4.685086727142334 149
1723709757945 4.607938766479492 150
1723709782738 4.556319713592529 151
1723709807686 4.030147552490234 152
1723709832419 3.3475899696350098 153
1723709857953 3.8497109413146973 154
1723709882569 4.310055732727051 155
1723709907270 3.9957427978515625 156
1723709931872 5.048732280731201 157
1723709956512 4.353566646575928 158
1723709981128 3.3786349296569824 159
1723710006003 3.8750829696655273 160
1723710030534 4.750094413757324 161
1723710055100 5.033609867095947 162
1723710079751 4.635715961456299 163
1723710104423 3.789133071899414 164
1723710129341 4.59280252456665 165
1723710154042 5.095998764038086 166
1723710178631 3.7426252365112305 167
1723710203411 3.63234281539917 168
1723710228104 3.358269214630127 169
1723710252669 4.032226085662842 170
1723710277302 4.925201416015625 171
1723710302053 3.913099765777588 172
1723710326802 5.524712085723877 173
1723710351389 4.197981834411621 174
1723710375960 3.884859561920166 175
1723710400740 3.6764698028564453 176
1723710425508 4.467698097229004 177
1723710450154 3.3524084091186523 178
1723710474719 3.602844715118408 179
1723710499414 4.262147426605225 180
1723710524239 4.180753707885742 181
1723710548915 3.990605354309082 182
1723710573669 3.796826124191284 183
1723710598386 4.616794109344482 184
1723710623072 4.188066482543945 185
1723710647730 4.574131965637207 186
1723710672506 5.031071662902832 187
1723710697240 3.422316551208496 188
1723710721991 3.571579933166504 189
1723710748174 4.4092020988464355 190
1723710772871 3.988304615020752 191
1723710797528 4.386552333831787 192
1723710822174 5.362325668334961 193
1723710846887 3.4332737922668457 194
1723710871503 3.556062698364258 195
1723710896284 3.383145332336426 196
1723710920916 4.729213714599609 197
1723710945431 3.9634177684783936 198
1723710970095 3.810110092163086 199
1723710994830 5.413027286529541 200
1723711019433 4.618705749511719 201
1723711044116 3.4302892684936523 202
1723711068781 4.821376800537109 203
1723711093480 5.18135404586792 204
1723711123722 4.170668125152588 205
1723711171483 4.024670124053955 206
1723711217230 4.5865864753723145 207
1723711242805 4.519756317138672 208
1723711267076 4.1741437911987305 209
1723711291214 3.7534446716308594 210
1723711315470 5.037055015563965 211
1723711339728 3.6390464305877686 212
1723711364053 4.287705898284912 213
1723711388331 3.679327964782715 214
1723711412598 3.838989496231079 215
1723711436896 3.814326763153076 216
1723711461271 3.0326733589172363 217
1723711485662 5.266362190246582 218
1723711510083 4.04926061630249 219
1723711534706 5.3831467628479 220
1723711559367 3.602231502532959 221
1723711583886 4.200679302215576 222
1723711608393 3.36309814453125 223
1723711632895 4.997436046600342 224
1723711657463 4.581066608428955 225
1723711681975 4.285927772521973 226
1723711706557 4.1662187576293945 227
1723711731094 4.499322414398193 228
1723711755556 3.596090316772461 229
1723711780129 4.047654628753662 230
1723711804704 4.066105842590332 231
1723711829346 4.098202705383301 232
1723711853873 4.431157112121582 233
1723711878307 4.2151265144348145 234
1723711902837 4.361144065856934 235
1723711927445 2.7432546615600586 236
1723711951973 3.04813289642334 237
1723711976491 4.564205169677734 238
1723712001106 3.786256790161133 239
1723712025642 3.609233856201172 240
1723712050687 3.3695216178894043 241
1723712075207 5.854480743408203 242
1723712099905 4.70706844329834 243
1723712124709 6.083418846130371 244
1723712149242 4.231074333190918 245
1723712173776 3.8264622688293457 246
1723712198381 4.002589702606201 247
1723712222909 5.275039196014404 248
1723712247363 4.5578813552856445 249
1723712272076 4.097298622131348 250
1723712296592 3.405917167663574 251
1723712321235 5.596809387207031 252
1723712345755 3.541388511657715 253
1723712370268 4.905829429626465 254
1723712394856 4.728300094604492 255
1723712419470 4.510538101196289 256
1723712443998 4.105159759521484 257
1723712468660 3.8121252059936523 258
1723712493299 6.142864227294922 259
1723712517884 4.282611846923828 260
1723712542494 4.995345115661621 261
1723712567089 4.672640800476074 262
1723712591689 4.079291343688965 263
1723712616206 4.983650207519531 264
1723712640853 3.414830207824707 265
1723712665393 3.4949381351470947 266
1723712689837 3.6467604637145996 267
1723712714379 4.42789888381958 268
1723712739059 4.679784774780273 269
1723712763568 4.1261796951293945 270
1723712788152 3.8520092964172363 271
1723712812777 4.59964656829834 272
1723712837241 3.6365103721618652 273
1723712861850 4.65791654586792 274
1723712886438 3.679337739944458 275
1723712910995 4.487525939941406 276
1723712935604 3.281757354736328 277
1723712960143 4.074892520904541 278
1723712984731 3.6888575553894043 279
1723713009460 4.113852024078369 280
1723713033986 4.840808391571045 281
1723713058532 4.016465663909912 282
1723713083069 3.5649919509887695 283
1723713107605 4.596801280975342 284
1723713132173 4.847141742706299 285
1723713156851 4.793107986450195 286
1723713181457 4.238418102264404 287
1723713206089 3.9662818908691406 288
1723713230744 3.5538318157196045 289
1723713255406 4.609976768493652 290
1723713280085 3.9269168376922607 291
1723713304623 4.883711814880371 292
1723713329167 4.44774055480957 293
1723713353818 4.575878143310547 294
1723713378293 4.576498985290527 295
1723713403104 4.267391204833984 296
1723713427725 4.901013374328613 297
1723713452506 4.922015190124512 298
1723713477031 4.4347944259643555 299
1723713501998 4.32109260559082 300
1723713527201 3.483797550201416 301
1723713551890 4.903397560119629 302
1723713576505 4.497692108154297 303
1723713601187 4.96246337890625 304
1723713625862 4.035703659057617 305
1723713650435 5.312313079833984 306
1723713675194 5.077406883239746 307
1723713699975 3.759521484375 308
1723713724499 4.421116828918457 309
1723713749139 4.450098514556885 310
1723713773773 4.250736236572266 311
1723713798265 3.1194844245910645 312
1723713822935 4.579769611358643 313
1723713847475 3.6043872833251953 314
1723713872149 5.0152268409729 315
1723713896735 3.83610200881958 316
1723713921472 4.893220901489258 317
1723713946092 4.722589015960693 318
1723713970653 4.076690673828125 319
1723713995255 5.036504745483398 320
1723714019778 2.9346864223480225 321
1723714044468 3.654214382171631 322
1723714068947 3.3382139205932617 323
1723714093634 4.824931621551514 324
1723714118299 5.662374973297119 325
1723714143092 3.7772955894470215 326
1723714167646 4.270801544189453 327
1723714192226 3.6769070625305176 328
1723714216748 4.11925745010376 329
1723714242229 5.112791061401367 330
1723714266879 4.400005340576172 331
1723714291481 4.51999568939209 332
1723714316185 4.7838263511657715 333
1723714340782 4.392570972442627 334
1723714365290 4.099099159240723 335
1723714389912 4.331724166870117 336
1723714414438 3.729959726333618 337
1723714439016 4.867829322814941 338
1723714463548 3.839224338531494 339
1723714488088 3.9340338706970215 340
1723714512677 3.2843399047851562 341
1723714537289 4.450911521911621 342
1723714561920 4.091168403625488 343
1723714586397 4.102945327758789 344
1723714610990 3.76873779296875 345
1723714635529 4.842570781707764 346
1723714660356 3.450204372406006 347
1723714684859 4.333883285522461 348
1723714709438 4.738733768463135 349
1723714734166 4.206486701965332 350
1723714758627 4.548567771911621 351
1723714783267 4.243083953857422 352
1723714807792 4.638453483581543 353
1723714832377 3.6186957359313965 354
1723714856968 4.28737735748291 355
1723714881444 3.8026392459869385 356
1723714906098 4.5343427658081055 357
1723714930645 4.748462677001953 358
1723714955183 4.1522111892700195 359
1723714979730 4.0052289962768555 360
1723715004599 4.694343566894531 361
1723715029128 5.213650703430176 362
1723715053666 4.10972785949707 363
1723715078128 4.8228912353515625 364
1723715102724 3.945072650909424 365
1723715127357 4.409212112426758 366
1723715151933 3.8317246437072754 367
1723715176420 5.120645523071289 368
1723715200958 2.8306593894958496 369
1723715225388 4.5134148597717285 370
1723715250056 4.497466564178467 371
1723715274625 4.692281246185303 372
1723715299160 3.341507911682129 373
1723715323738 3.4181971549987793 374
1723715348337 5.906439781188965 375
1723715372848 4.053000450134277 376
1723715397426 5.8934855461120605 377
1723715421984 4.705027103424072 378
1723715446733 3.7932708263397217 379
1723715471327 5.276766777038574 380
1723715495840 4.169075965881348 381
1723715520534 4.022026062011719 382
1723715545132 3.989974021911621 383
1723715569775 3.969742774963379 384
1723715594283 4.358334541320801 385
1723715618759 4.791936874389648 386
1723715643382 4.049463272094727 387
1723715667890 4.812593460083008 388
1723715692532 4.667725563049316 389
1723715717114 4.013672828674316 390
1723715741623 3.1605234146118164 391
1723715766191 4.3248209953308105 392
1723715790740 3.8952765464782715 393
1723715815352 4.294090270996094 394
1723715839974 4.495287895202637 395
1723715864574 3.643868923187256 396
1723715889035 4.026530742645264 397
1723715913676 3.833294630050659 398
1723715938339 3.860668659210205 399
1723715962751 4.630810737609863 400
1723715987299 5.789752960205078 401
1723716011869 5.23726749420166 402
1723716036392 3.5250637531280518 403
1723716060987 4.1063947677612305 404
1723716085508 5.003730773925781 405
1723716110230 4.700249195098877 406
1723716134741 5.448041915893555 407
1723716159196 4.426204681396484 408
1723716183657 3.757688045501709 409
1723716208172 4.556517601013184 410
1723716232756 5.858251571655273 411
1723716257282 3.5728259086608887 412
1723716281822 4.409701347351074 413
1723716306222 4.781463623046875 414
1723716330816 4.433453559875488 415
1723716355322 4.127873420715332 416
1723716379861 4.316905498504639 417
1723716404458 4.572183132171631 418
1723716428899 3.8436241149902344 419
1723716453379 3.7452850341796875 420
1723716478199 3.9088382720947266 421
1723716502690 3.588083028793335 422
1723716527300 3.7923173904418945 423
1723716551836 3.8182122707366943 424
1723716576359 4.939059257507324 425
1723716600965 5.211050033569336 426
1723716625503 3.7067837715148926 427
1723716650074 4.685903549194336 428
1723716674595 3.8787450790405273 429
1723716699190 3.282647132873535 430
1723716723958 5.023861408233643 431
1723716748534 4.685283660888672 432
1723716773076 4.080911636352539 433
1723716797690 4.738595008850098 434
1723716822234 3.9558517932891846 435
1723716846985 3.702068328857422 436
1723716871536 3.7664642333984375 437
1723716896139 4.651750087738037 438
1723716920799 3.9459643363952637 439
1723716945442 4.128908157348633 440
1723716969997 4.62004280090332 441
1723716994598 4.118019104003906 442
1723717019331 4.750907897949219 443
1723717043813 3.7177228927612305 444
1723717068440 4.149771690368652 445
1723717093005 4.853185653686523 446
1723717117624 3.427356243133545 447
1723717142405 4.336654186248779 448
1723717166852 3.917137622833252 449
1723717191491 4.227452278137207 450
1723717216046 4.85174036026001 451
1723717240478 4.675469398498535 452
1723717264922 3.610302448272705 453
1723717289489 3.9801008701324463 454
1723717313977 3.6926815509796143 455
1723717338869 4.1278510093688965 456
1723717363611 3.0749857425689697 457
1723717388179 3.7541041374206543 458
1723717412701 3.933781623840332 459
1723717437355 5.168388366699219 460
1723717461929 3.9542102813720703 461
1723717486436 3.7649927139282227 462
1723717510974 4.41041374206543 463
1723717535519 3.900299549102783 464
1723717560132 4.3260087966918945 465
1723717584619 4.925882339477539 466
1723717609266 3.9139881134033203 467
1723717633862 5.2846269607543945 468
1723717658469 4.771460056304932 469
1723717683151 3.993602752685547 470
1723717707715 4.14705753326416 471
1723717732361 3.5611019134521484 472
1723717757001 4.129001617431641 473
1723717781508 4.204503059387207 474
1723717806085 3.0968284606933594 475
1723717830711 4.832718849182129 476
1723717855265 4.231706142425537 477
1723717879694 4.310554027557373 478
1723717904272 4.338222503662109 479
1723717928773 4.581378936767578 480
1723717953735 4.021592140197754 481
1723717978223 4.35236930847168 482
1723718002832 3.7498340606689453 483
1723718027447 3.594153881072998 484
1723718051876 4.608702659606934 485
1723718076322 3.602534770965576 486
1723718100963 5.320507049560547 487
1723718125486 4.3869428634643555 488
1723718150026 3.0951039791107178 489
