1724525405614 0.494818776845932 0
1724525407008 0.12111796438694 1
1724525408436 0.1141657829284668 2
1724525409823 0.1247890368103981 3
1724525411206 0.12918230891227722 4
1724525412594 0.4948040843009949 5
1724525413913 0.12759803235530853 6
1724525415326 0.12448137253522873 7
1724525416728 0.11365383118391037 8
1724525418135 0.133674755692482 9
1724525419576 0.11805973947048187 10
1724525421057 0.135428786277771 11
1724525422613 0.12789656221866608 12
1724525423998 0.49473270773887634 13
1724525425433 0.1274166852235794 14
1724525426895 0.11927121877670288 15
1724525428390 0.10622192919254303 16
1724525429882 0.49466732144355774 17
1724525431563 0.10579948127269745 18
1724525433103 0.1086876317858696 19
1724525434741 0.12818092107772827 20
1724525436214 0.11447139084339142 21
1724525437617 0.12322767078876495 22
1724525439149 0.4947739839553833 23
1724525440592 0.12533192336559296 24
1724525441956 0.12603598833084106 25
1724525443418 0.11236698180437088 26
1724525444910 0.49471044540405273 27
1724525446468 0.1286029815673828 28
1724525447958 0.1303696632385254 29
1724525449476 0.10834071040153503 30
1724525450963 0.4946599006652832 31
1724525452439 0.4946550130844116 32
1724525454102 0.11534467339515686 33
1724525455520 0.11350435018539429 34
1724525457106 0.11478648334741592 35
1724525458669 0.11641836911439896 36
1724525460065 0.11823755502700806 37
1724525461658 0.114634208381176 38
1724525463205 0.1448732614517212 39
1724525464752 0.10492883622646332 40
1724525466274 0.10380975157022476 41
1724525467784 0.13087867200374603 42
1724525469401 0.10778731107711792 43
1724525470935 0.13028879463672638 44
1724525472538 0.12450143694877625 45
1724525474081 0.494708389043808 46
1724525475723 0.11385328322649002 47
1724525477360 0.4947406053543091 48
1724525478908 0.1118893101811409 49
1724525480360 0.130912184715271 50
1724525481711 0.10869442671537399 51
1724525483157 0.11894404888153076 52
1724525484590 0.11363064497709274 53
1724525485993 0.12075531482696533 54
1724525487436 0.1119784340262413 55
1724525488900 0.11704390496015549 56
1724525490343 0.11291713267564774 57
1724525491671 0.11011294275522232 58
1724525493088 0.11875975131988525 59
1724525494482 0.1174764484167099 60
1724525495864 0.12983185052871704 61
1724525497295 0.12374985218048096 62
1724525498714 0.12639403343200684 63
1724525500147 0.11127128452062607 64
1724525501518 0.11911263316869736 65
1724525503018 0.1176382377743721 66
1724525504460 0.11480358242988586 67
1724525505887 0.116853266954422 68
1724525507309 0.11619557440280914 69
1724525508727 0.11866329610347748 70
1724525510124 0.12015239894390106 71
1724525511550 0.12485799938440323 72
1724525512958 0.11474831402301788 73
1724525514375 0.1151801198720932 74
1724525515803 0.09961450099945068 75
1724525517255 0.10719165951013565 76
1724525518692 0.11201061308383942 77
1724525520134 0.12420833855867386 78
1724525521556 0.10755197703838348 79
1724525522974 0.11170735210180283 80
1724525524831 0.0970892533659935 81
1724525526161 0.11282072216272354 82
1724525527583 0.12866467237472534 83
1724525529028 0.11333980411291122 84
1724525530468 0.12200574576854706 85
1724525531931 0.1083102747797966 86
1724525533355 0.11871688067913055 87
1724525534760 0.12039575725793839 88
1724525536166 0.4947550892829895 89
1724525537561 0.11174605041742325 90
1724525538962 0.11632047593593597 91
1724525540373 0.12298338860273361 92
1724525541788 0.1380588263273239 93
1724525543213 0.10101903975009918 94
1724525544614 0.11287666857242584 95
1724525546017 0.11796929687261581 96
1724525547436 0.11591114848852158 97
1724525548885 0.4946720600128174 98
1724525550328 0.12062551826238632 99
1724525551760 0.10922545939683914 100
1724525553172 0.11680850386619568 101
1724525554574 0.10664036870002747 102
1724525555975 0.11132710427045822 103
1724525557372 0.11835984885692596 104
1724525558773 0.12267221510410309 105
1724525560177 0.10429989546537399 106
1724525561606 0.12691974639892578 107
1724525563023 0.10588681697845459 108
1724525564442 0.12090608477592468 109
1724525565845 0.10885357856750488 110
1724525567232 0.11001569777727127 111
1724525568629 0.11247654259204865 112
1724525570029 0.11924240738153458 113
1724525571423 0.10399752110242844 114
1724525572822 0.1303216814994812 115
1724525574233 0.10611067712306976 116
1724525575659 0.11356782913208008 117
1724525577097 0.11701875180006027 118
1724525578511 0.10800150036811829 119
1724525579928 0.13881082832813263 120
1724525581346 0.1100725531578064 121
1724525582768 0.10651037842035294 122
1724525584176 0.11057192087173462 123
1724525585570 0.11623876541852951 124
1724525586974 0.11988027393817902 125
1724525588372 0.11925826966762543 126
1724525589775 0.10745276510715485 127
1724525591200 0.1148376315832138 128
1724525592627 0.11985171586275101 129
1724525594048 0.11788679659366608 130
1724525595479 0.12065523117780685 131
1724525596884 0.11215268820524216 132
1724525598281 0.10735786706209183 133
1724525599679 0.49470576643943787 134
1724525601083 0.11437387764453888 135
1724525602471 0.11853756755590439 136
1724525603865 0.11870729178190231 137
1724525605268 0.49468913674354553 138
1724525606686 0.12987524271011353 139
1724525608102 0.11633393913507462 140
1724525609535 0.10872770845890045 141
1724525610949 0.10790421068668365 142
1724525612348 0.12506912648677826 143
1724525613747 0.12026315182447433 144
1724525615154 0.10714723914861679 145
1724525616540 0.11256732046604156 146
1724525617942 0.12204793840646744 147
1724525619357 0.11632554233074188 148
1724525620760 0.10850712656974792 149
1724525622230 0.12069582939147949 150
1724525623670 0.10184167325496674 151
1724525625076 0.1100694015622139 152
1724525626472 0.11322252452373505 153
1724525627867 0.12681423127651215 154
1724525629261 0.11113432049751282 155
1724525630659 0.12135050445795059 156
1724525631977 0.1300974190235138 157
1724525633401 0.11348602920770645 158
1724525634791 0.11998050659894943 159
1724525636169 0.11666950583457947 160
1724525638005 0.1238073781132698 161
1724525639327 0.10370838642120361 162
1724525640728 0.11300865560770035 163
1724525642197 0.10155243426561356 164
1724525643619 0.10883411020040512 165
1724525645010 0.11142242699861526 166
1724525646403 0.10795540362596512 167
1724525647790 0.12282032519578934 168
1724525649172 0.12134350091218948 169
1724525650563 0.12225791811943054 170
1724525651886 0.10835259407758713 171
1724525653323 0.10964737087488174 172
1724525654721 0.11837062984704971 173
1724525656111 0.1359483003616333 174
1724525657497 0.49454620480537415 175
1724525658878 0.12703822553157806 176
1724525660262 0.11550626903772354 177
1724525661660 0.11304259300231934 178
1724525663052 0.11881955713033676 179
1724525664442 0.12253067642450333 180
1724525665823 0.10984434932470322 181
1724525667245 0.11670617759227753 182
1724525668669 0.10989532619714737 183
1724525670067 0.10993265360593796 184
1724525671463 0.12287704646587372 185
1724525672860 0.11209075897932053 186
1724525674129 0.10923006385564804 187
1724525675512 0.10421299189329147 188
1724525676887 0.09830617904663086 189
1724525678255 0.10864409804344177 190
1724525679639 0.12026526033878326 191
1724525681051 0.49468278884887695 192
1724525682451 0.11977432668209076 193
1724525683855 0.49464765191078186 194
1724525685259 0.10267233848571777 195
1724525686643 0.11596596240997314 196
1724525688046 0.12078312039375305 197
1724525689461 0.12313046306371689 198
1724525690866 0.12005674093961716 199
1724525692250 0.10174649208784103 200
1724525693659 0.49468833208084106 201
1724525695052 0.11422791332006454 202
1724525696453 0.10784647613763809 203
1724525697842 0.1173693910241127 204
1724525699241 0.10973060876131058 205
1724525700632 0.11786488443613052 206
1724525702019 0.12586426734924316 207
1724525703406 0.10314108431339264 208
1724525704791 0.11632207781076431 209
1724525706183 0.4946187138557434 210
1724525707579 0.1299058496952057 211
1724525708963 0.14032454788684845 212
1724525710346 0.09875858575105667 213
1724525711770 0.10817877948284149 214
1724525713171 0.1237662136554718 215
1724525714576 0.12049973011016846 216
1724525716004 0.1138584166765213 217
1724525717389 0.11925483494997025 218
1724525718760 0.11743712425231934 219
1724525720136 0.12633222341537476 220
1724525721525 0.12003351747989655 221
1724525722940 0.10742547363042831 222
1724525724330 0.10852652788162231 223
1724525725701 0.11081061512231827 224
1724525727106 0.1311723291873932 225
1724525728489 0.1280871033668518 226
1724525729879 0.11369050294160843 227
1724525731261 0.11234480887651443 228
1724525732663 0.1039339154958725 229
1724525734059 0.12833820283412933 230
1724525735456 0.10642769187688828 231
1724525736848 0.10301142930984497 232
1724525738231 0.12268290668725967 233
1724525739604 0.11973267048597336 234
1724525740970 0.49464938044548035 235
1724525742348 0.11354038864374161 236
1724525743736 0.10759066790342331 237
1724525745120 0.12448935955762863 238
1724525746499 0.12059912085533142 239
1724525747883 0.11157526075839996 240
1724525749696 0.12302980571985245 241
1724525750975 0.10440649092197418 242
1724525752341 0.12477462738752365 243
1724525753751 0.10920966416597366 244
1724525755158 0.49472784996032715 245
1724525756609 0.10514960438013077 246
1724525758050 0.1387351006269455 247
1724525759450 0.10985048115253448 248
1724525760827 0.127648264169693 249
1724525762196 0.12258472293615341 250
1724525763576 0.10536357015371323 251
1724525764962 0.1211065798997879 252
1724525766333 0.11094015836715698 253
1724525767697 0.1208859384059906 254
1724525769062 0.49465376138687134 255
1724525770423 0.12319912761449814 256
1724525771824 0.12381350994110107 257
1724525773200 0.1024891808629036 258
1724525774586 0.13035334646701813 259
1724525775953 0.10847863554954529 260
1724525777244 0.12023045867681503 261
1724525778614 0.1007930263876915 262
1724525779987 0.10911732912063599 263
1724525781374 0.11279962956905365 264
1724525782755 0.1296592503786087 265
1724525784131 0.49466654658317566 266
1724525785444 0.12671929597854614 267
1724525786822 0.49465104937553406 268
1724525788196 0.4945951998233795 269
1724525789563 0.11306961625814438 270
1724525790938 0.12515342235565186 271
1724525792312 0.11694668978452682 272
1724525793677 0.12145305424928665 273
1724525795044 0.11045623570680618 274
1724525796401 0.11503205448389053 275
1724525797761 0.13256953656673431 276
1724525799121 0.1123371422290802 277
1724525800487 0.10802600532770157 278
1724525801889 0.11694604903459549 279
1724525803290 0.12322817742824554 280
1724525804695 0.09910160303115845 281
1724525806074 0.12691594660282135 282
1724525807435 0.12402264028787613 283
1724525808795 0.11079142987728119 284
1724525810149 0.4946891963481903 285
1724525811524 0.11237575113773346 286
1724525812902 0.116814024746418 287
1724525814281 0.12644162774085999 288
1724525815645 0.1182093620300293 289
1724525817025 0.11839240789413452 290
1724525818395 0.10882706940174103 291
1724525819755 0.11088605225086212 292
1724525821114 0.11665916442871094 293
1724525822474 0.11433034390211105 294
1724525823842 0.12931054830551147 295
1724525825216 0.12732598185539246 296
1724525826586 0.11721238493919373 297
1724525827942 0.09486164897680283 298
1724525829289 0.1100531592965126 299
1724525830644 0.11229749768972397 300
1724525832010 0.12787625193595886 301
1724525833393 0.10907374322414398 302
1724525834783 0.11605644226074219 303
1724525836160 0.12138255685567856 304
1724525837532 0.12011577934026718 305
1724525838885 0.12260868400335312 306
1724525840225 0.12943772971630096 307
1724525841563 0.11421390622854233 308
1724525842930 0.4946947991847992 309
1724525844292 0.12082045525312424 310
1724525845655 0.12700799107551575 311
1724525847033 0.12426955252885818 312
1724525848425 0.12365978211164474 313
1724525849796 0.12550301849842072 314
1724525851166 0.1297001987695694 315
1724525852464 0.13079871237277985 316
1724525853840 0.11840703338384628 317
1724525855201 0.12008661031723022 318
1724525856570 0.11958148330450058 319
1724525857924 0.10194762796163559 320
1724525859724 0.12587951123714447 321
1724525861014 0.11869767308235168 322
1724525862397 0.1190369725227356 323
1724525863821 0.11591749638319016 324
1724525865234 0.12833556532859802 325
1724525866607 0.11559465527534485 326
1724525867966 0.1149219274520874 327
1724525869317 0.1233706921339035 328
1724525870680 0.12599775195121765 329
1724525872058 0.11352536827325821 330
1724525873438 0.11444792151451111 331
1724525874818 0.11025186628103256 332
1724525876191 0.49464669823646545 333
1724525877549 0.11861572414636612 334
1724525878904 0.12208309024572372 335
1724525880256 0.10552848875522614 336
1724525881607 0.1078057661652565 337
1724525882971 0.12580804526805878 338
1724525884326 0.12098383903503418 339
1724525885678 0.4947405457496643 340
1724525887031 0.12686534225940704 341
1724525888394 0.11006026715040207 342
1724525889749 0.1266917884349823 343
1724525891132 0.10643989592790604 344
1724525892521 0.13135850429534912 345
1724525893905 0.49468427896499634 346
1724525895284 0.10741005092859268 347
1724525896641 0.130886048078537 348
1724525897991 0.109601691365242 349
1724525899343 0.10931887477636337 350
1724525900711 0.11727752536535263 351
1724525902060 0.1122371181845665 352
1724525903414 0.1120859831571579 353
1724525904774 0.11838652193546295 354
1724525906138 0.11473028361797333 355
1724525907515 0.11421007663011551 356
1724525908878 0.10801327228546143 357
1724525910239 0.11471284180879593 358
1724525911586 0.12051999568939209 359
1724525912931 0.11563466489315033 360
1724525914302 0.1273566633462906 361
1724525915674 0.11532711982727051 362
1724525917040 0.10318069905042648 363
1724525918394 0.11077050119638443 364
1724525919740 0.11458850651979446 365
1724525921101 0.12108554691076279 366
1724525922473 0.11901729553937912 367
1724525923863 0.12238049507141113 368
1724525925252 0.11219609528779984 369
1724525926609 0.10047834366559982 370
1724525927969 0.12164964526891708 371
1724525929315 0.11605118215084076 372
1724525930667 0.13439439237117767 373
1724525932029 0.12500615417957306 374
1724525933389 0.1164667159318924 375
1724525934754 0.11557705700397491 376
1724525936042 0.10838993638753891 377
1724525937427 0.12401515245437622 378
1724525938799 0.13507269322872162 379
1724525940168 0.10664331912994385 380
1724525941531 0.11285708099603653 381
1724525942900 0.13070864975452423 382
1724525944273 0.12613993883132935 383
1724525945626 0.10726771503686905 384
1724525947006 0.12211447954177856 385
1724525948361 0.09876485913991928 386
1724525949715 0.11318379640579224 387
1724525951065 0.12945902347564697 388
1724525952439 0.12356264144182205 389
1724525953801 0.11725917458534241 390
1724525955165 0.11115920543670654 391
1724525956529 0.10510358214378357 392
1724525957892 0.11465077847242355 393
1724525959239 0.12641730904579163 394
1724525960584 0.11416023969650269 395
1724525961939 0.4946628212928772 396
1724525963298 0.10805053263902664 397
1724525964668 0.11519624292850494 398
1724525966039 0.12971651554107666 399
1724525967415 0.1188705787062645 400
1724525969382 0.11020135134458542 401
1724525970639 0.11582585424184799 402
1724525971948 0.11182637512683868 403
1724525973309 0.10638567805290222 404
1724525974677 0.11168968677520752 405
1724525976059 0.49453508853912354 406
1724525977420 0.10072160512208939 407
1724525978785 0.12367033213376999 408
1724525980138 0.1201903373003006 409
1724525981497 0.4946175217628479 410
1724525982876 0.11181426793336868 411
1724525984242 0.11990011483430862 412
1724525985638 0.11061817407608032 413
1724525987008 0.1213342547416687 414
1724525988374 0.12980537116527557 415
1724525989733 0.12018273770809174 416
1724525991074 0.12930522859096527 417
1724525992429 0.11545020341873169 418
1724525993792 0.49473413825035095 419
1724525995175 0.11880902200937271 420
1724525996545 0.11911861598491669 421
1724525997909 0.10800443589687347 422
1724525999276 0.12374402582645416 423
1724526000618 0.12723450362682343 424
1724526001962 0.11185402423143387 425
1724526003302 0.11964534223079681 426
1724526004654 0.11213815957307816 427
1724526006016 0.11400865763425827 428
1724526007391 0.12677940726280212 429
1724526008764 0.12933319807052612 430
1724526010123 0.1132008284330368 431
1724526011480 0.12876269221305847 432
1724526012848 0.12313046306371689 433
1724526014222 0.1315412074327469 434
1724526015463 0.11220710724592209 435
1724526016831 0.12640176713466644 436
1724526018205 0.11449306458234787 437
1724526019562 0.10365500301122665 438
1724526020915 0.11146514117717743 439
1724526022269 0.10227807611227036 440
1724526023626 0.11970342695713043 441
1724526024983 0.12829281389713287 442
1724526026346 0.10633324086666107 443
1724526027735 0.11966431885957718 444
1724526029115 0.11757905781269073 445
1724526030495 0.1288042515516281 446
1724526031881 0.12620291113853455 447
1724526033238 0.11129569262266159 448
1724526034606 0.11674658209085464 449
1724526035969 0.11846362054347992 450
1724526037334 0.12158029526472092 451
1724526038689 0.12180207669734955 452
1724526040038 0.11773446947336197 453
1724526041391 0.10874907672405243 454
1724526042757 0.12164123356342316 455
1724526044128 0.10581976175308228 456
1724526045487 0.12209659069776535 457
1724526046859 0.11602232605218887 458
1724526048217 0.12810491025447845 459
1724526049559 0.10711199045181274 460
1724526050906 0.12205936759710312 461
1724526052245 0.10339765250682831 462
1724526053596 0.11017660051584244 463
1724526054963 0.12230584025382996 464
1724526056332 0.49463850259780884 465
1724526057716 0.11936548352241516 466
1724526059083 0.11781200766563416 467
1724526060453 0.11975184082984924 468
1724526061796 0.11716603487730026 469
1724526063156 0.12723535299301147 470
1724526064518 0.12032940238714218 471
1724526065872 0.13413839042186737 472
1724526067226 0.11459100246429443 473
1724526068583 0.10560134053230286 474
1724526069949 0.11229648441076279 475
1724526071305 0.13665056228637695 476
1724526072694 0.1410711258649826 477
1724526074073 0.11210832744836807 478
1724526075442 0.11840803921222687 479
1724526076802 0.12563510239124298 480
1724526078681 0.11304641515016556 481
1724526079929 0.11076324433088303 482
1724526081260 0.1180606409907341 483
1724526082640 0.11428438872098923 484
1724526084018 0.11485301703214645 485
1724526085388 0.11844296008348465 486
1724526086824 0.11009173840284348 487
1724526088246 0.11856312304735184 488
1724526089633 0.11920683085918427 489
1724526091002 0.11552045494318008 490
1724526092362 0.11427005380392075 491
1724526093716 0.10655730217695236 492
1724526095071 0.10955025255680084 493
1724526096420 0.10704856365919113 494
1724526097771 0.11354735493659973 495
1724526099117 0.4945608377456665 496
1724526100471 0.10736420750617981 497
1724526101842 0.12298478186130524 498
1724526103189 0.12024592608213425 499
1724526104559 0.11964277923107147 500
1724526105927 0.10849437117576599 501
1724526107276 0.11746442317962646 502
1724526108627 0.11956055462360382 503
1724526109967 0.11650906503200531 504
1724526111313 0.49453669786453247 505
1724526112681 0.12314533442258835 506
1724526114043 0.10712507367134094 507
1724526115408 0.12102120369672775 508
1724526116782 0.1149573102593422 509
1724526118166 0.10430135577917099 510
1724526119538 0.10430295020341873 511
1724526120894 0.11296410113573074 512
1724526122241 0.1073615625500679 513
1724526123605 0.12412606924772263 514
1724526124953 0.11954350769519806 515
1724526126317 0.11843907833099365 516
1724526127670 0.11982421576976776 517
1724526129027 0.12092635035514832 518
1724526130379 0.12536141276359558 519
1724526131740 0.10748198628425598 520
1724526133094 0.13789178431034088 521
1724526134484 0.09762188047170639 522
1724526135891 0.4945616126060486 523
1724526137293 0.11887596547603607 524
1724526138676 0.1307992935180664 525
1724526140065 0.12853117287158966 526
1724526141464 0.13034796714782715 527
1724526142855 0.11829935014247894 528
1724526144234 0.10866440087556839 529
1724526145626 0.12121029943227768 530
1724526147018 0.12184881418943405 531
1724526148401 0.49466565251350403 532
1724526149779 0.11531542241573334 533
1724526151146 0.4944756329059601 534
1724526152505 0.11769742518663406 535
1724526153886 0.11256781965494156 536
1724526155262 0.11974555999040604 537
1724526156628 0.10797591507434845 538
1724526158010 0.13060395419597626 539
1724526159401 0.11872775107622147 540
1724526160776 0.1328512728214264 541
1724526162274 0.11383875459432602 542
1724526163694 0.1093665137887001 543
1724526165055 0.10952436923980713 544
1724526166415 0.11853673309087753 545
1724526167767 0.1098310574889183 546
1724526169126 0.12184955179691315 547
1724526170494 0.11032707989215851 548
1724526171862 0.12129878252744675 549
1724526173214 0.11698868125677109 550
1724526174584 0.11305466294288635 551
1724526175949 0.12666697800159454 552
1724526177354 0.10241321474313736 553
1724526178738 0.1171351820230484 554
1724526180112 0.12511786818504333 555
1724526181479 0.11497253179550171 556
1724526182836 0.1100810095667839 557
1724526184204 0.11616312712430954 558
1724526185575 0.12505976855754852 559
1724526186949 0.12305902689695358 560
1724526188334 0.4945603609085083 561
1724526189721 0.11360368132591248 562
1724526191093 0.11502169072628021 563
1724526192493 0.11519470810890198 564
1724526193873 0.10588347911834717 565
1724526195261 0.12314054369926453 566
1724526196630 0.12317866086959839 567
1724526198008 0.10456053912639618 568
1724526199389 0.10714493691921234 569
1724526200763 0.12796740233898163 570
1724526202142 0.11174850910902023 571
1724526203519 0.10491389781236649 572
1724526204894 0.11795587092638016 573
1724526206281 0.10738807171583176 574
1724526207688 0.10746610909700394 575
1724526209084 0.10724367201328278 576
1724526210472 0.10727084428071976 577
1724526211845 0.13019292056560516 578
1724526213209 0.11740440875291824 579
1724526214587 0.11489467322826385 580
1724526216645 0.10233861953020096 581
1724526217913 0.1173243448138237 582
1724526219281 0.12012675404548645 583
1724526220677 0.11248663812875748 584
1724526222105 0.11252900958061218 585
1724526223515 0.11163143068552017 586
1724526224889 0.12273409217596054 587
1724526226257 0.11511708796024323 588
1724526227621 0.12095465511083603 589
1724526228990 0.10780210793018341 590
1724526230363 0.10653907805681229 591
1724526231693 0.12005539238452911 592
1724526233069 0.1176004409790039 593
1724526234432 0.10094709694385529 594
1724526235807 0.1107005625963211 595
1724526237198 0.12869621813297272 596
1724526238585 0.12390037626028061 597
1724526239950 0.13060826063156128 598
1724526241322 0.10827750712633133 599
1724526242641 0.12807148694992065 600
1724526243984 0.10968251526355743 601
1724526245389 0.11611023545265198 602
1724526246801 0.13612449169158936 603
1724526248286 0.11580167710781097 604
1724526249704 0.10827884823083878 605
1724526251087 0.10599926859140396 606
1724526252489 0.11434749513864517 607
1724526253868 0.12546475231647491 608
1724526255251 0.12525056302547455 609
1724526256630 0.49464455246925354 610
1724526258002 0.11730986833572388 611
1724526259391 0.11922215670347214 612
1724526260770 0.09944014251232147 613
1724526262160 0.10126664489507675 614
1724526263539 0.11718554049730301 615
1724526264920 0.10221865028142929 616
1724526266347 0.12358346581459045 617
1724526267840 0.11573418229818344 618
1724526269240 0.11982604116201401 619
1724526270660 0.12446900457143784 620
1724526272059 0.11556367576122284 621
1724526273436 0.11315310746431351 622
1724526274803 0.11054778844118118 623
1724526276190 0.11857092380523682 624
1724526277575 0.12872470915317535 625
1724526278973 0.11326257884502411 626
1724526280369 0.11592164635658264 627
1724526281757 0.12803077697753906 628
1724526283158 0.12271013110876083 629
1724526284554 0.11415563523769379 630
1724526285936 0.10875556617975235 631
1724526287348 0.12752582132816315 632
1724526288757 0.1202593445777893 633
1724526290168 0.11588601022958755 634
1724526291558 0.12208471447229385 635
1724526292948 0.12311339378356934 636
1724526294338 0.11175189912319183 637
1724526295734 0.12341725826263428 638
1724526297154 0.11515995115041733 639
1724526298564 0.11539343744516373 640
1724526299983 0.11700338125228882 641
1724526301393 0.11424586921930313 642
1724526302800 0.12612774968147278 643
1724526304190 0.12170703709125519 644
1724526305559 0.12121601402759552 645
1724526306946 0.11020435392856598 646
1724526308332 0.1230887621641159 647
1724526309730 0.1167161613702774 648
1724526311143 0.10583922266960144 649
1724526312570 0.49464425444602966 650
1724526313974 0.1176048070192337 651
1724526315353 0.11524803936481476 652
1724526316733 0.1107686311006546 653
1724526318126 0.10970674455165863 654
1724526319523 0.12818481028079987 655
1724526320932 0.11597368866205215 656
1724526322315 0.1068338081240654 657
1724526323696 0.1178799569606781 658
1724526325074 0.12627436220645905 659
1724526326463 0.1028875783085823 660
1724526328581 0.11750737577676773 661
1724526329858 0.12502947449684143 662
1724526331221 0.08968959003686905 663
1724526332622 0.10986192524433136 664
1724526334025 0.12077010422945023 665
1724526335433 0.10792044550180435 666
1724526336856 0.11631317436695099 667
1724526338245 0.10746267437934875 668
1724526339626 0.10395744442939758 669
1724526341014 0.4945012032985687 670
1724526342485 0.108296237885952 671
1724526343930 0.4947342574596405 672
1724526345338 0.49461573362350464 673
1724526346729 0.11040232330560684 674
1724526348130 0.11424865573644638 675
1724526349523 0.11191785335540771 676
1724526350916 0.11786843091249466 677
1724526352350 0.11299750208854675 678
1724526353845 0.49450305104255676 679
1724526355176 0.10180061310529709 680
1724526356732 0.11722178012132645 681
1724526358263 0.11589434742927551 682
1724526359772 0.12773136794567108 683
1724526361265 0.11523085087537766 684
1724526362833 0.10836877673864365 685
1724526364384 0.1164865493774414 686
1724526365913 0.11386990547180176 687
1724526367301 0.11856581270694733 688
1724526368828 0.10778115689754486 689
1724526370283 0.12037210911512375 690
1724526371732 0.12623092532157898 691
1724526373080 0.1297387331724167 692
1724526374403 0.49452483654022217 693
1724526375840 0.11917532980442047 694
1724526377345 0.12669800221920013 695
1724526378650 0.11076494306325912 696
1724526380115 0.10977809876203537 697
1724526381553 0.11048568785190582 698
1724526383003 0.11522789299488068 699
1724526384373 0.1285155564546585 700
1724526385770 0.49460557103157043 701
1724526387310 0.12894313037395477 702
1724526388891 0.09177663177251816 703
1724526390288 0.12744897603988647 704
1724526391733 0.105632483959198 705
1724526393143 0.10482458770275116 706
1724526394546 0.11646080762147903 707
1724526395948 0.10277505218982697 708
1724526397356 0.12996715307235718 709
1724526398758 0.1112687960267067 710
1724526400178 0.1226302981376648 711
1724526401616 0.11999167501926422 712
1724526403046 0.1013423278927803 713
1724526404461 0.11836162954568863 714
1724526405847 0.10842946171760559 715
1724526407252 0.11532086133956909 716
1724526408663 0.12065932899713516 717
1724526410083 0.11570301651954651 718
1724526411519 0.1074986606836319 719
1724526412960 0.1123666912317276 720
1724526414379 0.10249201953411102 721
1724526415789 0.11850449442863464 722
1724526417219 0.11649291217327118 723
1724526418660 0.1080825924873352 724
1724526420104 0.10339910537004471 725
1724526421519 0.12388361990451813 726
1724526422832 0.49467045068740845 727
1724526424224 0.11127431690692902 728
1724526425841 0.4945797622203827 729
1724526427401 0.13245993852615356 730
1724526428854 0.1173442155122757 731
1724526430254 0.10583751648664474 732
1724526431667 0.12676548957824707 733
1724526433176 0.12280257791280746 734
1724526434607 0.11951778829097748 735
1724526436102 0.1293778419494629 736
1724526437748 0.10382574796676636 737
1724526439238 0.12434970587491989 738
1724526440772 0.49462607502937317 739
1724526442251 0.11434951424598694 740
1724526444769 0.4946634769439697 741
1724526446116 0.12690110504627228 742
1724526447655 0.1084945797920227 743
1724526449230 0.1116999089717865 744
1724526450947 0.11257889866828918 745
1724526452573 0.11659058183431625 746
1724526454024 0.12000518292188644 747
1724526455530 0.11658940464258194 748
1724526457237 0.11636418104171753 749
1724526458792 0.11550986766815186 750
1724526460228 0.11232326179742813 751
1724526461544 0.104464590549469 752
1724526462989 0.11637135595083237 753
1724526464353 0.12079434841871262 754
1724526465804 0.12784543633460999 755
1724526467235 0.11548648774623871 756
1724526468623 0.11792959272861481 757
1724526470024 0.12245450168848038 758
1724526471409 0.10675457864999771 759
1724526472734 0.1217881366610527 760
1724526474192 0.12322981655597687 761
1724526475709 0.10863295197486877 762
1724526477119 0.10789629071950912 763
1724526478719 0.11611723899841309 764
1724526480311 0.09686516225337982 765
1724526481850 0.1320405751466751 766
1724526483183 0.11589554697275162 767
1724526484635 0.11363834142684937 768
1724526486078 0.10786350816488266 769
1724526487466 0.11496784538030624 770
1724526489020 0.4946778118610382 771
1724526490506 0.11797871440649033 772
1724526491981 0.1185007318854332 773
1724526493428 0.11665992438793182 774
1724526494905 0.1132851243019104 775
1724526496359 0.10528385639190674 776
1724526497848 0.13313837349414825 777
1724526499322 0.10588552057743073 778
1724526500756 0.12276808172464371 779
1724526502206 0.11923828721046448 780
1724526503630 0.11700844764709473 781
1724526505025 0.11538363248109818 782
1724526506433 0.12087937444448471 783
1724526507818 0.12476208806037903 784
1724526509203 0.1233857125043869 785
1724526510589 0.12304171174764633 786
1724526511972 0.11702834069728851 787
1724526513357 0.1121320053935051 788
1724526514745 0.10930301994085312 789
1724526516154 0.12676015496253967 790
1724526517592 0.1099698543548584 791
1724526519029 0.10452979058027267 792
1724526520572 0.12545765936374664 793
1724526522105 0.10936854779720306 794
1724526523644 0.1292884796857834 795
1724526525126 0.12323573976755142 796
1724526526634 0.4944765269756317 797
1724526528116 0.11876948177814484 798
1724526529631 0.11681094765663147 799
1724526531154 0.4945237934589386 800
1724526532690 0.1146203950047493 801
1724526534223 0.11809112131595612 802
1724526535707 0.11780967563390732 803
1724526537193 0.11841806024312973 804
1724526538694 0.10716208815574646 805
1724526540097 0.11906824260950089 806
1724526541617 0.11982247978448868 807
1724526543115 0.10086255520582199 808
1724526544599 0.11058720201253891 809
1724526546093 0.12796279788017273 810
1724526547581 0.11582793295383453 811
1724526549086 0.11316905915737152 812
1724526550593 0.11425524204969406 813
1724526552167 0.10361356288194656 814
1724526553683 0.12746337056159973 815
1724526555170 0.11369658261537552 816
1724526556609 0.11774025857448578 817
1724526558062 0.11005278676748276 818
1724526559544 0.11960376054048538 819
1724526561026 0.10354761779308319 820
1724526562925 0.12297496944665909 821
1724526564296 0.09550376981496811 822
1724526565773 0.10038501024246216 823
1724526567320 0.10573823004961014 824
1724526568874 0.49451979994773865 825
1724526570380 0.13124699890613556 826
1724526571852 0.11257109045982361 827
1724526573322 0.11931020021438599 828
1724526574814 0.11521609872579575 829
1724526576332 0.10173853486776352 830
1724526577810 0.10906105488538742 831
1724526579301 0.11988751590251923 832
1724526580806 0.11887690424919128 833
1724526582329 0.13199296593666077 834
1724526583828 0.10733948647975922 835
1724526585318 0.1094764769077301 836
1724526586815 0.1187698096036911 837
1724526588366 0.12089766561985016 838
1724526589938 0.12254250049591064 839
1724526591370 0.1133764311671257 840
1724526592938 0.11552555859088898 841
1724526594461 0.11253771185874939 842
1724526595965 0.12832775712013245 843
1724526597507 0.11040342599153519 844
1724526599047 0.11296388506889343 845
1724526600654 0.4944462478160858 846
1724526602202 0.11367142200469971 847
1724526603710 0.49456197023391724 848
1724526605196 0.12854091823101044 849
1724526606691 0.11135347187519073 850
1724526608193 0.12290039658546448 851
1724526609748 0.11846806854009628 852
1724526611246 0.12561538815498352 853
1724526612754 0.12288038432598114 854
1724526614213 0.11303191632032394 855
1724526615728 0.10794977843761444 856
1724526617212 0.10692999511957169 857
1724526618710 0.11312597990036011 858
1724526620115 0.1117301657795906 859
1724526621528 0.10599865019321442 860
1724526623011 0.11016447842121124 861
1724526624484 0.12663044035434723 862
1724526625976 0.10478687286376953 863
1724526627506 0.11377527564764023 864
1724526629030 0.49458304047584534 865
1724526630535 0.10384932160377502 866
1724526632064 0.11011166125535965 867
1724526633583 0.10735245794057846 868
1724526635134 0.11513154208660126 869
1724526636687 0.11015897244215012 870
1724526638200 0.12135989218950272 871
1724526639784 0.11704704165458679 872
1724526641326 0.1336987316608429 873
1724526642899 0.11573131382465363 874
1724526644407 0.1337626874446869 875
1724526645853 0.10076050460338593 876
1724526647268 0.12019237130880356 877
1724526648679 0.12780404090881348 878
1724526650093 0.11954984068870544 879
1724526651505 0.12535731494426727 880
1724526652955 0.10844925791025162 881
1724526654466 0.1312086135149002 882
1724526655996 0.11131823062896729 883
1724526657434 0.12346939742565155 884
1724526658991 0.09503257274627686 885
1724526660513 0.10921173542737961 886
1724526662009 0.10577934235334396 887
1724526663516 0.12242598086595535 888
1724526665011 0.11184467375278473 889
1724526666512 0.11924639344215393 890
1724526668034 0.12197848409414291 891
1724526669540 0.11259689927101135 892
1724526671107 0.11704925447702408 893
1724526672808 0.11167887598276138 894
1724526674521 0.1114695742726326 895
1724526676122 0.11940793693065643 896
1724526677702 0.10765565931797028 897
1724526679284 0.11369013786315918 898
1724526680888 0.12242617458105087 899
1724526682466 0.13383927941322327 900
1724526684454 0.11645334213972092 901
1724526685912 0.10992306470870972 902
1724526687522 0.11176083981990814 903
1724526689033 0.11374086141586304 904
1724526690655 0.1327269971370697 905
1724526692293 0.12297595292329788 906
1724526693901 0.12379655987024307 907
1724526695479 0.11317011713981628 908
1724526697071 0.11088933795690536 909
1724526698550 0.12864258885383606 910
1724526700115 0.10641120374202728 911
1724526701744 0.11002279072999954 912
1724526703378 0.12345424294471741 913
1724526704975 0.4945518374443054 914
1724526706528 0.10734867304563522 915
1724526708117 0.10190419107675552 916
1724526709729 0.11508744955062866 917
1724526711308 0.11922577768564224 918
1724526712853 0.118676096200943 919
1724526714498 0.10867680609226227 920
1724526716147 0.10615648329257965 921
1724526717782 0.12005715817213058 922
1724526719368 0.11727508902549744 923
1724526720925 0.11749503016471863 924
1724526722490 0.12200166285037994 925
1724526724126 0.10755736380815506 926
1724526725658 0.10781330615282059 927
1724526727307 0.11046934127807617 928
1724526728891 0.09555128216743469 929
1724526730414 0.12026594579219818 930
1724526731895 0.10745828598737717 931
1724526733332 0.11876553297042847 932
1724526734780 0.12407296895980835 933
1724526736262 0.11389368027448654 934
1724526737807 0.11969708651304245 935
1724526739422 0.11930414289236069 936
1724526741056 0.4944820702075958 937
1724526742545 0.12684541940689087 938
1724526744058 0.11275382339954376 939
1724526745385 0.11781714856624603 940
1724526746886 0.11023814976215363 941
1724526748373 0.10325716435909271 942
1724526749882 0.12429516762495041 943
1724526751407 0.12882675230503082 944
1724526752963 0.1106325313448906 945
1724526754496 0.11076262593269348 946
1724526756019 0.11108530312776566 947
1724526757480 0.11184050887823105 948
1724526758905 0.11636415123939514 949
1724526760337 0.12876126170158386 950
1724526761821 0.11660956591367722 951
1724526763340 0.11319960653781891 952
1724526764905 0.10181083530187607 953
1724526766469 0.10918133705854416 954
1724526768038 0.11220364272594452 955
1724526769715 0.11173728853464127 956
1724526771322 0.11528521031141281 957
1724526772878 0.11274293810129166 958
1724526774391 0.12277767062187195 959
1724526775862 0.11392169445753098 960
1724526777388 0.11546830087900162 961
1724526778983 0.1082039475440979 962
1724526780598 0.11530828475952148 963
1724526782180 0.10660072416067123 964
1724526783785 0.11927150189876556 965
1724526785393 0.11977716535329819 966
1724526786977 0.11122898012399673 967
1724526788518 0.13701696693897247 968
1724526789970 0.10274463891983032 969
1724526791588 0.13027779757976532 970
1724526793190 0.1286541074514389 971
1724526794755 0.12245522439479828 972
1724526796281 0.11290774494409561 973
1724526797843 0.1119595319032669 974
1724526799429 0.12290561944246292 975
1724526801001 0.11094439774751663 976
1724526802651 0.11111873388290405 977
1724526804241 0.1359955370426178 978
1724526805826 0.12153416126966476 979
1724526807353 0.11088366061449051 980
1724526809356 0.10935996472835541 981
1724526810837 0.12651099264621735 982
1724526812421 0.4945119321346283 983
1724526814028 0.1226644441485405 984
1724526815620 0.11295495182275772 985
1724526817112 0.10408011823892593 986
1724526818737 0.4945671856403351 987
1724526820356 0.11055241525173187 988
1724526821991 0.10917318612337112 989
1724526823511 0.11057666689157486 990
1724526825126 0.12430465966463089 991
1724526826615 0.10973524302244186 992
1724526828162 0.11471221596002579 993
1724526829686 0.13265642523765564 994
1724526831267 0.12263672053813934 995
1724526832885 0.10596762597560883 996
1724526834474 0.10943928360939026 997
1724526835993 0.10343413054943085 998
1724526837487 0.49462735652923584 999
1724526838987 0.1265975683927536 1000
1724526840458 0.10001013427972794 1001
1724526841900 0.10851186513900757 1002
1724526843331 0.09992261976003647 1003
1724526844737 0.09572252631187439 1004
1724526846145 0.11275050044059753 1005
1724526847591 0.10623442381620407 1006
1724526849090 0.12570545077323914 1007
1724526850655 0.10884375125169754 1008
1724526852213 0.10987093299627304 1009
1724526853758 0.1108238473534584 1010
1724526855338 0.49459022283554077 1011
1724526856879 0.10874726623296738 1012
1724526858493 0.49458175897598267 1013
1724526860080 0.11886810511350632 1014
1724526861633 0.494491845369339 1015
1724526863182 0.12239016592502594 1016
1724526864745 0.105063296854496 1017
1724526866299 0.1310047060251236 1018
1724526867943 0.10647999495267868 1019
1724526869550 0.12017849832773209 1020
1724526871141 0.10720194876194 1021
1724526872675 0.11565341055393219 1022
1724526874322 0.11045342683792114 1023
1724526875835 0.12145120650529861 1024
1724526877449 0.1149967759847641 1025
1724526878992 0.12278016656637192 1026
1724526880481 0.12517131865024567 1027
1724526881948 0.10755642503499985 1028
1724526883408 0.12529206275939941 1029
1724526884878 0.13615381717681885 1030
1724526886329 0.10441910475492477 1031
1724526887769 0.1198134571313858 1032
1724526889221 0.12133266031742096 1033
1724526890594 0.13204894959926605 1034
1724526892106 0.1099722757935524 1035
1724526893632 0.11401546746492386 1036
1724526895081 0.11845473200082779 1037
1724526896527 0.12440675497055054 1038
1724526897950 0.1178184226155281 1039
1724526899368 0.11376331746578217 1040
1724526900844 0.12971363961696625 1041
1724526902419 0.09243754297494888 1042
1724526903982 0.1317533403635025 1043
1724526905568 0.1234172061085701 1044
1724526907106 0.1081259548664093 1045
1724526908615 0.12058955430984497 1046
1724526910149 0.11249488592147827 1047
1724526911758 0.11965963989496231 1048
1724526913243 0.49446776509284973 1049
1724526914924 0.10923586040735245 1050
1724526916421 0.12493190914392471 1051
1724526917964 0.13349013030529022 1052
1724526919472 0.1042916551232338 1053
1724526920999 0.1176481768488884 1054
1724526922536 0.12891989946365356 1055
1724526924118 0.11338060349225998 1056
1724526925677 0.12666083872318268 1057
1724526927249 0.4944886565208435 1058
1724526928837 0.11232687532901764 1059
1724526930454 0.11360776424407959 1060
1724526932036 0.11614864319562912 1061
1724526933504 0.10836849361658096 1062
1724526935020 0.10578951984643936 1063
1724526936446 0.12293495982885361 1064
1724526937863 0.14506004750728607 1065
1724526939322 0.12830522656440735 1066
1724526940769 0.12153173238039017 1067
1724526942216 0.11862020939588547 1068
1724526943644 0.11879511177539825 1069
1724526945050 0.1165928989648819 1070
1724526946461 0.12977103888988495 1071
1724526947864 0.11429955810308456 1072
1724526949265 0.11887448281049728 1073
1724526950669 0.10910157114267349 1074
1724526952075 0.12390267103910446 1075
1724526953475 0.11275209486484528 1076
1724526954881 0.1033039465546608 1077
1724526956300 0.10655384510755539 1078
1724526957728 0.12401596456766129 1079
1724526959179 0.11005000025033951 1080
1724526961094 0.10755542665719986 1081
1724526962500 0.11822615563869476 1082
1724526963988 0.10964769870042801 1083
1724526965591 0.11573085188865662 1084
1724526967179 0.11619502305984497 1085
1724526968735 0.12133940309286118 1086
1724526970251 0.10242222249507904 1087
1724526971871 0.12184228748083115 1088
1724526973546 0.4944497048854828 1089
1724526975173 0.11017229408025742 1090
1724526976814 0.1161411702632904 1091
1724526978374 0.10861476510763168 1092
1724526979897 0.12660013139247894 1093
1724526981275 0.11765991151332855 1094
1724526982771 0.11648626625537872 1095
1724526984208 0.11698848754167557 1096
1724526985677 0.12342112511396408 1097
1724526987200 0.1087995171546936 1098
1724526988733 0.12246294319629669 1099
1724526990249 0.10162386298179626 1100
1724526991701 0.11704175919294357 1101
1724526993137 0.10124867409467697 1102
1724526994576 0.11096741259098053 1103
1724526995991 0.11983808130025864 1104
1724526997387 0.12049264460802078 1105
1724526998701 0.49452921748161316 1106
1724527000165 0.11557784676551819 1107
1724527001652 0.12525753676891327 1108
1724527003123 0.12294114381074905 1109
1724527004614 0.11978590488433838 1110
1724527006084 0.102333664894104 1111
1724527007557 0.11851287633180618 1112
1724527008983 0.11092353612184525 1113
1724527010462 0.11568788439035416 1114
1724527011941 0.11598359793424606 1115
1724527013418 0.11419624835252762 1116
1724527014870 0.11741971224546432 1117
1724527016326 0.49446043372154236 1118
1724527017829 0.13785578310489655 1119
1724527019346 0.11225856095552444 1120
1724527020804 0.10837674140930176 1121
1724527022295 0.12562690675258636 1122
1724527023817 0.12044160813093185 1123
1724527025344 0.11513949185609818 1124
1724527026881 0.10994700342416763 1125
1724527028391 0.49448296427726746 1126
1724527029905 0.49451255798339844 1127
1724527031462 0.10774987936019897 1128
1724527033037 0.10532637685537338 1129
1724527034638 0.11378967761993408 1130
1724527036191 0.10981099307537079 1131
1724527037685 0.11528945714235306 1132
1724527039171 0.11060357093811035 1133
1724527040625 0.1075689047574997 1134
1724527042080 0.12027299404144287 1135
1724527043545 0.10231713205575943 1136
1724527045017 0.11833809316158295 1137
1724527046538 0.11984741687774658 1138
1724527048106 0.4946344494819641 1139
1724527049675 0.11753435432910919 1140
1724527051260 0.49445438385009766 1141
1724527052813 0.11836081743240356 1142
1724527054327 0.09880360960960388 1143
1724527055879 0.11807461827993393 1144
1724527057387 0.13418233394622803 1145
1724527058877 0.1289999634027481 1146
1724527060263 0.49461615085601807 1147
1724527061773 0.116644486784935 1148
1724527063312 0.12102969735860825 1149
1724527064826 0.11506430804729462 1150
1724527066331 0.11315559595823288 1151
1724527067790 0.11197945475578308 1152
1724527069220 0.49448493123054504 1153
1724527070628 0.10340225696563721 1154
1724527072029 0.09481750428676605 1155
1724527073422 0.10915430635213852 1156
1724527074802 0.12255608290433884 1157
1724527076187 0.11084353178739548 1158
1724527077595 0.10388407111167908 1159
1724527078990 0.10336276888847351 1160
1724527080875 0.12109585106372833 1161
1724527082176 0.49455350637435913 1162
1724527083548 0.10802242904901505 1163
1724527084949 0.1075461283326149 1164
1724527086360 0.09937813133001328 1165
1724527087761 0.11451687663793564 1166
1724527089145 0.10341726988554001 1167
1724527090534 0.12807631492614746 1168
1724527091963 0.12508906424045563 1169
1724527093366 0.13101540505886078 1170
1724527094775 0.12313323467969894 1171
1724527096162 0.12224318087100983 1172
1724527097540 0.11239386349916458 1173
1724527098918 0.09880279004573822 1174
1724527100310 0.11366718262434006 1175
1724527101696 0.12124716490507126 1176
1724527103078 0.11579433083534241 1177
1724527104459 0.11095211654901505 1178
1724527105844 0.10669823735952377 1179
1724527107244 0.1068413183093071 1180
1724527108638 0.11995598673820496 1181
1724527110021 0.11568193882703781 1182
1724527111398 0.11567070335149765 1183
1724527112777 0.10332930833101273 1184
1724527114160 0.12370674312114716 1185
1724527115542 0.09687239676713943 1186
1724527116924 0.12270098179578781 1187
1724527118300 0.13171306252479553 1188
1724527119681 0.12703993916511536 1189
1724527121061 0.11714181303977966 1190
1724527122454 0.11360348761081696 1191
1724527123845 0.10967458039522171 1192
1724527125222 0.1057257130742073 1193
1724527126600 0.1101769432425499 1194
1724527127972 0.10646763443946838 1195
1724527129355 0.11377497017383575 1196
1724527130766 0.11830642074346542 1197
1724527132173 0.12125039845705032 1198
1724527133567 0.10500110685825348 1199
1724527134947 0.10874058306217194 1200
1724527136323 0.10394911468029022 1201
1724527137702 0.11839842051267624 1202
1724527139091 0.11040840297937393 1203
1724527140479 0.10769089311361313 1204
1724527141846 0.11962179094552994 1205
1724527143214 0.1286759376525879 1206
1724527144588 0.1254880130290985 1207
1724527145958 0.12502577900886536 1208
1724527147336 0.1064111739397049 1209
1724527148727 0.1002063900232315 1210
1724527150131 0.10960152000188828 1211
1724527151530 0.10588209331035614 1212
1724527152922 0.11612498760223389 1213
1724527154345 0.09447163343429565 1214
1724527155785 0.12280084192752838 1215
1724527157224 0.1005900427699089 1216
1724527158651 0.1045975387096405 1217
1724527159975 0.12045297026634216 1218
1724527161362 0.10341566056013107 1219
1724527162752 0.12340743839740753 1220
1724527164140 0.11234308779239655 1221
1724527165519 0.1263621300458908 1222
1724527166930 0.11277491599321365 1223
1724527168370 0.1106809601187706 1224
1724527169785 0.10938771069049835 1225
1724527171244 0.4946708381175995 1226
1724527172709 0.11251465231180191 1227
1724527174206 0.10699585825204849 1228
1724527175787 0.4945436418056488 1229
1724527177302 0.10997992753982544 1230
1724527178818 0.1098722591996193 1231
1724527180288 0.10367509722709656 1232
1724527181769 0.12610958516597748 1233
1724527183284 0.11126770079135895 1234
1724527184800 0.12356691807508469 1235
1724527186309 0.13685336709022522 1236
1724527187772 0.1194612979888916 1237
1724527189253 0.11607374250888824 1238
1724527190729 0.11706340312957764 1239
1724527192207 0.11740243434906006 1240
1724527194138 0.11595434695482254 1241
1724527195513 0.10667939484119415 1242
1724527197011 0.12358453124761581 1243
1724527198533 0.11126330494880676 1244
1724527200160 0.11253160983324051 1245
1724527201648 0.12590475380420685 1246
1724527203086 0.13567864894866943 1247
1724527204417 0.12067916989326477 1248
1724527205881 0.11123895645141602 1249
1724527207336 0.11563921719789505 1250
1724527208770 0.12696458399295807 1251
1724527210217 0.10887598246335983 1252
1724527211707 0.12808233499526978 1253
1724527213191 0.49454352259635925 1254
1724527214707 0.11017920821905136 1255
1724527216188 0.11309255659580231 1256
1724527217635 0.11176572740077972 1257
1724527219065 0.12181657552719116 1258
1724527220525 0.10855987668037415 1259
1724527221919 0.1133584976196289 1260
1724527223406 0.12109395116567612 1261
1724527224849 0.11895572394132614 1262
1724527226257 0.11256563663482666 1263
1724527227746 0.1231386661529541 1264
1724527229294 0.11707753688097 1265
1724527230815 0.11893588304519653 1266
1724527232342 0.12176208198070526 1267
1724527233684 0.11554209142923355 1268
1724527235165 0.11405815184116364 1269
1724527236620 0.1129576563835144 1270
1724527238042 0.10235139727592468 1271
1724527239451 0.126747727394104 1272
1724527240856 0.11452934890985489 1273
1724527242292 0.12076013535261154 1274
1724527243742 0.10896608233451843 1275
1724527245252 0.10917041450738907 1276
1724527246824 0.11697805672883987 1277
1724527248348 0.12507601082324982 1278
1724527249886 0.4944989085197449 1279
1724527251426 0.1266801506280899 1280
1724527252904 0.10736919194459915 1281
1724527254339 0.4945454001426697 1282
1724527255741 0.10798432677984238 1283
1724527257181 0.10505911707878113 1284
1724527258657 0.11289586126804352 1285
1724527260076 0.10865776985883713 1286
1724527261492 0.1139189749956131 1287
1724527262905 0.10585238039493561 1288
1724527264353 0.1125398501753807 1289
1724527265766 0.13181531429290771 1290
1724527267131 0.4946982264518738 1291
1724527268606 0.10202108323574066 1292
1724527270028 0.13084256649017334 1293
1724527271414 0.49456316232681274 1294
1724527272816 0.11741767078638077 1295
1724527274209 0.12112737447023392 1296
1724527275613 0.118502676486969 1297
1724527277024 0.11552838236093521 1298
1724527278445 0.1303124874830246 1299
1724527279926 0.1258571743965149 1300
1724527281327 0.11731325834989548 1301
1724527282881 0.11180465668439865 1302
1724527284332 0.13261590898036957 1303
1724527285715 0.11386574804782867 1304
1724527287182 0.10571438819169998 1305
1724527288743 0.12202414125204086 1306
1724527290242 0.09697975218296051 1307
1724527291682 0.13227781653404236 1308
1724527293106 0.11081470549106598 1309
1724527294517 0.11565317213535309 1310
1724527295914 0.11538460850715637 1311
1724527297279 0.11001505702733994 1312
1724527298634 0.11593896895647049 1313
1724527299983 0.10678908973932266 1314
1724527301340 0.10798478126525879 1315
1724527302716 0.10134515911340714 1316
1724527304103 0.10628953576087952 1317
1724527305479 0.1122559979557991 1318
1724527306879 0.1281629055738449 1319
1724527308275 0.12319599837064743 1320
1724527310176 0.12856578826904297 1321
1724527311437 0.11444487422704697 1322
1724527312780 0.10989473015069962 1323
1724527314179 0.11535847932100296 1324
1724527315595 0.10114520788192749 1325
1724527317025 0.11731703579425812 1326
1724527318426 0.1157316341996193 1327
1724527319803 0.11941587924957275 1328
1724527321161 0.126088485121727 1329
1724527322505 0.1262485235929489 1330
1724527323845 0.11491984874010086 1331
1724527325212 0.10976389795541763 1332
1724527326593 0.09686586260795593 1333
1724527327951 0.11322811990976334 1334
1724527329296 0.12444191426038742 1335
1724527330675 0.12448900938034058 1336
1724527332194 0.49464261531829834 1337
1724527333762 0.11687074601650238 1338
1724527335229 0.11356561630964279 1339
1724527336686 0.1112000048160553 1340
1724527338140 0.49453067779541016 1341
1724527339567 0.10940167307853699 1342
1724527341017 0.11489193141460419 1343
1724527342457 0.1003308966755867 1344
1724527343882 0.1143287867307663 1345
1724527345296 0.09645957499742508 1346
1724527346692 0.11231052875518799 1347
1724527348099 0.10851547122001648 1348
1724527349525 0.1214226707816124 1349
1724527350939 0.12376049160957336 1350
1724527352369 0.11627645790576935 1351
1724527353758 0.1124478280544281 1352
1724527355193 0.12280823290348053 1353
1724527356594 0.11055190116167068 1354
1724527357968 0.112238809466362 1355
1724527359384 0.13094854354858398 1356
1724527360815 0.1113799437880516 1357
1724527362291 0.10806647688150406 1358
1724527363803 0.11459896713495255 1359
1724527365243 0.11266294866800308 1360
1724527366717 0.11626221984624863 1361
1724527368167 0.10782019048929214 1362
1724527369612 0.11375822871923447 1363
1724527371082 0.10988511145114899 1364
1724527372520 0.11065895110368729 1365
1724527373952 0.1232687458395958 1366
1724527375383 0.10631202161312103 1367
1724527376855 0.10957085341215134 1368
1724527378307 0.12435705214738846 1369
1724527379750 0.11438413709402084 1370
1724527381235 0.11224445700645447 1371
1724527382709 0.11403529345989227 1372
1724527384181 0.11810310930013657 1373
1724527385643 0.1304130107164383 1374
1724527387003 0.11362795531749725 1375
1724527388494 0.1081666648387909 1376
1724527389977 0.11513424664735794 1377
1724527391427 0.12145437300205231 1378
1724527392933 0.10593471676111221 1379
1724527394418 0.11896507441997528 1380
1724527395726 0.4944615066051483 1381
1724527397139 0.10716487467288971 1382
1724527398558 0.1167406216263771 1383
1724527399975 0.12503893673419952 1384
1724527401389 0.11651173233985901 1385
1724527402806 0.106754370033741 1386
1724527404263 0.11887181550264359 1387
1724527405767 0.4945346415042877 1388
1724527407281 0.1073821634054184 1389
1724527408784 0.11917735636234283 1390
1724527410256 0.11451210081577301 1391
1724527411679 0.11172140389680862 1392
1724527413114 0.11426540464162827 1393
1724527414523 0.11685637384653091 1394
1724527415930 0.1044631078839302 1395
1724527417372 0.12046527117490768 1396
1724527418803 0.12257187813520432 1397
1724527420219 0.11367247998714447 1398
1724527421650 0.10758008807897568 1399
1724527423110 0.10624141991138458 1400
1724527425064 0.10958550870418549 1401
1724527426412 0.12374871224164963 1402
1724527427847 0.12601539492607117 1403
1724527429309 0.10243833065032959 1404
1724527430789 0.10885636508464813 1405
1724527432256 0.10587642341852188 1406
1724527433731 0.12311253696680069 1407
1724527435196 0.10520803183317184 1408
1724527436659 0.4945222735404968 1409
1724527438136 0.11359093338251114 1410
1724527439575 0.11349239200353622 1411
1724527441035 0.12432525306940079 1412
1724527442491 0.1267540454864502 1413
1724527443875 0.494488924741745 1414
1724527445330 0.09997134655714035 1415
1724527446746 0.11582063883543015 1416
1724527448127 0.12218482792377472 1417
1724527449618 0.1140739694237709 1418
1724527451111 0.11578068137168884 1419
1724527452573 0.10665619373321533 1420
1724527454122 0.12491828948259354 1421
1724527455619 0.11377855390310287 1422
1724527457063 0.11736200004816055 1423
1724527458493 0.4945231080055237 1424
1724527459970 0.4944828748703003 1425
1724527461484 0.4945759177207947 1426
1724527463017 0.1202554851770401 1427
1724527464475 0.10695666819810867 1428
1724527465949 0.4945051670074463 1429
1724527467418 0.11532829701900482 1430
1724527468907 0.11734064668416977 1431
1724527470241 0.10453834384679794 1432
1724527471553 0.1096130758523941 1433
1724527473001 0.10139194130897522 1434
1724527474422 0.11861347407102585 1435
1724527475871 0.11616633832454681 1436
1724527477329 0.1337355226278305 1437
1724527478753 0.12371605634689331 1438
1724527480167 0.12474636733531952 1439
1724527481600 0.49450644850730896 1440
1724527482953 0.12439845502376556 1441
1724527484449 0.1117786318063736 1442
1724527485936 0.1117008775472641 1443
1724527487439 0.12896277010440826 1444
1724527488901 0.13275836408138275 1445
1724527490349 0.10389085114002228 1446
1724527491821 0.10438288748264313 1447
1724527493291 0.1136450245976448 1448
1724527494791 0.11775971204042435 1449
1724527496250 0.11259105056524277 1450
1724527497688 0.11763481050729752 1451
1724527499086 0.1185886338353157 1452
1724527500462 0.1196667030453682 1453
1724527501856 0.11448213458061218 1454
1724527503225 0.11311651766300201 1455
1724527504652 0.12097445875406265 1456
1724527506348 0.49450990557670593 1457
1724527508075 0.4944145381450653 1458
1724527509786 0.10471105575561523 1459
1724527511316 0.12858448922634125 1460
1724527512659 0.11960974335670471 1461
1724527514132 0.10922950506210327 1462
1724527515550 0.11405579000711441 1463
1724527516942 0.1074896976351738 1464
1724527518255 0.11537455767393112 1465
1724527519676 0.11815811693668365 1466
1724527521125 0.11230012029409409 1467
1724527522564 0.12212491035461426 1468
1724527523989 0.12440606206655502 1469
1724527525423 0.12514004111289978 1470
1724527526881 0.10565833002328873 1471
1724527528373 0.4944455325603485 1472
1724527529763 0.1143648624420166 1473
1724527531240 0.4945349395275116 1474
1724527532750 0.11888708919286728 1475
1724527534337 0.10200079530477524 1476
1724527535887 0.1236787810921669 1477
1724527537418 0.11256668716669083 1478
1724527538956 0.10883372277021408 1479
1724527540438 0.10624777525663376 1480
1724527542428 0.097685307264328 1481
1724527543792 0.12509649991989136 1482
1724527545263 0.10186067223548889 1483
1724527546789 0.10745909065008163 1484
1724527548298 0.11344261467456818 1485
1724527549768 0.11862897127866745 1486
1724527551210 0.11544880270957947 1487
1724527552645 0.10434583574533463 1488
1724527554064 0.1323605328798294 1489
1724527555489 0.09578869491815567 1490
1724527556960 0.11659027636051178 1491
1724527558470 0.11615411937236786 1492
1724527559941 0.11131734400987625 1493
1724527561378 0.11354011297225952 1494
1724527562808 0.11222407221794128 1495
1724527564245 0.10952834784984589 1496
1724527565662 0.11455788463354111 1497
1724527567097 0.11903233826160431 1498
1724527568542 0.1216311901807785 1499
