1724525523612 0.16494250610286806 80
1724525636796 0.13454518401995302 160
1724525748506 0.14380787098780273 240
1724525858556 0.15083262985572218 320
1724525968196 0.1360783413052559 400
1724526077496 0.13698875214904546 480
1724526215451 0.13871350318193434 580
1724526327391 0.12595681073144077 660
1724526443418 0.15759629448875784 740
1724526561665 0.13499579103663564 820
1724526683120 0.13454968603327871 900
1724526808000 0.1251245248131454 980
1724526959820 0.1464302461594343 1080
1724527079638 0.15728966519236565 1160
1724527192868 0.12837299099192023 1240
1724527308979 0.13970216317102313 1320
1724527423820 0.13344343807548284 1400
1724527541164 0.16756520364433528 1480
