1725734269157 0.0030369720219944915 150
1725734590468 0.0027043209100763004 300
1725734910715 0.002632741400351127 450
1725735230694 0.002554831778785835 600
1725735549868 0.0024989332056914765 750
1725735869967 0.002452356411765019 900
1725736190822 0.002403326730709523 1050
1725736511680 0.0023591806786134838 1200
1725736832539 0.0023167767755997676 1350
1725737152465 0.0022740115815152724 1500
1725737471445 0.0022405481485960384 1650
1725737789470 0.0021954665100201963 1800
1725738106818 0.0021626433613710105 1950
1725738426151 0.0021249950646112362 2100
1725738745752 0.0020847623554679255 2250
1725739064768 0.002072732748153309 2400
1725739383393 0.002013630267853538 2550
1725739701366 0.00199047411326319 2700
1725740019927 0.0019858539733104406 2850
1725740339216 0.0019599640928208827 3000
