1725734164069 0.0031352403532197274 100
1725734486358 0.002727368410366277 250
1725734806943 0.002692875964567065 400
1725735126973 0.002576559966740509 550
1725735445914 0.0025071931312171123 700
1725735765889 0.002465557853380839 850
1725736087624 0.002409846446632097 1000
1725736407695 0.0023837205356297395 1150
1725736728232 0.002348002060316503 1300
1725737048638 0.002235426036641002 1450
1725737367913 0.0022908344422467052 1600
1725737685819 0.002218726222248127 1750
1725738003802 0.002159337536431849 1900
1725738322177 0.0021426249823222557 2050
1725738642533 0.002084820593396823 2200
1725738961464 0.002079901640924315 2350
1725739279902 0.0020337913557887076 2500
1725739597457 0.001999313891089211 2650
1725739916673 0.001966974468280872 2800
1725740235459 0.001972689921967685 2950
