1723854500978 0.37567397952079773 0
1723854521324 0.2509641945362091 1
1723854541608 0.17667271196842194 2
1723854561763 0.10535356402397156 3
1723854581998 0.09520554542541504 4
1723854602274 0.09331129491329193 5
1723854622402 0.071308933198452 6
1723854642666 0.07710060477256775 7
1723854662763 0.09106869250535965 8
1723854682902 0.08393483608961105 9
1723854703114 0.07291142642498016 10
1723854723403 0.07443555444478989 11
1723854743682 0.07446147501468658 12
1723854763684 0.06707004457712173 13
1723854783799 0.08130732923746109 14
1723854803896 0.06341999769210815 15
1723854824203 0.08398770540952682 16
1723854844360 0.0659286379814148 17
1723854864545 0.08274181187152863 18
1723854885175 0.07387194037437439 19
1723854905251 0.0737406387925148 20
1723854925332 0.07226864993572235 21
1723854945462 0.07484855502843857 22
1723854965672 0.06771352142095566 23
1723854985672 0.06783577799797058 24
1723855005800 0.08547267317771912 25
1723855026009 0.07272901386022568 26
1723855046177 0.07086146622896194 27
1723855066235 0.06664319336414337 28
1723855086319 0.07390765845775604 29
1723855106483 0.06500940769910812 30
1723855126528 0.07217931002378464 31
1723855146691 0.07189202308654785 32
1723855166680 0.071055568754673 33
1723855186690 0.0688198059797287 34
1723855206797 0.0635225772857666 35
1723855227006 0.06257787346839905 36
1723855247156 0.08571241050958633 37
1723855267355 0.07948581874370575 38
1723855287491 0.07254356890916824 39
1723855307692 0.07355829328298569 40
1723855327929 0.0709892064332962 41
1723855348144 0.07904063910245895 42
1723855368538 0.07343253493309021 43
1723855388671 0.0721031129360199 44
1723855408885 0.0849718526005745 45
1723855429248 0.08189351111650467 46
1723855449523 0.06995517760515213 47
1723855469838 0.07834397256374359 48
1723855490284 0.0796021819114685 49
1723855510462 0.07299873232841492 50
1723855530514 0.07142212241888046 51
1723855550748 0.07767503708600998 52
1723855571010 0.06702324748039246 53
1723855591352 0.07419899851083755 54
1723855611545 0.06728538125753403 55
1723855631917 0.07637540251016617 56
1723855651919 0.07684016972780228 57
1723855672039 0.07706112414598465 58
1723855692277 0.07632426172494888 59
1723855712399 0.06894193589687347 60
1723855732732 0.0771101862192154 61
1723855752897 0.07322116196155548 62
1723855773026 0.07915133982896805 63
1723855793181 0.06607356667518616 64
1723855813454 0.06973084062337875 65
1723855833508 0.06607312709093094 66
1723855853702 0.07293671369552612 67
1723855874229 0.07938115298748016 68
1723855894298 0.06863850355148315 69
1723855914519 0.06547751277685165 70
1723855934791 0.06624850630760193 71
1723855954939 0.06656032055616379 72
1723855975472 0.0691136047244072 73
1723855995536 0.057726580649614334 74
1723856015917 0.07967627048492432 75
1723856036250 0.0650692880153656 76
1723856056537 0.06733657419681549 77
1723856076569 0.10402199625968933 78
1723856096816 0.07102798670530319 79
1723856117142 0.08086774498224258 80
1723856137862 0.08094017952680588 81
1723856157988 0.06864703446626663 82
1723856178130 0.07168946415185928 83
1723856198187 0.07617659866809845 84
1723856218470 0.07136383652687073 85
1723856238446 0.08119989931583405 86
1723856258508 0.08259618282318115 87
1723856278565 0.06784392148256302 88
1723856298755 0.07305555045604706 89
1723856318867 0.07625408470630646 90
1723856339075 0.08040328323841095 91
1723856359136 0.06815867871046066 92
1723856379341 0.07057987153530121 93
1723856399351 0.06914559751749039 94
1723856419555 0.07184278964996338 95
1723856439616 0.06996610760688782 96
1723856459850 0.07892585545778275 97
1723856479929 0.07381024956703186 98
1723856500055 0.07676475495100021 99
1723856520150 0.07138078659772873 100
1723856540593 0.06572557240724564 101
1723856560686 0.06882571429014206 102
1723856580886 0.06586002558469772 103
1723856600934 0.07063071429729462 104
1723856621297 0.08630429208278656 105
1723856641374 0.07159430533647537 106
1723856661655 0.07283381372690201 107
1723856681794 0.06513579934835434 108
1723856701782 0.0721983015537262 109
1723856721895 0.07159720361232758 110
1723856741996 0.07222481817007065 111
1723856762021 0.06330698728561401 112
1723856782163 0.0687529444694519 113
1723856802191 0.07292689383029938 114
1723856822535 0.07164395600557327 115
1723856842691 0.06721652299165726 116
1723856862803 0.07494770735502243 117
1723856882908 0.07806964963674545 118
1723856902934 0.0792228952050209 119
1723856923035 0.07027874141931534 120
1723856943158 0.0696953684091568 121
1723856963446 0.07566217333078384 122
1723856983743 0.07804282009601593 123
1723857003861 0.07422658801078796 124
1723857023984 0.08153652399778366 125
1723857044087 0.06729033589363098 126
1723857064093 0.06987342983484268 127
1723857084445 0.07812417298555374 128
1723857105057 0.08282497525215149 129
1723857125217 0.06840449571609497 130
1723857145500 0.0675554871559143 131
1723857165843 0.07612581551074982 132
1723857185874 0.06827826797962189 133
1723857205999 0.07993277907371521 134
1723857226197 0.07783230394124985 135
1723857246569 0.06934735924005508 136
1723857266820 0.06361743062734604 137
1723857286948 0.06968433409929276 138
1723857307091 0.07532649487257004 139
1723857327390 0.07099264115095139 140
1723857347529 0.07342157512903214 141
1723857367650 0.06973510980606079 142
1723857387848 0.07169941812753677 143
1723857407957 0.07079504430294037 144
1723857428010 0.0662507712841034 145
1723857448249 0.06859500706195831 146
1723857468376 0.06690963357686996 147
1723857488565 0.06577703356742859 148
1723857508669 0.07298950850963593 149
1723857528860 0.06827953457832336 150
1723857548921 0.06422489136457443 151
1723857569139 0.06054616719484329 152
1723857589314 0.06390560418367386 153
1723857609589 0.07511599361896515 154
1723857629698 0.07298338413238525 155
1723857649977 0.06404492259025574 156
1723857670189 0.06832161545753479 157
1723857690329 0.07117658108472824 158
1723857710532 0.07131773978471756 159
1723857730777 0.0698670968413353 160
1723857751049 0.06963906437158585 161
1723857771389 0.06476020812988281 162
1723857791663 0.08220888674259186 163
1723857811974 0.06387932598590851 164
1723857832040 0.058135103434324265 165
1723857852296 0.06523318588733673 166
1723857872235 0.07270210236310959 167
1723857892513 0.06478670984506607 168
1723857912994 0.06581871211528778 169
1723857933112 0.059748709201812744 170
1723857953338 0.06630438566207886 171
1723857973607 0.07219818979501724 172
1723857993634 0.06415195763111115 173
1723858013955 0.06614718586206436 174
1723858034306 0.05511367321014404 175
1723858054426 0.07947687059640884 176
1723858074663 0.057677365839481354 177
1723858094998 0.07509759068489075 178
1723858115218 0.07034982740879059 179
1723858135454 0.08380679041147232 180
1723858155581 0.07297807931900024 181
1723858175921 0.0594969280064106 182
1723858196044 0.07323281466960907 183
1723858216299 0.06986913830041885 184
1723858236791 0.07497550547122955 185
1723858257043 0.06744952499866486 186
1723858277206 0.06546454131603241 187
1723858297321 0.07982627302408218 188
1723858317573 0.08119136840105057 189
1723858337655 0.06525721400976181 190
1723858357748 0.05756271630525589 191
1723858377882 0.06796697527170181 192
1723858397968 0.07490617036819458 193
1723858417997 0.07334082573652267 194
1723858438308 0.07124312967061996 195
1723858458836 0.07228121161460876 196
1723858479050 0.06555595248937607 197
1723858499151 0.06466607004404068 198
1723858519151 0.07284904271364212 199
1723858539318 0.06782134622335434 200
1723858559587 0.06380263715982437 201
1723858579873 0.07340088486671448 202
1723858599914 0.08013762533664703 203
1723858620067 0.06658722460269928 204
1723858640490 0.07175274938344955 205
1723858660657 0.07925057411193848 206
1723858680851 0.06706883013248444 207
1723858701116 0.06817495822906494 208
1723858721336 0.06632762402296066 209
1723858741535 0.07020001858472824 210
1723858761693 0.07349453866481781 211
1723858781767 0.07350906729698181 212
1723858802038 0.07749854773283005 213
1723858822089 0.06907352805137634 214
1723858842256 0.06352690607309341 215
1723858862396 0.06614767760038376 216
1723858882786 0.059560224413871765 217
1723858902927 0.0655384361743927 218
1723858923073 0.06097779422998428 219
1723858943319 0.06653144955635071 220
1723858963641 0.06583066284656525 221
1723858983713 0.06955523043870926 222
1723859003910 0.06579028069972992 223
1723859024209 0.08321885019540787 224
1723859044248 0.06146467477083206 225
1723859064743 0.07168616354465485 226
1723859084841 0.06802158802747726 227
1723859105128 0.07132181525230408 228
1723859125201 0.0747782364487648 229
1723859145439 0.07367356866598129 230
1723859165758 0.0605449341237545 231
1723859185853 0.06364060938358307 232
1723859206159 0.0670643225312233 233
1723859226393 0.0675581619143486 234
1723859246579 0.05858081206679344 235
1723859266669 0.06949473917484283 236
1723859286825 0.06864120066165924 237
1723859307087 0.06867442280054092 238
1723859327246 0.06357158720493317 239
1723859347414 0.06475429236888885 240
1723859368156 0.0585641972720623 241
1723859388672 0.06013055890798569 242
1723859408731 0.06392737478017807 243
1723859428900 0.061592575162649155 244
1723859448966 0.06673081964254379 245
1723859469274 0.06754837930202484 246
1723859489450 0.06807033717632294 247
1723859509553 0.07118247449398041 248
1723859529592 0.07432062178850174 249
1723859549888 0.07013294845819473 250
1723859569944 0.06002871319651604 251
1723859590212 0.05917075276374817 252
1723859610436 0.07121202349662781 253
1723859630658 0.07126626372337341 254
1723859650740 0.06920335441827774 255
1723859671159 0.0718914195895195 256
1723859691197 0.0734594315290451 257
1723859711306 0.07516133040189743 258
1723859731783 0.06878110766410828 259
1723859752108 0.06625999510288239 260
1723859772308 0.07509777694940567 261
1723859792496 0.06287343055009842 262
1723859812535 0.07754379510879517 263
1723859832709 0.07128182798624039 264
1723859853076 0.06372233480215073 265
1723859873237 0.06376608461141586 266
1723859893427 0.06219720095396042 267
1723859913587 0.06768176704645157 268
1723859933748 0.06648486107587814 269
1723859953776 0.062399525195360184 270
1723859973978 0.06302092969417572 271
1723859994233 0.06470742076635361 272
1723860014331 0.06751903146505356 273
1723860034432 0.07581041753292084 274
1723860054515 0.06557966023683548 275
1723860074794 0.06803292781114578 276
1723860095122 0.06685655564069748 277
1723860115214 0.07760167866945267 278
1723860135325 0.07717332243919373 279
1723860155489 0.06805604696273804 280
1723860175527 0.06671102344989777 281
1723860195859 0.06461232155561447 282
1723860216149 0.05400542542338371 283
1723860236244 0.07261640578508377 284
1723860256422 0.07290970534086227 285
1723860276541 0.0601130872964859 286
1723860296663 0.07343678921461105 287
1723860316882 0.06590395420789719 288
1723860337044 0.06190109625458717 289
1723860357310 0.07204553484916687 290
1723860377449 0.07366368919610977 291
1723860397661 0.0701279267668724 292
1723860417899 0.07065334916114807 293
1723860438129 0.06784305721521378 294
1723860458398 0.06293072551488876 295
1723860478549 0.06371385604143143 296
1723860498760 0.06694915890693665 297
1723860518878 0.06902537494897842 298
1723860538991 0.07079750299453735 299
1723860559077 0.06808507442474365 300
1723860579423 0.06473897397518158 301
1723860599765 0.07410193979740143 302
1723860619953 0.07004958391189575 303
1723860640055 0.05865131691098213 304
1723860660129 0.07200046628713608 305
1723860680452 0.06543616950511932 306
1723860700670 0.06162038445472717 307
1723860720759 0.07592198997735977 308
1723860741048 0.06280170381069183 309
1723860760970 0.07297208160161972 310
1723860781164 0.06479436904191971 311
1723860801565 0.0698036253452301 312
1723860821673 0.06761475652456284 313
1723860841896 0.06308454275131226 314
1723860861902 0.06915333867073059 315
1723860882050 0.06574343889951706 316
1723860902219 0.06561651825904846 317
1723860922266 0.06461892277002335 318
1723860942268 0.07060418277978897 319
1723860962610 0.06804435700178146 320
1723860983012 0.06440191715955734 321
1723861003062 0.0639633908867836 322
1723861023400 0.06966137886047363 323
1723861043685 0.06822894513607025 324
1723861063755 0.07096172124147415 325
1723861083886 0.06847003847360611 326
1723861104038 0.07451692968606949 327
1723861124168 0.07121607661247253 328
1723861144750 0.059208668768405914 329
1723861165050 0.0708000436425209 330
1723861185148 0.05607159435749054 331
1723861205386 0.0647316500544548 332
1723861225458 0.06864897906780243 333
1723861245792 0.06132875382900238 334
1723861266232 0.07521738857030869 335
1723861286243 0.06323746591806412 336
1723861306443 0.07406599819660187 337
1723861326697 0.06777942925691605 338
1723861346724 0.07425923645496368 339
1723861366811 0.06370972096920013 340
1723861387130 0.07240287959575653 341
1723861407385 0.08129275590181351 342
1723861427612 0.0672844797372818 343
1723861447771 0.07027959823608398 344
1723861467808 0.06848626583814621 345
1723861488189 0.06845372915267944 346
1723861508292 0.07827568799257278 347
1723861528397 0.06707289814949036 348
1723861548742 0.05801085755228996 349
1723861569178 0.07035014033317566 350
1723861589351 0.07019911706447601 351
1723861609593 0.06077943742275238 352
1723861629740 0.06401174515485764 353
1723861649942 0.071551114320755 354
1723861670122 0.07029278576374054 355
1723861690546 0.07428731769323349 356
1723861710789 0.07230108231306076 357
1723861730838 0.0717584490776062 358
1723861751006 0.07235141843557358 359
1723861771130 0.07272996008396149 360
1723861791400 0.07676265388727188 361
1723861811395 0.0628698393702507 362
1723861831519 0.06325612962245941 363
1723861851601 0.07154431194067001 364
1723861871639 0.07202702015638351 365
1723861891941 0.06956378370523453 366
1723861912180 0.06947598606348038 367
1723861932181 0.06294532120227814 368
1723861952357 0.061029668897390366 369
1723861972503 0.06687917560338974 370
1723861992702 0.06783133000135422 371
1723862012763 0.05924493446946144 372
1723862032947 0.06629108637571335 373
1723862052929 0.062474802136421204 374
1723862073087 0.06773541867733002 375
1723862093252 0.08238676935434341 376
1723862113221 0.07308691740036011 377
1723862133297 0.06728053092956543 378
1723862153664 0.06505455821752548 379
1723862173878 0.06976748257875443 380
1723862194211 0.062323860824108124 381
1723862214521 0.06654740869998932 382
1723862234791 0.07236116379499435 383
1723862254896 0.07208669930696487 384
1723862275131 0.06391655653715134 385
1723862295401 0.07047225534915924 386
1723862315527 0.06900807470083237 387
1723862335552 0.06354120373725891 388
1723862355598 0.06850714236497879 389
1723862375932 0.07846234738826752 390
1723862396069 0.06399757415056229 391
1723862416217 0.07266689836978912 392
1723862436472 0.06438615918159485 393
1723862456734 0.07198838144540787 394
1723862476853 0.06281504034996033 395
1723862497027 0.06434665620326996 396
1723862517230 0.06378662586212158 397
1723862537345 0.06808442622423172 398
1723862557617 0.06370782107114792 399
1723862577925 0.06258650869131088 400
1723862598285 0.0653458908200264 401
1723862618253 0.07349484413862228 402
1723862638538 0.05852681025862694 403
1723862658806 0.06323681771755219 404
1723862678970 0.06179827079176903 405
1723862699080 0.0726621225476265 406
1723862719288 0.0728209987282753 407
1723862739321 0.07541980594396591 408
1723862759460 0.07175568491220474 409
1723862779771 0.06825761497020721 410
1723862799990 0.0605311244726181 411
1723862820069 0.06428691744804382 412
1723862840239 0.061483483761548996 413
1723862860234 0.06638090312480927 414
1723862880317 0.07104486227035522 415
1723862900453 0.062130946666002274 416
1723862920561 0.07763753831386566 417
1723862940655 0.05651506036520004 418
1723862960970 0.052599452435970306 419
1723862981075 0.07893311232328415 420
1723863001359 0.06860461831092834 421
1723863021649 0.07268223911523819 422
1723863041670 0.07172232121229172 423
1723863061925 0.06977741420269012 424
1723863082011 0.07153420895338058 425
1723863102063 0.06246115267276764 426
1723863122361 0.05927707254886627 427
1723863142674 0.07601353526115417 428
1723863162646 0.06233890727162361 429
1723863182867 0.06892427802085876 430
1723863202980 0.06740277260541916 431
1723863223439 0.07044772803783417 432
1723863243655 0.06193378567695618 433
1723863264082 0.07749233394861221 434
1723863284239 0.06886996328830719 435
1723863304394 0.06238444149494171 436
1723863324452 0.060885678976774216 437
1723863344571 0.0668426901102066 438
1723863364804 0.06733222305774689 439
1723863384814 0.0623382106423378 440
1723863404989 0.0728984996676445 441
1723863425165 0.06207162141799927 442
1723863445308 0.07009594887495041 443
1723863465383 0.07093901187181473 444
1723863485452 0.06949774920940399 445
1723863505679 0.0642089769244194 446
1723863525804 0.06844078749418259 447
1723863546047 0.06444995850324631 448
1723863566219 0.06900061666965485 449
1723863586217 0.06655438989400864 450
1723863606356 0.06402269750833511 451
1723863626611 0.06113141030073166 452
1723863646663 0.06222767382860184 453
1723863666893 0.061319515109062195 454
1723863687060 0.07291076332330704 455
1723863707310 0.05923581123352051 456
1723863727800 0.06511710584163666 457
1723863747842 0.07128909975290298 458
1723863768019 0.06421124935150146 459
1723863788411 0.06396624445915222 460
1723863808517 0.0665714368224144 461
1723863828702 0.07111282646656036 462
1723863848952 0.06378957629203796 463
1723863869145 0.06923829764127731 464
1723863889287 0.06637318432331085 465
1723863909776 0.0695473849773407 466
1723863929877 0.06566587835550308 467
1723863950186 0.06733473390340805 468
1723863970607 0.06505226343870163 469
1723863990685 0.06661466509103775 470
1723864010787 0.0633377730846405 471
1723864030841 0.07248882949352264 472
1723864050957 0.06362418830394745 473
1723864071062 0.07284882664680481 474
1723864091328 0.05759634077548981 475
1723864111412 0.07276073098182678 476
1723864131522 0.07531293481588364 477
1723864151668 0.06405851989984512 478
1723864171719 0.07147280126810074 479
1723864191891 0.05373769626021385 480
1723864212181 0.07350374013185501 481
1723864232376 0.07403013855218887 482
1723864252497 0.06333562731742859 483
1723864272652 0.06478165090084076 484
1723864292760 0.06938759982585907 485
1723864312952 0.07652098685503006 486
1723864333104 0.07421497255563736 487
1723864353530 0.06458348780870438 488
1723864373755 0.05543504282832146 489
1723864393755 0.07445813715457916 490
1723864413954 0.06674996018409729 491
1723864434278 0.07078955322504044 492
1723864454548 0.06531944870948792 493
1723864474704 0.07415604591369629 494
1723864494979 0.06507481634616852 495
1723864514981 0.07128069549798965 496
1723864535174 0.06930726766586304 497
1723864555624 0.06114429980516434 498
1723864575824 0.06166047230362892 499
