1726148085927 0.0005267172194241235 150
1726148368816 0.0005200951379568627 300
1726148651789 0.0005180353909963742 450
1726148934409 0.0005171098948145906 600
1726149217447 0.0005155636523462211 750
1726149500101 0.0005155290492499868 900
1726149782900 0.0005139880677840362 1050
1726150064438 0.0005135548072090993 1200
1726150333909 0.0005132017016876489 1350
1726150613267 0.0005115678262275954 1500
1726150890574 0.0005119347807097559 1650
1726151167069 0.0005108039583622789 1800
1726151444927 0.0005100952267336349 1950
1726151722672 0.0005098153361662601 2100
1726151999766 0.0005095548601821065 2250
1726152277054 0.000509528807985286 2400
1726152555777 0.0005081075988709927 2550
1726152833161 0.0005080034609030312 2700
1726153110362 0.0005078121047699824 2850
1726153386927 0.0005074953778724496 3000
1726153654492 0.0005065371447320406 3150
1726153937097 0.0005066719348542393 3300
1726154219301 0.0005064575180100898 3450
1726154501163 0.0005054925337511425 3600
1726154783461 0.0005053282674634829 3750
1726155065209 0.0005048503559858849 3900
1726155347454 0.0005038538006677602 4050
1726155631109 0.0005051137960981577 4200
1726155924925 0.0005032523917422319 4350
1726156212483 0.000503363596702305 4500
1726156495292 0.0005030519435725486 4650
1726156778454 0.0005023881065426394 4800
1726157031685 0.0005007621995173395 4950
1726157300675 0.0005017933755880222 5100
1726157576776 0.0005013056805667778 5250
1726157852043 0.0005012645927490667 5400
1726158129401 0.0005004999990342185 5550
1726158398639 0.0004996439304280405 5700
1726158683434 0.0004992199167221164 5850
1726158965497 0.0004995891403329248 6000
1726159246124 0.0004984248951465512 6150
1726159526164 0.0004985618777573109 6300
1726159807855 0.0004980816432119657 6450
1726160089292 0.0004971854241254429 6600
1726160371521 0.0004980192414950579 6750
1726160653725 0.0004974313276276613 6900
1726160919128 0.0004965197269727166 7050
1726161192602 0.0004957519407616928 7200
1726161467650 0.0004952195228543132 7350
1726161742127 0.0004955276319136222 7500
