1726148069118 0.000526567165168491 140
1726148351631 0.0005194254039088264 290
1726148634964 0.0005197124945698306 440
1726148917417 0.0005158121332836647 590
1726149200499 0.0005153557186713442 740
1726149482971 0.0005162517707018803 890
1726149766335 0.0005152150994399562 1040
1726150047670 0.0005127200775314122 1190
1726150317436 0.0005138872971292585 1340
1726150596769 0.0005111655493965372 1490
1726150874101 0.0005118270953729128 1640
1726151150375 0.0005107418354600668 1790
1726151428622 0.0005104887264315038 1940
1726151705902 0.0005089102456501375 2090
1726151983120 0.0005108996622341995 2240
1726152260443 0.0005091544174744437 2390
1726152539154 0.0005079203044685225 2540
1726152816582 0.000508226098997208 2690
1726153093668 0.000508044248369212 2840
1726153370523 0.0005059808704148358 2990
1726153637850 0.0005075727548683062 3140
1726153920267 0.0005075165765204777 3290
1726154202449 0.0005059965040224294 3440
1726154484470 0.0005059337852677951 3590
1726154766665 0.0005047340462139497 3740
1726155048527 0.0005057174427201971 3890
1726155330717 0.0005023933516349644 4040
1726155613520 0.0005060175870312377 4190
1726155906953 0.0005026609547591458 4340
1726156195553 0.0005035602400312201 4490
1726156478465 0.0005027322828148802 4640
1726156761650 0.0005037201157150169 4790
1726157017410 0.000500879092530037 4940
1726157283932 0.000501480211581414 5090
1726157560089 0.00049869253707584 5240
1726157835401 0.0005043800202353548 5390
1726158112961 0.0004994134123747548 5540
1726158381806 0.000499400922174876 5690
1726158666705 0.0005004085691568131 5840
1726158948865 0.0004995495754216488 5990
1726159229307 0.0004971549458180865 6140
1726159509464 0.0005000961267311747 6290
1726159790908 0.000498012065072544 6440
1726160072527 0.000497743006174763 6590
1726160354693 0.000496858293384624 6740
1726160636978 0.0004989177883059407 6890
1726160902825 0.0004950643487973139 7040
1726161176169 0.0004959735916539406 7190
1726161451369 0.0004945057065924629 7340
1726161725729 0.0004957013111561537 7490
