1724533969748 0.0806422084569931 0
1724533970979 0.09276475757360458 1
1724533972264 0.07391941547393799 2
1724533973581 0.06199672818183899 3
1724533974912 0.07298342138528824 4
1724533976229 0.059146247804164886 5
1724533977532 0.05683242157101631 6
1724533978836 0.10110192000865936 7
1724533980140 0.08535666018724442 8
1724533981443 0.09009511023759842 9
1724533982750 0.06262330710887909 10
1724533984067 0.0734165608882904 11
1724533985372 0.06094406545162201 12
1724533986681 0.07158531248569489 13
1724533987984 0.07595538347959518 14
1724533989289 0.07638469338417053 15
1724533990599 0.08897572755813599 16
1724533991904 0.08965454995632172 17
1724533993225 0.08419527858495712 18
1724533994531 0.06687361001968384 19
1724533995843 0.07931679487228394 20
1724533997146 0.06661826372146606 21
1724533998451 0.059048399329185486 22
1724533999764 0.058279894292354584 23
1724534001067 0.10769776254892349 24
1724534002375 0.058176618069410324 25
1724534003677 0.05169367790222168 26
1724534004978 0.11433718353509903 27
1724534006297 0.0744873657822609 28
1724534007608 0.059627704322338104 29
1724534008912 0.08563816547393799 30
1724534010218 0.06825888156890869 31
1724534011526 0.06359624117612839 32
1724534012831 0.0642864853143692 33
1724534014137 0.06432594358921051 34
1724534015443 0.07737404853105545 35
1724534016752 0.07184215635061264 36
1724534018062 0.08591696619987488 37
1724534019365 0.05405347794294357 38
1724534020681 0.0616735965013504 39
1724534021991 0.07797233015298843 40
1724534023291 0.06862476468086243 41
1724534024603 0.08016331493854523 42
1724534025907 0.06626125425100327 43
1724534027220 0.05879264697432518 44
1724534028524 0.07213104516267776 45
1724534029838 0.07312330603599548 46
1724534031146 0.054910577833652496 47
1724534032469 0.0762316882610321 48
1724534033771 0.06661639362573624 49
1724534035084 0.07582083344459534 50
1724534036392 0.07129716128110886 51
1724534037700 0.0606328584253788 52
1724534039010 0.08018310368061066 53
1724534040316 0.07162748277187347 54
1724534041623 0.06848140060901642 55
1724534042932 0.07664859294891357 56
1724534044237 0.0732598602771759 57
1724534045540 0.08675514161586761 58
1724534046854 0.05853567272424698 59
1724534048160 0.06844457238912582 60
1724534049471 0.07023699581623077 61
1724534050785 0.06602948158979416 62
1724534052090 0.052952948957681656 63
1724534053405 0.07067440450191498 64
1724534054723 0.06530259549617767 65
1724534056038 0.05828717350959778 66
1724534057343 0.08661653101444244 67
1724534058654 0.07964835315942764 68
1724534059967 0.05666300654411316 69
1724534061274 0.0705268383026123 70
1724534062592 0.08130836486816406 71
1724534063910 0.0769270807504654 72
1724534065222 0.0623931922018528 73
1724534066528 0.06951389461755753 74
1724534067844 0.07001301646232605 75
1724534069160 0.07683029025793076 76
1724534070475 0.06653212755918503 77
1724534071792 0.09354737401008606 78
1724534073112 0.07117937505245209 79
1724534074418 0.06297188252210617 80
1724534076855 0.07712344825267792 81
1724534077990 0.06639815866947174 82
1724534079224 0.06035888195037842 83
1724534080540 0.05341140553355217 84
1724534081881 0.060232002288103104 85
1724534083221 0.06666665524244308 86
1724534084548 0.06385543942451477 87
1724534085863 0.056841835379600525 88
1724534087186 0.08072914183139801 89
1724534088492 0.05895267054438591 90
1724534089798 0.07170458883047104 91
1724534091108 0.06287132203578949 92
1724534092427 0.06517595797777176 93
1724534093742 0.05422133952379227 94
1724534095053 0.051134590059518814 95
1724534096375 0.08435436338186264 96
1724534097685 0.06931968778371811 97
1724534098996 0.07557163387537003 98
1724534100306 0.075346440076828 99
1724534101619 0.07933851331472397 100
1724534102942 0.07017851620912552 101
1724534104254 0.051033806055784225 102
1724534105570 0.08085158467292786 103
1724534106885 0.07643578946590424 104
1724534108196 0.060386206954717636 105
1724534109512 0.05878152698278427 106
1724534110826 0.07985622435808182 107
1724534112144 0.05619397759437561 108
1724534113460 0.08520878106355667 109
1724534114776 0.05867815390229225 110
1724534116096 0.061158809810876846 111
1724534117407 0.0548890121281147 112
1724534118721 0.0673728659749031 113
1724534120028 0.06215282902121544 114
1724534121342 0.053208932280540466 115
1724534122659 0.04901659116148949 116
1724534123984 0.047867633402347565 117
1724534125293 0.055170938372612 118
1724534126604 0.06191505864262581 119
1724534127928 0.07936075329780579 120
1724534129232 0.060306597501039505 121
1724534130552 0.049542203545570374 122
1724534131877 0.0634850338101387 123
1724534133197 0.05823325738310814 124
1724534134516 0.06258375197649002 125
1724534135856 0.06810685247182846 126
1724534137163 0.05597589164972305 127
1724534138474 0.056389883160591125 128
1724534139789 0.05465496703982353 129
1724534141100 0.05229519307613373 130
1724534142415 0.05859772861003876 131
1724534143735 0.06237693130970001 132
1724534145048 0.06828834116458893 133
1724534146358 0.08578714728355408 134
1724534147672 0.06754695624113083 135
1724534148993 0.05705047771334648 136
1724534150303 0.05281996726989746 137
1724534151612 0.06653054058551788 138
1724534152922 0.09746292233467102 139
1724534154236 0.06922351568937302 140
1724534155549 0.05027848482131958 141
1724534156863 0.05438517406582832 142
1724534158176 0.05429541692137718 143
1724534159503 0.0656663328409195 144
1724534160822 0.05496605858206749 145
1724534162138 0.08394236117601395 146
1724534163471 0.05139975994825363 147
1724534164802 0.06682916730642319 148
1724534166140 0.04906167462468147 149
1724534167460 0.05725390091538429 150
1724534168788 0.05480871722102165 151
1724534170111 0.08245968073606491 152
1724534171440 0.0628596842288971 153
1724534172777 0.060195256024599075 154
1724534174115 0.056461092084646225 155
1724534175445 0.05186154693365097 156
1724534176773 0.0693894550204277 157
1724534178102 0.06343717128038406 158
1724534179422 0.06589287519454956 159
1724534180733 0.05003073066473007 160
1724534183206 0.06034605950117111 161
1724534184344 0.0561833530664444 162
1724534185591 0.0704069659113884 163
1724534186915 0.0560934916138649 164
1724534188269 0.05099739134311676 165
1724534189612 0.07381580024957657 166
1724534190941 0.059659432619810104 167
1724534192264 0.052775848656892776 168
1724534193576 0.0657084733247757 169
1724534194884 0.06255941092967987 170
1724534196197 0.05241140350699425 171
1724534197514 0.05964087322354317 172
1724534198830 0.056475501507520676 173
1724534200141 0.07494397461414337 174
1724534201463 0.05459120124578476 175
1724534202772 0.06955467164516449 176
1724534204092 0.05217989906668663 177
1724534205410 0.05539766326546669 178
1724534206725 0.046691298484802246 179
1724534208037 0.060250233858823776 180
1724534209362 0.04190274700522423 181
1724534210677 0.08175121247768402 182
1724534211987 0.06114836037158966 183
1724534213298 0.05988573655486107 184
1724534214613 0.07588604092597961 185
1724534215941 0.059063032269477844 186
1724534217262 0.06928673386573792 187
1724534218582 0.05374499410390854 188
1724534219905 0.06655421853065491 189
1724534221219 0.07378676533699036 190
1724534222531 0.05590961501002312 191
1724534223854 0.05786529555916786 192
1724534225166 0.0506158210337162 193
1724534226479 0.04319557175040245 194
1724534227793 0.06746883690357208 195
1724534229110 0.05111367627978325 196
1724534230429 0.05266367644071579 197
1724534231743 0.046305131167173386 198
1724534233070 0.05783449113368988 199
1724534234380 0.05339668318629265 200
1724534235695 0.05107375606894493 201
1724534237012 0.05677486211061478 202
1724534238331 0.06062917038798332 203
1724534239648 0.05363583192229271 204
1724534240962 0.0542726069688797 205
1724534242279 0.06350427865982056 206
1724534243603 0.04570373147726059 207
1724534244930 0.06379632651805878 208
1724534246235 0.04635462537407875 209
1724534247558 0.04859454184770584 210
1724534248886 0.045271195471286774 211
1724534250211 0.04892297089099884 212
1724534251534 0.048055749386548996 213
1724534252858 0.05211048200726509 214
1724534254171 0.048978738486766815 215
1724534255493 0.05455842614173889 216
1724534256812 0.05667972192168236 217
1724534258124 0.039151787757873535 218
1724534259442 0.07059387862682343 219
1724534260762 0.061175450682640076 220
1724534262075 0.07056983560323715 221
1724534263389 0.051225412636995316 222
1724534264699 0.06378418207168579 223
1724534266016 0.06102423369884491 224
1724534267333 0.05863253399729729 225
1724534268649 0.04936754330992699 226
1724534269962 0.0563749223947525 227
1724534271277 0.05519169196486473 228
1724534272591 0.05538010597229004 229
1724534273920 0.06074949726462364 230
1724534275233 0.06102844700217247 231
1724534276540 0.04778851941227913 232
1724534277857 0.06012965366244316 233
1724534279176 0.05626484006643295 234
1724534280493 0.06592046469449997 235
1724534281813 0.05499540641903877 236
1724534283129 0.04568725451827049 237
1724534284452 0.04727496951818466 238
1724534285761 0.05542555823922157 239
1724534287075 0.045182086527347565 240
1724534289593 0.04493256285786629 241
1724534290723 0.05154241994023323 242
1724534291958 0.06514795869588852 243
1724534293280 0.053838491439819336 244
1724534294636 0.055345986038446426 245
1724534295982 0.06595705449581146 246
1724534297309 0.053222835063934326 247
1724534298627 0.05208178609609604 248
1724534299941 0.07385077327489853 249
1724534301263 0.055133264511823654 250
1724534302575 0.043258752673864365 251
1724534303890 0.04398595914244652 252
1724534305200 0.04495442286133766 253
1724534306518 0.0601704902946949 254
1724534307832 0.06294595450162888 255
1724534309142 0.05833496153354645 256
1724534310456 0.0542357936501503 257
1724534311776 0.05477211996912956 258
1724534313093 0.05310015380382538 259
1724534314401 0.048533517867326736 260
1724534315715 0.05980820208787918 261
1724534317030 0.04025307297706604 262
1724534318352 0.05721179395914078 263
1724534319667 0.03818603605031967 264
1724534320986 0.06289712339639664 265
1724534322302 0.06361236423254013 266
1724534323624 0.05897203087806702 267
1724534324937 0.05331813171505928 268
1724534326255 0.044825464487075806 269
1724534327572 0.05369114130735397 270
1724534328889 0.05049888417124748 271
1724534330210 0.055792078375816345 272
1724534331527 0.06218491122126579 273
1724534332848 0.06931644678115845 274
1724534334163 0.06704112142324448 275
1724534335483 0.04869962856173515 276
1724534336800 0.0688243880867958 277
1724534338118 0.04648461565375328 278
1724534339430 0.050836484879255295 279
1724534340747 0.05555269494652748 280
1724534342065 0.05973556265234947 281
1724534343384 0.06728095561265945 282
1724534344698 0.046407319605350494 283
1724534346022 0.05355937033891678 284
1724534347331 0.07027585059404373 285
1724534348644 0.06780457496643066 286
1724534349959 0.050625063478946686 287
1724534351274 0.04793214052915573 288
1724534352588 0.06685148179531097 289
1724534353904 0.057932235300540924 290
1724534355231 0.07535483688116074 291
1724534356533 0.0555931031703949 292
1724534357849 0.058937326073646545 293
1724534359172 0.0543583445250988 294
1724534360484 0.05615811049938202 295
1724534361802 0.043392568826675415 296
1724534363116 0.06488335877656937 297
1724534364434 0.06205045059323311 298
1724534365741 0.04958838224411011 299
1724534367055 0.053775738924741745 300
1724534368367 0.044162534177303314 301
1724534369697 0.04686574637889862 302
1724534371012 0.04786469414830208 303
1724534372319 0.04740110784769058 304
1724534373630 0.04654092714190483 305
1724534374950 0.046945713460445404 306
1724534376270 0.060522835701704025 307
1724534377580 0.05518369749188423 308
1724534378894 0.046848639845848083 309
1724534380208 0.04182009398937225 310
1724534381527 0.038726385682821274 311
1724534382843 0.06597113609313965 312
1724534384158 0.05631869658827782 313
1724534385470 0.046495627611875534 314
1724534386793 0.08793668448925018 315
1724534388108 0.04840732738375664 316
1724534389424 0.04511978104710579 317
1724534390737 0.08099207282066345 318
1724534392059 0.0418374128639698 319
1724534393369 0.046616293489933014 320
1724534395856 0.04992976412177086 321
1724534396983 0.04902767390012741 322
1724534398216 0.052790336310863495 323
1724534399531 0.05378551036119461 324
1724534400890 0.04903969168663025 325
1724534402235 0.059998851269483566 326
1724534403566 0.06522665917873383 327
1724534404878 0.05184546858072281 328
1724534406197 0.04696814715862274 329
1724534407510 0.06462664902210236 330
1724534408817 0.04767671599984169 331
1724534410133 0.040973663330078125 332
1724534411451 0.04660888388752937 333
1724534412768 0.04567938670516014 334
1724534414075 0.059052832424640656 335
1724534415385 0.053309474140405655 336
1724534416699 0.06464455276727676 337
1724534418018 0.05867933854460716 338
1724534419342 0.036744266748428345 339
1724534420659 0.06385578960180283 340
1724534421983 0.056383583694696426 341
1724534423303 0.057788461446762085 342
1724534424617 0.051335860043764114 343
1724534425934 0.045525841414928436 344
1724534427250 0.049035996198654175 345
1724534428577 0.06044730544090271 346
1724534429894 0.05163902789354324 347
1724534431213 0.04435517266392708 348
1724534432532 0.04478198289871216 349
1724534433852 0.06752882897853851 350
1724534435172 0.0577368438243866 351
1724534436481 0.058756325393915176 352
1724534437787 0.0512080155313015 353
1724534439104 0.042402345687150955 354
1724534440424 0.05994150787591934 355
1724534441744 0.040585923939943314 356
1724534443057 0.03753349930047989 357
1724534444372 0.049341171979904175 358
1724534445685 0.04890235513448715 359
1724534446996 0.06717197597026825 360
1724534448322 0.046233169734478 361
1724534449632 0.06865007430315018 362
1724534450951 0.06470517069101334 363
1724534452260 0.0629323273897171 364
1724534453575 0.0646485909819603 365
1724534454886 0.05089118704199791 366
1724534456210 0.04325975477695465 367
1724534457526 0.04974227398633957 368
1724534458835 0.04851752892136574 369
1724534460141 0.048686545342206955 370
1724534461456 0.04339291527867317 371
1724534462768 0.04613872244954109 372
1724534464085 0.04756898805499077 373
1724534465394 0.048483774065971375 374
1724534466714 0.049440182745456696 375
1724534468029 0.05299583077430725 376
1724534469343 0.04865936189889908 377
1724534470657 0.05966225266456604 378
1724534471976 0.0467599518597126 379
1724534473287 0.052264269441366196 380
1724534474606 0.049021754413843155 381
1724534475934 0.04525452479720116 382
1724534477259 0.05870778113603592 383
1724534478576 0.03931424766778946 384
1724534479890 0.04418470710515976 385
1724534481206 0.05247199162840843 386
1724534482514 0.04580562189221382 387
1724534483824 0.05712912604212761 388
1724534485138 0.05301886424422264 389
1724534486449 0.06640554964542389 390
1724534487770 0.06407133489847183 391
1724534489087 0.04359792545437813 392
1724534490394 0.041242215782403946 393
1724534491708 0.03955504670739174 394
1724534493021 0.057279229164123535 395
1724534494338 0.053672634065151215 396
1724534495650 0.05090119317173958 397
1724534496956 0.060973845422267914 398
1724534498261 0.05877331271767616 399
1724534499573 0.056155744940042496 400
1724534502109 0.051467809826135635 401
1724534503241 0.04749324172735214 402
1724534504481 0.04604923352599144 403
1724534505819 0.04366190358996391 404
1724534507204 0.05503719672560692 405
1724534508588 0.053965941071510315 406
1724534509953 0.06447294354438782 407
1724534511305 0.06217409297823906 408
1724534512645 0.060404106974601746 409
1724534513968 0.050877608358860016 410
1724534515289 0.06300345063209534 411
1724534516595 0.0511869341135025 412
1724534517916 0.057178616523742676 413
1724534519220 0.05961208418011665 414
1724534520543 0.037207819521427155 415
1724534521854 0.05533198267221451 416
1724534523165 0.047377388924360275 417
1724534524475 0.04051339626312256 418
1724534525784 0.049272503703832626 419
1724534527102 0.05685361847281456 420
1724534528411 0.06475002318620682 421
1724534529728 0.04632164537906647 422
1724534531046 0.06166650727391243 423
1724534532355 0.05156442150473595 424
1724534533667 0.04011261463165283 425
1724534534973 0.05254639685153961 426
1724534536283 0.03117131069302559 427
1724534537589 0.04584721103310585 428
1724534538903 0.03931918740272522 429
1724534540220 0.0626644566655159 430
1724534541535 0.043610479682683945 431
1724534542848 0.04989694058895111 432
1724534544158 0.0390322171151638 433
1724534545469 0.04772189259529114 434
1724534546781 0.044935666024684906 435
1724534548089 0.05159017816185951 436
1724534549405 0.05845409631729126 437
1724534550717 0.04777438938617706 438
1724534552029 0.05716588720679283 439
1724534553334 0.044146828353405 440
1724534554640 0.05703485384583473 441
1724534555948 0.03626174479722977 442
1724534557260 0.0519053190946579 443
1724534558570 0.03432100638747215 444
1724534559885 0.0565934032201767 445
1724534561197 0.0630587711930275 446
1724534562507 0.060090500861406326 447
1724534563830 0.045551639050245285 448
1724534565134 0.04785330593585968 449
1724534566455 0.06432600319385529 450
1724534567758 0.05405348166823387 451
1724534569090 0.04275471717119217 452
1724534570417 0.044601745903491974 453
1724534571736 0.05417121201753616 454
1724534573061 0.03689372166991234 455
1724534574371 0.05457207188010216 456
1724534575680 0.03691846877336502 457
1724534576989 0.05856753885746002 458
1724534578300 0.053370554000139236 459
1724534579611 0.06855518370866776 460
1724534580931 0.05386912822723389 461
1724534582237 0.048909615725278854 462
1724534583552 0.04694901779294014 463
1724534584864 0.04719942435622215 464
1724534586174 0.05319249629974365 465
1724534587490 0.04225548729300499 466
1724534588815 0.051021069288253784 467
1724534590120 0.05454830080270767 468
1724534591427 0.05365610495209694 469
1724534592744 0.053102605044841766 470
1724534594058 0.04797489196062088 471
1724534595372 0.038072362542152405 472
1724534596688 0.0355483777821064 473
1724534598007 0.045254167169332504 474
1724534599310 0.04564862698316574 475
1724534600621 0.0704406201839447 476
1724534601934 0.051071833819150925 477
1724534603243 0.0527351088821888 478
1724534604565 0.0503162145614624 479
1724534605885 0.05209927633404732 480
1724534608385 0.06033001095056534 481
1724534609508 0.039657384157180786 482
1724534610731 0.037409406155347824 483
1724534612045 0.047873806208372116 484
1724534613397 0.04881390929222107 485
1724534614735 0.05241572856903076 486
1724534616055 0.043402932584285736 487
1724534617366 0.03683159500360489 488
1724534618681 0.03381428122520447 489
1724534620006 0.035882771015167236 490
1724534621320 0.05774543061852455 491
1724534622622 0.05296860635280609 492
1724534623929 0.05939206853508949 493
1724534625235 0.041696686297655106 494
1724534626555 0.06251192837953568 495
1724534627873 0.07535584270954132 496
1724534629194 0.03701561316847801 497
1724534630498 0.05524124577641487 498
1724534631812 0.04705829173326492 499
1724534633122 0.043383512645959854 500
1724534634433 0.06196092441678047 501
1724534635742 0.04355080425739288 502
1724534637058 0.03995606303215027 503
1724534638371 0.04352843761444092 504
1724534639691 0.047684986144304276 505
1724534641006 0.06607077270746231 506
1724534642326 0.048825304955244064 507
1724534643636 0.042512230575084686 508
1724534644954 0.05598004162311554 509
1724534646278 0.05449468269944191 510
1724534647591 0.05688324198126793 511
1724534648894 0.0591924786567688 512
1724534650206 0.05480360984802246 513
1724534651519 0.056057631969451904 514
1724534652836 0.04350542649626732 515
1724534654146 0.06052346155047417 516
1724534655468 0.058760084211826324 517
1724534656774 0.045228011906147 518
1724534658084 0.04981314018368721 519
1724534659392 0.03209444507956505 520
1724534660707 0.04174349829554558 521
1724534662026 0.04692269116640091 522
1724534663333 0.04395158961415291 523
1724534664641 0.05538417398929596 524
1724534665951 0.07021209597587585 525
1724534667267 0.050436507910490036 526
1724534668589 0.054906003177165985 527
1724534669899 0.05152386799454689 528
1724534671211 0.06440937519073486 529
1724534672524 0.04619168862700462 530
1724534673835 0.04941142722964287 531
1724534675144 0.04465844854712486 532
1724534676456 0.032041531056165695 533
1724534677764 0.04485431686043739 534
1724534679082 0.04912661015987396 535
1724534680395 0.03931518644094467 536
1724534681713 0.05154336988925934 537
1724534683026 0.051328256726264954 538
1724534684336 0.05674145370721817 539
1724534685638 0.04185358062386513 540
1724534686947 0.06409111618995667 541
1724534688263 0.047033291310071945 542
1724534689571 0.04657548666000366 543
1724534690883 0.06303467601537704 544
1724534692195 0.048728521913290024 545
1724534693515 0.0624563954770565 546
1724534694832 0.06424392014741898 547
1724534696142 0.046449221670627594 548
1724534697452 0.05314775928854942 549
1724534698763 0.04218068718910217 550
1724534700077 0.03789915144443512 551
1724534701401 0.04276512190699577 552
1724534702712 0.033667661249637604 553
1724534704031 0.03985720872879028 554
1724534705339 0.04412315413355827 555
1724534706647 0.04718068242073059 556
1724534707961 0.056212469935417175 557
1724534709275 0.04746565595269203 558
1724534710596 0.0587565042078495 559
1724534711908 0.05774296447634697 560
1724534713219 0.05282942205667496 561
1724534714524 0.07095487415790558 562
1724534715838 0.05005740746855736 563
1724534717153 0.05020312964916229 564
1724534718468 0.05297474190592766 565
1724534719775 0.04430556669831276 566
1724534721086 0.04051275551319122 567
1724534722407 0.04015510901808739 568
1724534723727 0.048761092126369476 569
1724534725043 0.03463791683316231 570
1724534726358 0.04848717153072357 571
1724534727672 0.05470828711986542 572
1724534728983 0.06140844523906708 573
1724534730299 0.05793246999382973 574
1724534731608 0.03256413713097572 575
1724534732936 0.05836870148777962 576
1724534734252 0.055950991809368134 577
1724534735574 0.05081436038017273 578
1724534736885 0.06805472820997238 579
1724534738193 0.044102367013692856 580
1724534740809 0.0685085728764534 581
1724534741924 0.043596599251031876 582
1724534743158 0.05413024127483368 583
1724534744495 0.04494442045688629 584
1724534745928 0.04148867726325989 585
1724534747342 0.05539890006184578 586
1724534748758 0.04448890686035156 587
1724534750126 0.04942505806684494 588
1724534751505 0.05240583047270775 589
1724534752869 0.04881969094276428 590
1724534754199 0.051789138466119766 591
1724534755519 0.06761198490858078 592
1724534756869 0.04367069527506828 593
1724534758215 0.06808469444513321 594
1724534759548 0.0667804703116417 595
1724534760912 0.03964722901582718 596
1724534762280 0.04937160015106201 597
1724534763637 0.05488157272338867 598
1724534764984 0.04767312481999397 599
1724534766308 0.054030559957027435 600
1724534767624 0.05020906776189804 601
1724534768943 0.044510386884212494 602
1724534770265 0.06741375476121902 603
1724534771594 0.04447943717241287 604
1724534772918 0.047840312123298645 605
1724534774258 0.051674872636795044 606
1724534775586 0.04485668987035751 607
1724534776913 0.05093798041343689 608
1724534778243 0.05149121209979057 609
1724534779569 0.08344274759292603 610
1724534780891 0.049975957721471786 611
1724534782228 0.0692724660038948 612
1724534783547 0.04909466952085495 613
1724534784876 0.05837832763791084 614
1724534786201 0.041319966316223145 615
1724534787541 0.060038745403289795 616
1724534788875 0.04463585466146469 617
1724534790214 0.054106198251247406 618
1724534791545 0.050299424678087234 619
1724534792871 0.03899526223540306 620
1724534794201 0.04227172210812569 621
1724534795527 0.05745304748415947 622
1724534796852 0.050161052495241165 623
1724534798187 0.04993836581707001 624
1724534799510 0.06732664257287979 625
1724534800843 0.03841434419155121 626
1724534802165 0.03926178067922592 627
1724534803491 0.041919074952602386 628
1724534804828 0.041661083698272705 629
1724534806150 0.04928414151072502 630
1724534807481 0.04091474413871765 631
1724534808810 0.04473518952727318 632
1724534810152 0.04792558401823044 633
1724534811479 0.05395832657814026 634
1724534812799 0.055059853941202164 635
1724534814131 0.043090179562568665 636
1724534815456 0.046798206865787506 637
1724534816784 0.06276877224445343 638
1724534818110 0.043332088738679886 639
1724534819434 0.05067899823188782 640
1724534820766 0.047333572059869766 641
1724534822089 0.058924734592437744 642
1724534823415 0.05460987240076065 643
1724534824740 0.0541161485016346 644
1724534826072 0.05125798285007477 645
1724534827392 0.052573539316654205 646
1724534828722 0.039914462715387344 647
1724534830050 0.05912972614169121 648
1724534831384 0.05540786683559418 649
1724534832714 0.04764124006032944 650
1724534834049 0.05027380585670471 651
1724534835381 0.058954302221536636 652
1724534836714 0.047618843615055084 653
1724534838041 0.08185878396034241 654
1724534839363 0.06292220950126648 655
1724534840693 0.04872230812907219 656
1724534842021 0.04477325454354286 657
1724534843342 0.05676809698343277 658
1724534844667 0.054995764046907425 659
1724534845992 0.04861420765519142 660
1724534848596 0.04296164959669113 661
1724534849729 0.03992564231157303 662
1724534850988 0.040811117738485336 663
1724534852315 0.050325486809015274 664
1724534853681 0.044227808713912964 665
1724534855050 0.03744591772556305 666
1724534856386 0.04902830347418785 667
1724534857720 0.05611468479037285 668
1724534859042 0.05740561708807945 669
1724534860366 0.034482695162296295 670
1724534861693 0.04073811322450638 671
1724534863019 0.04727168753743172 672
1724534864343 0.07270734757184982 673
1724534865676 0.04563169553875923 674
1724534867018 0.046334583312273026 675
1724534868355 0.04072253033518791 676
1724534869690 0.04111374542117119 677
1724534871021 0.04125670716166496 678
1724534872351 0.04287246987223625 679
1724534873675 0.04608696699142456 680
1724534875001 0.04147416353225708 681
1724534876327 0.04284724220633507 682
1724534877655 0.03708451986312866 683
1724534878983 0.03874501213431358 684
1724534880312 0.0480835996568203 685
1724534881641 0.0601387694478035 686
1724534882973 0.04810642451047897 687
1724534884301 0.055110834538936615 688
1724534885636 0.06367936730384827 689
1724534886956 0.04026303067803383 690
1724534888277 0.04345010966062546 691
1724534889601 0.03822575882077217 692
1724534890938 0.04824128746986389 693
1724534892261 0.03722720965743065 694
1724534893586 0.045430880039930344 695
1724534894915 0.0531788095831871 696
1724534896249 0.04840761423110962 697
1724534897582 0.057342905551195145 698
1724534898905 0.05387088656425476 699
1724534900239 0.05626809969544411 700
1724534901566 0.04842701554298401 701
1724534902893 0.05180663242936134 702
1724534904225 0.04111528396606445 703
1724534905549 0.04498225450515747 704
1724534906879 0.04461848363280296 705
1724534908217 0.04174305126070976 706
1724534909553 0.07976508885622025 707
1724534910888 0.039123862981796265 708
1724534912218 0.05647408962249756 709
1724534913546 0.046930618584156036 710
1724534914875 0.056756604462862015 711
1724534916206 0.037946414202451706 712
1724534917534 0.04376798868179321 713
1724534918858 0.06514444947242737 714
1724534920187 0.04353714734315872 715
1724534921518 0.04001898318529129 716
1724534922842 0.046996671706438065 717
1724534924175 0.057839635759592056 718
1724534925499 0.042075611650943756 719
1724534926834 0.03363795205950737 720
1724534928172 0.05407440662384033 721
1724534929495 0.03683844208717346 722
1724534930825 0.06516434252262115 723
1724534932153 0.06412800401449203 724
1724534933484 0.04549654200673103 725
1724534934812 0.05407329648733139 726
1724534936140 0.04044869542121887 727
1724534937463 0.05312017723917961 728
1724534938790 0.038562480360269547 729
1724534940120 0.06977807730436325 730
1724534941451 0.04633072391152382 731
1724534942791 0.0657770037651062 732
1724534944131 0.049182429909706116 733
1724534945465 0.045528654009103775 734
1724534946803 0.04054630920290947 735
1724534948119 0.05665009841322899 736
1724534949445 0.036630623042583466 737
1724534950773 0.03340630233287811 738
1724534952107 0.05125929415225983 739
1724534953447 0.05011903494596481 740
1724534956133 0.037761490792036057 741
1724534957268 0.056805387139320374 742
1724534958524 0.04580571874976158 743
1724534959885 0.03425835072994232 744
1724534961315 0.06890857964754105 745
1724534962719 0.03479821979999542 746
1724534964100 0.05217756703495979 747
1724534965478 0.04543057829141617 748
1724534966832 0.04403376206755638 749
1724534968178 0.04769502580165863 750
1724534969510 0.041947923600673676 751
1724534970848 0.041300974786281586 752
1724534972179 0.043049588799476624 753
1724534973517 0.04435967653989792 754
1724534974858 0.04017513990402222 755
1724534976188 0.03162681311368942 756
1724534977518 0.05374325066804886 757
1724534978840 0.053889598697423935 758
1724534980168 0.038170501589775085 759
1724534981504 0.04929445683956146 760
1724534982828 0.051052309572696686 761
1724534984159 0.0346374548971653 762
1724534985482 0.05459833890199661 763
1724534986826 0.0440521314740181 764
1724534988164 0.0479590930044651 765
1724534989494 0.050177060067653656 766
1724534990816 0.03742646425962448 767
1724534992141 0.06471826881170273 768
1724534993473 0.06372573971748352 769
1724534994816 0.03559381514787674 770
1724534996135 0.051570430397987366 771
1724534997464 0.051889047026634216 772
1724534998793 0.03592638671398163 773
1724535000125 0.04295523837208748 774
1724535001454 0.0453043058514595 775
1724535002787 0.046193983405828476 776
1724535004122 0.04206930473446846 777
1724535005448 0.04972415789961815 778
1724535006771 0.036375872790813446 779
1724535008099 0.0353618748486042 780
1724535009435 0.05732879415154457 781
1724535010765 0.048663582652807236 782
1724535012089 0.049558185040950775 783
1724535013418 0.05252508446574211 784
1724535014743 0.04984606057405472 785
1724535016075 0.04265924170613289 786
1724535017413 0.035981327295303345 787
1724535018743 0.05518606677651405 788
1724535020072 0.034620922058820724 789
1724535021396 0.04464218392968178 790
1724535022724 0.06158466264605522 791
1724535024053 0.06231808662414551 792
1724535025378 0.028564052656292915 793
1724535026715 0.05612907186150551 794
1724535028045 0.061281852424144745 795
1724535029380 0.04461437463760376 796
1724535030714 0.04417639598250389 797
1724535032054 0.05423884838819504 798
1724535033394 0.04492122307419777 799
1724535034728 0.05501687526702881 800
1724535036058 0.04316446930170059 801
1724535037389 0.051856473088264465 802
1724535038717 0.05463432893157005 803
1724535040045 0.042723894119262695 804
1724535041375 0.039290327578783035 805
1724535042704 0.03288516774773598 806
1724535044032 0.03671422228217125 807
1724535045357 0.06681827455759048 808
1724535046696 0.04758164659142494 809
1724535048024 0.05036820471286774 810
1724535049358 0.04606643691658974 811
1724535050684 0.05144877731800079 812
1724535052014 0.05142153799533844 813
1724535053345 0.03690603747963905 814
1724535054674 0.04396069422364235 815
1724535056006 0.04986420273780823 816
1724535057336 0.05313904583454132 817
1724535058658 0.04531555995345116 818
1724535059991 0.052368685603141785 819
1724535061333 0.052124928683042526 820
