1725222184774 0.05449674651026726 0
1725222186337 0.03198077157139778 1
1725222187884 0.03083193674683571 2
1725222189402 0.024653954431414604 3
1725222191086 0.0278603695333004 4
1725222192621 0.029330722987651825 5
1725222194166 0.03893203288316727 6
1725222195693 0.029445188120007515 7
1725222197234 0.026342090219259262 8
1725222198807 0.031020037829875946 9
1725222200333 0.028221452608704567 10
1725222201921 0.027488067746162415 11
1725222203475 0.03217456489801407 12
1725222205034 0.03111410327255726 13
1725222206606 0.029264036566019058 14
1725222208143 0.04100968688726425 15
1725222209717 0.03095289319753647 16
1725222211261 0.0367451012134552 17
1725222212871 0.027650674805045128 18
1725222214499 0.03364196792244911 19
1725222216086 0.026546206325292587 20
1725222217718 0.03465965390205383 21
1725222219273 0.02751089446246624 22
1725222220829 0.03625670075416565 23
1725222222419 0.031582530587911606 24
1725222223986 0.03242165595293045 25
1725222225539 0.03058674745261669 26
1725222227110 0.031608596444129944 27
1725222228745 0.03233996033668518 28
1725222230302 0.03251029551029205 29
1725222231857 0.03392213582992554 30
1725222233453 0.0318516343832016 31
1725222235015 0.029591500759124756 32
1725222236606 0.02348206751048565 33
1725222238248 0.02892231196165085 34
1725222239802 0.029430430382490158 35
1725222241409 0.029894866049289703 36
1725222243018 0.031547464430332184 37
1725222244616 0.021156389266252518 38
1725222246307 0.026139583438634872 39
1725222247885 0.028263654559850693 40
1725222249434 0.03073076531291008 41
1725222251080 0.029012560844421387 42
1725222253056 0.02800820767879486 43
1725222254962 0.021201321855187416 44
1725222256847 0.03510494530200958 45
1725222258705 0.028598880395293236 46
1725222260602 0.030311957001686096 47
1725222262455 0.021908342838287354 48
1725222264315 0.027005106210708618 49
1725222266311 0.030194085091352463 50
1725222268288 0.028204411268234253 51
1725222270166 0.025705628097057343 52
1725222272021 0.03115878626704216 53
1725222273874 0.032065846025943756 54
1725222275723 0.02633936144411564 55
1725222277642 0.02989834174513817 56
1725222279502 0.02351832017302513 57
1725222281359 0.027209263294935226 58
1725222283290 0.02883162535727024 59
1725222285143 0.0259065143764019 60
1725222287044 0.02837366610765457 61
1725222288910 0.028355926275253296 62
1725222290829 0.02250300720334053 63
1725222292728 0.025210076943039894 64
1725222294650 0.02199956402182579 65
1725222296503 0.027041120454669 66
1725222298425 0.029011929407715797 67
1725222300330 0.025497011840343475 68
1725222302372 0.026590105146169662 69
1725222304311 0.030880581587553024 70
1725222306217 0.03144901618361473 71
1725222308132 0.024293525144457817 72
1725222310004 0.029006320983171463 73
1725222312045 0.022570043802261353 74
1725222314047 0.036352526396512985 75
1725222315929 0.03232216462492943 76
1725222317800 0.028823181986808777 77
1725222319776 0.02886686846613884 78
1725222321743 0.03396470472216606 79
1725222323700 0.03040505386888981 80
1725222325621 0.02705315873026848 81
1725222327829 0.02282329648733139 82
1725222329721 0.03094109706580639 83
1725222331660 0.031899768859148026 84
1725222333605 0.032633230090141296 85
1725222335600 0.03670675680041313 86
1725222337515 0.033501822501420975 87
1725222339444 0.03530031815171242 88
1725222341395 0.02291714772582054 89
1725222343621 0.031488362699747086 90
1725222345533 0.024127526208758354 91
1725222347445 0.02577780932188034 92
1725222349394 0.028662184253335 93
1725222351322 0.02182839997112751 94
1725222353258 0.02657211199402809 95
1725222355238 0.02929268218576908 96
1725222357233 0.023502357304096222 97
1725222359185 0.03285817801952362 98
1725222361202 0.032664842903614044 99
1725222363307 0.031803347170352936 100
1725222365302 0.027756959199905396 101
1725222367285 0.028016746044158936 102
1725222369249 0.019167251884937286 103
1725222371233 0.024976588785648346 104
1725222373486 0.031083479523658752 105
1725222375518 0.022142358124256134 106
1725222377576 0.028377525508403778 107
1725222379579 0.020835109055042267 108
1725222381805 0.024090904742479324 109
1725222383822 0.02476143278181553 110
1725222385833 0.02784009277820587 111
1725222388429 0.03217063844203949 112
1725222390577 0.025613192468881607 113
1725222392622 0.027792012318968773 114
1725222394732 0.023922964930534363 115
1725222396781 0.02760659158229828 116
1725222398867 0.02583567425608635 117
1725222401021 0.029891014099121094 118
1725222403510 0.02593458816409111 119
1725222405517 0.02750106155872345 120
1725222407712 0.031019730493426323 121
1725222409844 0.024273088201880455 122
1725222412063 0.026721984148025513 123
1725222414105 0.023776832967996597 124
1725222416165 0.0233802180737257 125
1725222418555 0.03413848578929901 126
1725222420648 0.029777592048048973 127
1725222422712 0.03059941902756691 128
1725222424749 0.03267287462949753 129
1725222426967 0.03465507552027702 130
1725222429114 0.02717677503824234 131
1725222431226 0.033194009214639664 132
1725222433547 0.030470477417111397 133
1725222435631 0.04078974947333336 134
1725222437667 0.02296595647931099 135
1725222439721 0.025717975571751595 136
1725222441846 0.026233088225126266 137
1725222444153 0.023167327046394348 138
1725222446299 0.026715504005551338 139
1725222449038 0.027680303901433945 140
1725222451077 0.023207111284136772 141
1725222453222 0.028217583894729614 142
1725222455309 0.04040994122624397 143
1725222457406 0.027488356456160545 144
1725222459535 0.024419067427515984 145
1725222461668 0.031928449869155884 146
1725222463888 0.025023069232702255 147
1725222466094 0.028349094092845917 148
1725222468330 0.032180022448301315 149
1725222470495 0.025570206344127655 150
1725222472668 0.031127572059631348 151
1725222474751 0.020502625033259392 152
1725222477062 0.0275847427546978 153
1725222479132 0.031099457293748856 154
1725222481427 0.021422097459435463 155
1725222483565 0.03832468390464783 156
1725222485692 0.02693355269730091 157
1725222487858 0.028432102873921394 158
1725222489962 0.028784815222024918 159
1725222491946 0.04394493252038956 160
1725222494126 0.025741152465343475 161
1725222496206 0.029660934582352638 162
1725222498387 0.027548108249902725 163
1725222500754 0.023279868066310883 164
1725222503009 0.022927388548851013 165
1725222505118 0.03495011478662491 166
1725222507194 0.030295155942440033 167
1725222509414 0.029592163860797882 168
1725222511557 0.030300535261631012 169
1725222513770 0.028638865798711777 170
1725222515966 0.036096688359975815 171
1725222518156 0.031384170055389404 172
1725222520372 0.02932973951101303 173
1725222522518 0.027920659631490707 174
1725222524949 0.02708381414413452 175
1725222527210 0.030755382031202316 176
1725222529408 0.02375146746635437 177
1725222531699 0.03295101225376129 178
1725222533890 0.03327338397502899 179
1725222536069 0.027731411159038544 180
1725222538555 0.025164389982819557 181
1725222540796 0.03480977565050125 182
1725222542927 0.027034692466259003 183
1725222545002 0.03265360742807388 184
1725222547195 0.025377921760082245 185
1725222549388 0.02374350279569626 186
1725222551527 0.02621440216898918 187
1725222554034 0.02528693713247776 188
1725222556259 0.0336027592420578 189
1725222558481 0.028036408126354218 190
1725222560579 0.02941524237394333 191
1725222562745 0.028242748230695724 192
1725222564926 0.03259041905403137 193
1725222567116 0.02124748006463051 194
1725222569426 0.022852085530757904 195
1725222571627 0.02722497284412384 196
1725222573881 0.02550080046057701 197
1725222576057 0.025024596601724625 198
1725222578158 0.02809215523302555 199
1725222580462 0.033226072788238525 200
1725222582724 0.030776428058743477 201
1725222584971 0.035851240158081055 202
1725222587184 0.03516557067632675 203
1725222589358 0.02477891743183136 204
1725222591470 0.04415326565504074 205
1725222593594 0.022365160286426544 206
1725222595782 0.026108670979738235 207
1725222597997 0.027903035283088684 208
1725222600156 0.027238361537456512 209
1725222602431 0.032362937927246094 210
1725222604713 0.030534550547599792 211
1725222606953 0.03925434499979019 212
1725222609266 0.02555188536643982 213
1725222611387 0.030279217287898064 214
1725222614002 0.03229336440563202 215
1725222616203 0.02528948336839676 216
1725222618430 0.0280127115547657 217
1725222620566 0.038534462451934814 218
1725222622877 0.029007436707615852 219
1725222625119 0.03268745541572571 220
1725222627374 0.027494221925735474 221
1725222629695 0.029479261487722397 222
1725222631976 0.030497873201966286 223
1725222634143 0.03392895683646202 224
1725222636334 0.02460401877760887 225
1725222638527 0.0243813619017601 226
1725222640811 0.035101279616355896 227
1725222643053 0.02643132582306862 228
1725222645243 0.03402528911828995 229
1725222647439 0.032185234129428864 230
1725222649683 0.03141891956329346 231
1725222651880 0.0289269108325243 232
1725222654125 0.02732958272099495 233
1725222656380 0.024179186671972275 234
1725222658895 0.032774969935417175 235
1725222660967 0.030828464776277542 236
1725222663216 0.03174898400902748 237
1725222665464 0.02538732998073101 238
1725222667682 0.026946663856506348 239
1725222669784 0.03203723579645157 240
1725222672029 0.026762597262859344 241
1725222674414 0.026022519916296005 242
1725222676499 0.03182843327522278 243
1725222678687 0.02673560008406639 244
1725222680816 0.03612086921930313 245
1725222683036 0.02268010750412941 246
1725222685283 0.03687320649623871 247
1725222687528 0.02570343390107155 248
1725222689814 0.02652384340763092 249
1725222692016 0.028343096375465393 250
1725222694351 0.025424432009458542 251
1725222696541 0.029725199565291405 252
1725222698754 0.031915243715047836 253
1725222700942 0.024013282731175423 254
1725222703115 0.02811010554432869 255
1725222705226 0.029958758503198624 256
1725222707532 0.02504335716366768 257
1725222709860 0.02889271080493927 258
1725222712117 0.027511222288012505 259
1725222714392 0.021539829671382904 260
1725222716538 0.028121456503868103 261
1725222719193 0.03552062064409256 262
1725222721337 0.02524513565003872 263
1725222723559 0.0318736806511879 264
1725222725710 0.02465040609240532 265
1725222727902 0.03805946931242943 266
1725222729994 0.027247024700045586 267
1725222732218 0.03396870940923691 268
1725222734638 0.023717015981674194 269
1725222736780 0.032400019466876984 270
1725222738979 0.031539417803287506 271
1725222741077 0.028340760618448257 272
1725222743257 0.02183431014418602 273
1725222745434 0.024770166724920273 274
1725222747679 0.02700570598244667 275
1725222749736 0.029500752687454224 276
1725222751936 0.035798221826553345 277
1725222754072 0.019847039133310318 278
1725222756341 0.02321394346654415 279
1725222758500 0.0263664610683918 280
1725222760661 0.03127669543027878 281
1725222762970 0.02346084639430046 282
1725222765182 0.02864590473473072 283
1725222767398 0.026775293052196503 284
1725222769681 0.02187976986169815 285
1725222771760 0.027312573045492172 286
1725222773938 0.029058095067739487 287
1725222776167 0.0269719660282135 288
1725222778572 0.028946656733751297 289
1725222780752 0.028074676170945168 290
1725222782988 0.0318327434360981 291
1725222785178 0.028419896960258484 292
1725222787466 0.020650334656238556 293
1725222789746 0.030482778325676918 294
1725222791976 0.02113080769777298 295
1725222794495 0.026015182957053185 296
1725222796730 0.021983372047543526 297
1725222798921 0.02710309438407421 298
1725222801031 0.03170496225357056 299
1725222803230 0.023955585435032845 300
1725222805796 0.02604585513472557 301
1725222807704 0.02664113976061344 302
1725222809665 0.03005233220756054 303
1725222811656 0.0290688443928957 304
1725222813489 0.03270778805017471 305
1725222815327 0.023508967831730843 306
1725222817268 0.02788742259144783 307
1725222819311 0.02409137599170208 308
1725222821173 0.02617490664124489 309
1725222823073 0.023261457681655884 310
1725222824961 0.026305384933948517 311
1725222826814 0.02779904007911682 312
1725222828721 0.0255177803337574 313
1725222830858 0.02150627039372921 314
1725222833239 0.024050043895840645 315
1725222835014 0.02047581970691681 316
1725222836867 0.030963033437728882 317
1725222838776 0.022903839126229286 318
1725222840676 0.0343049131333828 319
1725222842528 0.034735944122076035 320
1725222844376 0.03764587268233299 321
1725222846291 0.03201489895582199 322
1725222848155 0.029225215315818787 323
1725222850029 0.02833476848900318 324
1725222851936 0.021134883165359497 325
1725222853837 0.02445494756102562 326
1725222855649 0.031935252249240875 327
1725222857490 0.027242889627814293 328
1725222859321 0.026571303606033325 329
1725222861181 0.0256717037409544 330
1725222863074 0.029624197632074356 331
1725222864984 0.033630259335041046 332
1725222866798 0.02974311262369156 333
1725222868729 0.025291485711932182 334
1725222870669 0.03242522478103638 335
1725222872732 0.03107636794447899 336
1725222874629 0.03470331430435181 337
1725222876430 0.027472015470266342 338
1725222878316 0.03156375139951706 339
1725222880224 0.024893388152122498 340
1725222882038 0.026204105466604233 341
1725222883804 0.025862835347652435 342
1725222885593 0.026260312646627426 343
1725222887486 0.03652980923652649 344
1725222889313 0.026238955557346344 345
1725222891155 0.02811456471681595 346
1725222893184 0.030185772106051445 347
1725222895007 0.021629316732287407 348
1725222896859 0.02010391652584076 349
1725222898788 0.028981192037463188 350
1725222900578 0.024792052805423737 351
1725222902653 0.031034737825393677 352
1725222904454 0.02668929100036621 353
1725222906369 0.027225911617279053 354
1725222908381 0.02551143802702427 355
1725222910215 0.037778258323669434 356
1725222912025 0.026224467903375626 357
1725222913930 0.03529961034655571 358
1725222915736 0.02886408567428589 359
1725222917567 0.027222387492656708 360
1725222919477 0.024531906470656395 361
1725222921281 0.037408873438835144 362
1725222923252 0.03266901150345802 363
1725222925191 0.03357751667499542 364
1725222926992 0.028105314821004868 365
1725222928992 0.02445722371339798 366
1725222930862 0.028909603133797646 367
1725222932718 0.027483951300382614 368
1725222934752 0.02587101422250271 369
1725222936613 0.02576267160475254 370
1725222938777 0.02875693142414093 371
1725222941127 0.02619762346148491 372
1725222943447 0.034039177000522614 373
1725222945830 0.03291759639978409 374
1725222948290 0.027252350002527237 375
1725222950482 0.021688662469387054 376
1725222952768 0.03197523206472397 377
1725222954988 0.03279714286327362 378
1725222957237 0.02382015623152256 379
1725222959444 0.02682504802942276 380
1725222961607 0.03370146453380585 381
1725222963803 0.022613665089011192 382
1725222966024 0.02193642221391201 383
1725222968531 0.03092517890036106 384
1725222970695 0.030447252094745636 385
1725222972940 0.02526320517063141 386
1725222975115 0.026284441351890564 387
1725222977365 0.02631339803338051 388
1725222979443 0.028846362605690956 389
1725222981627 0.025574833154678345 390
1725222983881 0.027707776054739952 391
1725222986175 0.027063321322202682 392
1725222988392 0.02199467271566391 393
1725222990633 0.03444451093673706 394
1725222992913 0.027383314445614815 395
1725222995119 0.027901824563741684 396
1725222997368 0.03651701286435127 397
1725222999735 0.02694731205701828 398
1725223001992 0.027288241311907768 399
1725223004205 0.030611254274845123 400
1725223006351 0.03701072931289673 401
1725223008528 0.024683427065610886 402
1725223010797 0.03310958668589592 403
1725223013138 0.03454151749610901 404
1725223015445 0.03619401901960373 405
1725223017844 0.03800317645072937 406
1725223020095 0.026697706431150436 407
1725223022376 0.023737819865345955 408
1725223024541 0.02092965878546238 409
1725223026881 0.026525897905230522 410
1725223029339 0.027080487459897995 411
1725223031624 0.03368111699819565 412
1725223033873 0.029866095632314682 413
1725223036158 0.02687717042863369 414
1725223038542 0.02835698425769806 415
1725223040955 0.030161689966917038 416
1725223043541 0.04610782489180565 417
1725223045852 0.02461394853889942 418
1725223048201 0.024939265102148056 419
1725223050671 0.03235418349504471 420
1725223053015 0.027686960995197296 421
1725223055287 0.038994673639535904 422
1725223057460 0.02691495791077614 423
1725223059798 0.02320932410657406 424
1725223062145 0.022515544667840004 425
1725223064358 0.030700113624334335 426
1725223066641 0.026270441710948944 427
1725223068890 0.024728301912546158 428
1725223071141 0.020897753536701202 429
1725223073706 0.025877781212329865 430
1725223076028 0.034284647554159164 431
1725223078262 0.02167843095958233 432
1725223080576 0.025612227618694305 433
1725223083048 0.026362890377640724 434
1725223085409 0.029915161430835724 435
1725223087631 0.03093673288822174 436
1725223090126 0.03193877264857292 437
1725223092258 0.02880212478339672 438
1725223094479 0.022033631801605225 439
1725223096849 0.027906570583581924 440
1725223099209 0.028317825868725777 441
1725223101393 0.029174964874982834 442
1725223104082 0.02482324279844761 443
1725223106425 0.0270824171602726 444
1725223108846 0.028180956840515137 445
1725223111092 0.0323064848780632 446
1725223113449 0.027039099484682083 447
1725223115803 0.021262874826788902 448
1725223118130 0.0253257155418396 449
1725223120262 0.027913792058825493 450
1725223122567 0.023345109075307846 451
1725223125005 0.02244756929576397 452
1725223127360 0.036816198378801346 453
1725223129719 0.029681842774152756 454
1725223132016 0.01831001043319702 455
1725223134400 0.023759298026561737 456
1725223136672 0.029249943792819977 457
1725223138917 0.02907962165772915 458
1725223141140 0.024317294359207153 459
1725223143417 0.03184626251459122 460
1725223145660 0.032203398644924164 461
1725223147865 0.027718868106603622 462
1725223150053 0.028538085520267487 463
1725223152238 0.02379065379500389 464
1725223154505 0.040816936641931534 465
1725223156891 0.034720003604888916 466
1725223159195 0.04045707359910011 467
1725223161492 0.02819725126028061 468
1725223164081 0.023521192371845245 469
1725223166374 0.02172287553548813 470
1725223168730 0.019938919693231583 471
1725223171100 0.022528404369950294 472
1725223173367 0.027665546163916588 473
1725223175711 0.02009653113782406 474
1725223177971 0.027619456872344017 475
1725223180475 0.02614576369524002 476
1725223182893 0.03170793503522873 477
1725223185194 0.027151931077241898 478
1725223187486 0.027543507516384125 479
1725223189864 0.022986959666013718 480
1725223192100 0.023676756769418716 481
1725223194682 0.02147482894361019 482
1725223196951 0.023768771439790726 483
1725223199358 0.025444965809583664 484
1725223201686 0.03694493696093559 485
1725223203838 0.02701401710510254 486
1725223206292 0.02225726842880249 487
1725223208625 0.019055675715208054 488
1725223210951 0.025586893782019615 489
1725223213269 0.035361237823963165 490
1725223215588 0.01935230940580368 491
1725223217959 0.020721670240163803 492
1725223220234 0.024747155606746674 493
1725223222529 0.027605580165982246 494
1725223224977 0.024471985176205635 495
1725223227379 0.02606181614100933 496
1725223229696 0.02271498180925846 497
1725223231910 0.023685021325945854 498
1725223234368 0.0271480530500412 499
1725223236608 0.02409156784415245 500
1725223239093 0.030283555388450623 501
1725223241295 0.03348678722977638 502
1725223243535 0.031123369932174683 503
1725223245874 0.031848080456256866 504
1725223248170 0.0269610695540905 505
1725223250580 0.031171878799796104 506
1725223252925 0.023674551397562027 507
1725223255224 0.02609996497631073 508
1725223257647 0.02613026648759842 509
1725223259962 0.03414180129766464 510
1725223262342 0.02512349933385849 511
1725223264692 0.025655318051576614 512
1725223266953 0.026357371360063553 513
1725223269680 0.022345632314682007 514
1725223271889 0.027360906824469566 515
1725223274175 0.027580501511693 516
1725223276631 0.023731276392936707 517
1725223279002 0.02769894152879715 518
1725223281227 0.031208844855427742 519
1725223283554 0.03046409972012043 520
1725223285915 0.024802224710583687 521
1725223288207 0.02016536146402359 522
1725223290534 0.027945393696427345 523
1725223292750 0.029253683984279633 524
1725223295214 0.020802734419703484 525
1725223297606 0.027425801381468773 526
1725223300151 0.023644007742404938 527
1725223302533 0.021674249321222305 528
1725223304716 0.02991468459367752 529
1725223306844 0.020433872938156128 530
1725223309155 0.027479037642478943 531
1725223311357 0.020024830475449562 532
1725223313697 0.022401917725801468 533
1725223316096 0.02877991460263729 534
1725223318513 0.023312363773584366 535
1725223320837 0.024787262082099915 536
1725223323145 0.02689591608941555 537
1725223325413 0.03602084890007973 538
1725223327805 0.031067078933119774 539
1725223330432 0.025296565145254135 540
1725223332932 0.02446921356022358 541
1725223335400 0.02778865024447441 542
1725223337819 0.022714249789714813 543
1725223340116 0.03876125067472458 544
1725223342588 0.030279217287898064 545
1725223345329 0.02263314463198185 546
1725223347582 0.02269563265144825 547
1725223349856 0.02651401422917843 548
1725223352144 0.021394403651356697 549
1725223354435 0.022470328956842422 550
1725223356789 0.023450858891010284 551
1725223358950 0.027983669191598892 552
1725223361266 0.029344744980335236 553
1725223363763 0.027554739266633987 554
1725223366107 0.018423713743686676 555
1725223368477 0.022314175963401794 556
1725223370775 0.02704794891178608 557
1725223373193 0.03103291057050228 558
1725223375874 0.021701375022530556 559
1725223378309 0.020726598799228668 560
1725223380541 0.021207289770245552 561
1725223382801 0.02618364617228508 562
1725223385097 0.02094864845275879 563
1725223387670 0.026450183242559433 564
1725223390308 0.028875764459371567 565
1725223392719 0.027987293899059296 566
1725223395176 0.02299594134092331 567
1725223397509 0.023634247481822968 568
1725223399702 0.02429961785674095 569
1725223402045 0.028679948300123215 570
1725223404422 0.022065063938498497 571
1725223406812 0.03247561305761337 572
1725223409072 0.019651329144835472 573
1725223411360 0.026407390832901 574
1725223413649 0.03095123916864395 575
1725223416136 0.023293545469641685 576
1725223418439 0.025072284042835236 577
1725223420999 0.026369405910372734 578
1725223423389 0.02830403484404087 579
1725223425831 0.026675142347812653 580
1725223428293 0.019289400428533554 581
1725223430590 0.027136147022247314 582
1725223432852 0.018581030890345573 583
1725223435552 0.0290999598801136 584
1725223437884 0.03550971299409866 585
1725223440314 0.026009827852249146 586
1725223442607 0.03306730091571808 587
1725223444817 0.02956290915608406 588
1725223447158 0.032711103558540344 589
1725223449477 0.03585118055343628 590
1725223451878 0.02521314099431038 591
1725223454312 0.03569522500038147 592
1725223456646 0.027887655422091484 593
1725223459100 0.02529708482325077 594
1725223461521 0.03904742747545242 595
1725223463867 0.024664390832185745 596
1725223466192 0.02707887999713421 597
1725223468482 0.026583701372146606 598
1725223470918 0.02517453022301197 599
1725223473158 0.026986466720700264 600
1725223476687 0.02552310936152935 601
1725223478873 0.02366042323410511 602
1725223481210 0.032733358442783356 603
1725223483613 0.02904830127954483 604
1725223485935 0.03107290156185627 605
1725223488241 0.02601175755262375 606
1725223490414 0.03560207784175873 607
1725223492680 0.02756403014063835 608
1725223495277 0.026747867465019226 609
1725223497560 0.02303650602698326 610
1725223499724 0.040358204394578934 611
1725223502062 0.03241623565554619 612
1725223504467 0.026067711412906647 613
1725223506733 0.034253716468811035 614
1725223508983 0.027467574924230576 615
1725223511494 0.026421476155519485 616
1725223513961 0.02749091386795044 617
1725223516502 0.027600305154919624 618
1725223518700 0.02870141714811325 619
1725223520909 0.031273990869522095 620
1725223523190 0.0278657004237175 621
1725223525977 0.03082216903567314 622
1725223528379 0.025168033316731453 623
1725223530613 0.030753977596759796 624
1725223532960 0.03639349713921547 625
1725223535333 0.02896297723054886 626
1725223537712 0.022351711988449097 627
1725223540378 0.027907133102416992 628
1725223542695 0.027858706191182137 629
1725223545072 0.02727746218442917 630
1725223547449 0.024052869528532028 631
1725223549795 0.032971154898405075 632
1725223552238 0.02194996364414692 633
1725223554507 0.030758347362279892 634
1725223556832 0.023895293474197388 635
1725223559170 0.030114155262708664 636
1725223561477 0.02857603132724762 637
1725223563834 0.028074122965335846 638
1725223566366 0.026023581624031067 639
1725223568813 0.03122156299650669 640
1725223571493 0.026186589151620865 641
1725223573834 0.02169410139322281 642
1725223576201 0.02909575030207634 643
1725223578591 0.03166012838482857 644
1725223580980 0.029009101912379265 645
1725223583389 0.027502773329615593 646
1725223586162 0.024977650493383408 647
1725223588391 0.028274675831198692 648
1725223590761 0.02457461506128311 649
1725223593067 0.027604801580309868 650
1725223595759 0.029714927077293396 651
1725223597974 0.02417590096592903 652
1725223600506 0.03022368997335434 653
1725223602917 0.024508537724614143 654
1725223605319 0.03197764605283737 655
1725223607498 0.03397881239652634 656
1725223609794 0.023745914921164513 657
1725223612058 0.022890711203217506 658
1725223614304 0.027687974274158478 659
1725223616717 0.035447508096694946 660
1725223619006 0.02730538137257099 661
1725223621228 0.02368156798183918 662
1725223623593 0.027117691934108734 663
1725223625828 0.029599247500300407 664
1725223628138 0.025883058086037636 665
1725223630701 0.029289528727531433 666
1725223633090 0.027408484369516373 667
1725223635440 0.03077208623290062 668
1725223638010 0.03808377683162689 669
1725223640236 0.02240898460149765 670
1725223642593 0.030246615409851074 671
1725223645049 0.037061575800180435 672
1725223647441 0.02619454450905323 673
1725223649791 0.021771514788269997 674
1725223652116 0.02328745648264885 675
1725223654535 0.03010028786957264 676
1725223657029 0.02446714974939823 677
1725223659391 0.022417228668928146 678
1725223661993 0.01707408018410206 679
1725223664367 0.02586965262889862 680
1725223666984 0.030076444149017334 681
1725223669398 0.022094229236245155 682
1725223671889 0.02777194045484066 683
1725223674277 0.03168673813343048 684
1725223676745 0.029340369626879692 685
1725223679071 0.023642119020223618 686
1725223681671 0.029234234243631363 687
1725223684192 0.03222230449318886 688
1725223686616 0.028901416808366776 689
1725223689013 0.030274249613285065 690
1725223691706 0.03440358489751816 691
1725223694218 0.029146485030651093 692
1725223696791 0.02857324853539467 693
1725223699228 0.031518638134002686 694
1725223701574 0.029923800379037857 695
1725223704004 0.023626241832971573 696
1725223706684 0.026577455922961235 697
1725223709101 0.028260793536901474 698
1725223711538 0.022836236283183098 699
1725223714026 0.023247472941875458 700
1725223716467 0.035474032163619995 701
1725223718700 0.02748059667646885 702
1725223721621 0.02630028873682022 703
1725223723996 0.02163027971982956 704
1725223726352 0.024607859551906586 705
1725223728733 0.024912727996706963 706
1725223731290 0.01912061683833599 707
1725223733718 0.03095002844929695 708
1725223736615 0.02863774448633194 709
1725223739094 0.026168042793869972 710
1725223741489 0.025134308263659477 711
1725223743991 0.030446989461779594 712
1725223746394 0.028798960149288177 713
1725223748820 0.022294368594884872 714
1725223751526 0.0226496160030365 715
1725223753894 0.03580225631594658 716
1725223756370 0.032607655972242355 717
1725223758865 0.022732723504304886 718
1725223761199 0.02967197820544243 719
1725223763649 0.031003108248114586 720
1725223766482 0.02657039649784565 721
1725223768870 0.03025682270526886 722
1725223771158 0.02347269095480442 723
1725223773457 0.028572041541337967 724
1725223775775 0.026885736733675003 725
1725223778142 0.027963921427726746 726
1725223780532 0.02968304045498371 727
1725223782967 0.02976696752011776 728
1725223785335 0.026363687589764595 729
1725223787593 0.03301858529448509 730
1725223789923 0.030919352546334267 731
1725223792213 0.029099231585860252 732
1725223794497 0.022882582619786263 733
