1725961880671 0.6761016623179118 150
1725962193439 0.6653894124428431 300
1725962506877 0.6597069068749746 450
1725962819380 0.6615557996431987 600
1725963119413 0.6601563684145609 750
1725963434647 0.6558771826823553 900
1725963752288 0.6516923077901204 1050
1725964067917 0.6444807906945547 1200
1725964383031 0.6511663782596588 1350
1725964699130 0.6497559952735901 1500
1725965016579 0.6440693358580272 1650
1725965322420 0.6446090177694956 1800
1725965636214 0.6442114043235779 1950
1725965949763 0.6454470002651215 2100
1725966264199 0.6387491836150487 2250
1725966579146 0.6386149628957113 2400
1725966893203 0.6355419023831685 2550
1725967192876 0.6365821854273478 2700
1725967496163 0.6366035662094752 2850
1725967810973 0.6338547819852829 3000
1725968125030 0.6321116131544113 3150
1725968440001 0.6317524629831314 3300
1725968755987 0.6337206506729126 3450
1725969071083 0.6282117040952047 3600
1725969378119 0.6293611792723338 3750
1725969696618 0.629062625169754 3900
1725970015234 0.6242937169472377 4050
1725970333821 0.6258297677834829 4200
1725970641113 0.6244015775124232 4350
1725970960805 0.6236115237077077 4500
1725971281209 0.623643114566803 4650
1725971600918 0.6196309039990108 4800
1725971922760 0.624050989151001 4950
1725972240345 0.6182902576526006 5100
1725972559946 0.6171006590127945 5250
1725972879793 0.6180165932575862 5400
1725973199866 0.6134411736329397 5550
1725973523250 0.6157650576035182 5700
1725973832697 0.6158403644959132 5850
1725974150470 0.6119112430016199 6000
1725974471626 0.6119439566135406 6150
1725974789773 0.6080585438013076 6300
1725975106720 0.6111105396350225 6450
1725975423470 0.6109909176826477 6600
1725975740467 0.6068751120567322 6750
1725976057820 0.6103738224506379 6900
1725976375069 0.6023496369520823 7050
1725976693719 0.6050497869650523 7200
1725977013659 0.6041872843106588 7350
1725977332469 0.5997688631216685 7500
1725977652021 0.6010286527872085 7650
1725977969212 0.5971420443058014 7800
1725978287476 0.5981622958183288 7950
1725978604948 0.6007293764750162 8100
1725978923888 0.5982170989116032 8250
1725979241938 0.5951718693971634 8400
1725979560224 0.5980384210745494 8550
1725979879046 0.5945481220881145 8700
1725980195781 0.5950489397843679 8850
1725980515348 0.5959981745481491 9000
1725980832074 0.5922101507584254 9150
1725981150543 0.592430739402771 9300
1725981468630 0.5896610563993454 9450
1725981793753 0.5861876338720322 9600
1725982111903 0.5881704185406367 9750
1725982430582 0.5927607210477194 9900
1725982733855 0.5875534707307816 10050
1725983049023 0.5802012954155604 10200
1725983366867 0.5860450490315755 10350
1725983689071 0.5846252989768982 10500
1725984006553 0.5845188907782237 10650
1725984324979 0.5830813227097194 10800
1725984643174 0.5814071830113728 10950
1725984960160 0.5863831599553426 11100
1725985279068 0.5828694860140483 11250
1725985598710 0.5777843228975932 11400
1725985916439 0.5810479231675466 11550
1725986234798 0.5772448251644771 11700
1725986539859 0.5765674978494644 11850
1725986863038 0.5717398289839427 12000
1725987183593 0.5766910890738169 12150
1725987504005 0.5762364886204402 12300
1725987825510 0.5739814293384552 12450
1725988145812 0.573942924340566 12600
1725988466910 0.5739853598674138 12750
1725988786430 0.5708709230025609 12900
1725989083097 0.565044696132342 13050
1725989398242 0.5710623359680176 13200
1725989714978 0.5692463020483652 13350
1725990031990 0.5648421233892441 13500
1725990348861 0.5658488947153092 13650
1725990666188 0.5676703004042307 13800
1725990981045 0.5639850477377574 13950
1725991297231 0.5665273787577947 14100
1725991613433 0.5634969554344813 14250
1725991927290 0.5636921425660452 14400
1725992290187 0.5658381253480911 14550
1725992654127 0.5625689200560252 14700
1725992991904 0.559262842933337 14850
1725993323738 0.5591409007708231 15000
