1725961862101 0.6772523991605068 140
1725962174773 0.6646372888485591 290
1725962488247 0.662763481537501 440
1725962800587 0.6598800182342529 590
1725963103040 0.6601681192715962 740
1725963415542 0.6545591765642166 890
1725963733045 0.652150825659434 1040
1725964048950 0.6417561686038971 1190
1725964364286 0.6545585787296295 1340
1725964680369 0.6474472482999166 1490
1725964997701 0.64722385485967 1640
1725965303745 0.6417560044924419 1790
1725965617420 0.6455302433172861 1940
1725965931226 0.6460663115978241 2090
1725966245480 0.6382364398241043 2240
1725966560251 0.6397158380349477 2390
1725966874422 0.6361001757780711 2540
1725967176514 0.6375327996412913 2690
1725967477223 0.6352627958854039 2840
1725967792236 0.6331723350286483 2990
1725968106459 0.6331753836075464 3140
1725968420902 0.6308394688367843 3290
1725968736938 0.6350596308708191 3440
1725969052299 0.6267829779783884 3590
1725969359708 0.6298416086037953 3740
1725969677790 0.6286496043205261 3890
1725969996422 0.6260573134819667 4040
1725970314443 0.624551445643107 4190
1725970622210 0.625079731742541 4340
1725970941798 0.623343151807785 4490
1725971262370 0.6248483721415202 4640
1725971581676 0.6186301432053248 4790
1725971903696 0.6220467241605123 4940
1725972221398 0.6209573235114415 5090
1725972540738 0.6162816800673803 5240
1725972860461 0.6188819622993469 5390
1725973180645 0.6149953760703405 5540
1725973504333 0.612388100028038 5690
1725973813668 0.6189080335696538 5840
1725974131493 0.6105995279550552 5990
1725974452594 0.6095369418462118 6140
1725974770791 0.6113673188289006 6290
1725975087875 0.6111159139871597 6440
1725975404620 0.6124635485808054 6590
1725975721755 0.6057632950941721 6740
1725976038922 0.609566109975179 6890
1725976355917 0.602384121020635 7040
1725976674718 0.6022857602437337 7190
1725976994418 0.6104339730739593 7340
1725977313359 0.5965038045247396 7490
1725977633047 0.6023311001062394 7640
1725977950437 0.5964578946431478 7790
1725978268744 0.5984944188594818 7940
1725978586059 0.6014270456631978 8090
1725978904764 0.5980032227436701 8240
1725979223078 0.5942447386185328 8390
1725979541493 0.5970335125923156 8540
1725979860228 0.5961632454395294 8690
1725980176883 0.5932976198196411 8840
1725980496528 0.5973594142993292 8990
1725980813267 0.5917491422096888 9140
1725981131769 0.5924208422501882 9290
1725981449585 0.591275184750557 9440
1725981774742 0.5857184197505315 9590
1725982092814 0.5855891340970993 9740
1725982411710 0.596409010887146 9890
1725982715239 0.5877018266916275 10040
1725983030276 0.5780273399750392 10190
1725983347999 0.5849721304575602 10340
1725983670174 0.5864296778043111 10490
1725983987354 0.5832153145472209 10640
1725984306139 0.5819382931788762 10790
1725984624171 0.5840385844310124 10940
1725984941421 0.5886359685659408 11090
1725985260031 0.5800064933300019 11240
1725985579724 0.57789324482282 11390
1725985897590 0.5813361092408498 11540
1725986215681 0.5787016546726227 11690
1725986521670 0.5757740465799968 11840
1725986843856 0.5721501262982687 11990
1725987164112 0.5762158807118734 12140
1725987484968 0.5756184655427933 12290
1725987806339 0.5744276976585388 12440
1725988126582 0.5736774303515753 12590
1725988447790 0.5750269881884257 12740
1725988767296 0.5713713693618775 12890
1725989064281 0.5651823925971985 13040
1725989379455 0.5701679944992065 13190
1725989696021 0.5700103290875753 13340
1725990013322 0.5644527626037598 13490
1725990330148 0.5649198520183564 13640
1725990647421 0.5677994358539581 13790
1725990962303 0.5635132598876953 13940
1725991278305 0.5677516349156697 14090
1725991594775 0.5643257220586141 14240
1725991909673 0.5618725123008093 14390
1725992267058 0.5677982230981191 14540
1725992632858 0.5632607728242874 14690
1725992972106 0.5595332264900208 14840
1725993304043 0.5575915388266246 14990
