1723824180163 0.1790979951620102 0
1723824200298 0.21546712517738342 1
1723824220315 0.17714270949363708 2
1723824240386 0.12763164937496185 3
1723824260449 0.10359471291303635 4
1723824280631 0.14310607314109802 5
1723824300949 0.15023475885391235 6
1723824321157 0.13084784150123596 7
1723824341275 0.15566101670265198 8
1723824361503 0.18588417768478394 9
1723824381409 0.13653287291526794 10
1723824401549 0.15057891607284546 11
1723824421729 0.1366545855998993 12
1723824442079 0.1325732171535492 13
1723824462178 0.13905388116836548 14
1723824482493 0.14916211366653442 15
1723824502663 0.1324215531349182 16
1723824522568 0.1735418140888214 17
1723824542828 0.11596961319446564 18
1723824562852 0.16956409811973572 19
1723824582890 0.13659143447875977 20
1723824602986 0.1226450726389885 21
1723824623072 0.13251689076423645 22
1723824643110 0.14298959076404572 23
1723824663429 0.153365358710289 24
1723824683498 0.137736976146698 25
1723824703736 0.15779075026512146 26
1723824724016 0.11338701844215393 27
1723824744128 0.14748172461986542 28
1723824764358 0.12983819842338562 29
1723824784601 0.15718740224838257 30
1723824804763 0.14192554354667664 31
1723824824909 0.12503871321678162 32
1723824844937 0.11999007314443588 33
1723824865107 0.12919726967811584 34
1723824885377 0.13597887754440308 35
1723824905473 0.18381762504577637 36
1723824925607 0.15609440207481384 37
1723824945723 0.15336954593658447 38
1723824966094 0.11338267475366592 39
1723824986403 0.158519446849823 40
1723825006636 0.11367200314998627 41
1723825026860 0.13731852173805237 42
1723825046803 0.14036820828914642 43
1723825066818 0.1508697271347046 44
1723825086907 0.13976611196994781 45
1723825107199 0.12018651515245438 46
1723825127513 0.1345071792602539 47
1723825147512 0.10940979421138763 48
1723825167715 0.1355009824037552 49
1723825187949 0.12575042247772217 50
1723825208283 0.10782772302627563 51
1723825228575 0.16210296750068665 52
1723825248918 0.1118270605802536 53
1723825268887 0.134261354804039 54
1723825289292 0.14753489196300507 55
1723825309500 0.1380787491798401 56
1723825329795 0.12438102066516876 57
1723825349830 0.12190184742212296 58
1723825370039 0.16139313578605652 59
1723825390171 0.12064718455076218 60
1723825410162 0.10576015710830688 61
1723825430236 0.10462348908185959 62
1723825450212 0.09217371046543121 63
1723825470580 0.137177973985672 64
1723825490660 0.11974262446165085 65
1723825510663 0.10507834702730179 66
1723825530892 0.0809246152639389 67
1723825550984 0.10861435532569885 68
1723825571243 0.07090658694505692 69
1723825591632 0.0627397745847702 70
1723825611838 0.061635822057724 71
1723825632106 0.07340538501739502 72
1723825652136 0.07298505306243896 73
1723825672242 0.10810388624668121 74
1723825692355 0.07781735062599182 75
1723825712640 0.06224067509174347 76
1723825732984 0.08848239481449127 77
1723825753215 0.06498011201620102 78
1723825773506 0.06959746032953262 79
1723825793602 0.0733741968870163 80
1723825814100 0.08907236158847809 81
1723825834433 0.06608162820339203 82
1723825854754 0.06757672131061554 83
1723825874926 0.08294985443353653 84
1723825895131 0.08018894493579865 85
1723825915335 0.0613458976149559 86
1723825935379 0.0929100289940834 87
1723825955550 0.0714561939239502 88
1723825975732 0.0631127804517746 89
1723825995831 0.06741384416818619 90
1723826015884 0.070355124771595 91
1723826035885 0.06790590286254883 92
1723826056410 0.07644324004650116 93
1723826076456 0.06730655580759048 94
1723826096577 0.07476580888032913 95
1723826116955 0.08964047580957413 96
1723826137212 0.08282440900802612 97
1723826157396 0.06228560209274292 98
1723826177707 0.06536571681499481 99
1723826197906 0.07010086625814438 100
1723826217936 0.08560016751289368 101
1723826238138 0.05529804527759552 102
1723826258183 0.07223174721002579 103
1723826278180 0.06885555386543274 104
1723826298221 0.06058104336261749 105
1723826318262 0.07621496915817261 106
1723826338220 0.07175575196743011 107
1723826358365 0.051924847066402435 108
1723826378607 0.06388641893863678 109
1723826399021 0.06440343707799911 110
1723826419025 0.06039118021726608 111
1723826439049 0.05224931240081787 112
1723826459302 0.09577378630638123 113
1723826479435 0.05440898239612579 114
1723826499486 0.07347729802131653 115
1723826519511 0.07086571305990219 116
1723826539677 0.06292073428630829 117
1723826559849 0.07273758947849274 118
1723826579905 0.05019177496433258 119
1723826600251 0.062277305871248245 120
1723826620541 0.07920520007610321 121
1723826640578 0.053714022040367126 122
1723826660755 0.07903852313756943 123
1723826680815 0.06783102452754974 124
1723826701104 0.08261550217866898 125
1723826721181 0.07575581222772598 126
1723826741175 0.07805081456899643 127
1723826761264 0.06304541230201721 128
1723826781647 0.07470296323299408 129
1723826801645 0.06492329388856888 130
1723826821663 0.0698813870549202 131
1723826841729 0.06801384687423706 132
1723826861733 0.07080750912427902 133
1723826881788 0.060389332473278046 134
1723826901944 0.06166750192642212 135
1723826922169 0.07475921511650085 136
1723826942476 0.06407158076763153 137
1723826962683 0.06340388208627701 138
1723826982728 0.06626445055007935 139
1723827002978 0.05320587754249573 140
1723827022970 0.08583281934261322 141
1723827043222 0.06335506588220596 142
1723827063250 0.060405489057302475 143
1723827083509 0.05757845193147659 144
1723827103464 0.06914965808391571 145
1723827123581 0.0653417780995369 146
1723827143723 0.07052439451217651 147
1723827163929 0.06800904870033264 148
1723827183973 0.06416769325733185 149
1723827204228 0.06755190342664719 150
1723827224585 0.0546821728348732 151
1723827244688 0.08557456731796265 152
1723827264910 0.07391063868999481 153
1723827285057 0.06994552910327911 154
1723827305299 0.06178100407123566 155
1723827325384 0.07867047190666199 156
1723827345458 0.0618106871843338 157
1723827365576 0.07357078790664673 158
1723827385890 0.06539326906204224 159
1723827406155 0.0607563853263855 160
1723827426977 0.05634472519159317 161
1723827447280 0.05253530293703079 162
1723827467460 0.06718097627162933 163
1723827487606 0.07196417450904846 164
1723827507611 0.05663537234067917 165
1723827527827 0.06799683719873428 166
1723827548183 0.061746835708618164 167
1723827568395 0.057029902935028076 168
1723827588579 0.07863655686378479 169
1723827608603 0.068987637758255 170
1723827628802 0.0553949773311615 171
1723827648870 0.06373623013496399 172
1723827669089 0.07419541478157043 173
1723827689272 0.08356000483036041 174
1723827709283 0.06406788527965546 175
1723827729516 0.06792941689491272 176
1723827749744 0.0682448074221611 177
1723827769974 0.07116429507732391 178
1723827790787 0.05687914788722992 179
1723827811463 0.05524589121341705 180
1723827832132 0.06326207518577576 181
1723827852320 0.06366237998008728 182
1723827872641 0.07192884385585785 183
1723827892979 0.05451439321041107 184
1723827913290 0.07514818012714386 185
1723827933663 0.055813685059547424 186
1723827953959 0.07421307265758514 187
1723827974426 0.08720278739929199 188
1723827994729 0.07040584087371826 189
1723828014966 0.07412347197532654 190
1723828034910 0.06252598017454147 191
1723828055148 0.0611225888133049 192
1723828075498 0.05467425659298897 193
1723828095741 0.07922884821891785 194
1723828115893 0.05881644785404205 195
1723828136040 0.06650956720113754 196
1723828156062 0.06085775047540665 197
1723828176476 0.05658986419439316 198
1723828196927 0.05960660055279732 199
1723828217115 0.08421272039413452 200
1723828237449 0.07138733565807343 201
1723828257831 0.06815256178379059 202
1723828277926 0.05906862020492554 203
1723828298329 0.05482325702905655 204
1723828318415 0.04931546002626419 205
1723828338554 0.06898685544729233 206
1723828358897 0.07017964124679565 207
1723828379222 0.06829296052455902 208
1723828399728 0.07887633144855499 209
1723828420077 0.08094966411590576 210
1723828440127 0.06482318043708801 211
1723828460293 0.05640048533678055 212
1723828480438 0.05993752181529999 213
1723828500655 0.07207539677619934 214
1723828520950 0.06958939880132675 215
1723828541116 0.062020204961299896 216
1723828561146 0.058763645589351654 217
1723828581614 0.06823252141475677 218
1723828602037 0.05108344554901123 219
1723828622096 0.06803138554096222 220
1723828642229 0.07450614869594574 221
1723828662426 0.06758181750774384 222
1723828682650 0.08460554480552673 223
1723828703005 0.07181742042303085 224
1723828723252 0.06128828600049019 225
1723828743267 0.07501543313264847 226
1723828763629 0.06317318230867386 227
1723828783693 0.06080184131860733 228
1723828803802 0.06812723726034164 229
1723828823991 0.06588268280029297 230
1723828844225 0.05969392508268356 231
1723828864224 0.06492136418819427 232
1723828884356 0.05220890790224075 233
1723828904514 0.08240427076816559 234
1723828924821 0.06727364659309387 235
1723828944912 0.06164160370826721 236
1723828965192 0.05952325090765953 237
1723828985343 0.06555445492267609 238
1723829005809 0.05320557579398155 239
1723829025869 0.052375562489032745 240
1723829046504 0.09397155791521072 241
1723829066736 0.04810469225049019 242
1723829087050 0.06957297027111053 243
1723829107132 0.05743763595819473 244
1723829127373 0.05885279178619385 245
1723829147572 0.06336186826229095 246
1723829167750 0.061239615082740784 247
1723829188106 0.057184915989637375 248
1723829208282 0.045078814029693604 249
1723829228693 0.07795983552932739 250
1723829248935 0.07318048179149628 251
1723829269362 0.05589609593153 252
1723829289851 0.06849163770675659 253
1723829309992 0.05223613232374191 254
1723829330076 0.04600157588720322 255
1723829350314 0.06288658082485199 256
1723829370384 0.05905116721987724 257
1723829390704 0.06746485829353333 258
1723829411107 0.07096032798290253 259
1723829431289 0.0657414048910141 260
1723829451359 0.07924516499042511 261
1723829471714 0.06873040646314621 262
1723829491947 0.0687410831451416 263
1723829512204 0.08615371584892273 264
1723829532382 0.07406666874885559 265
1723829552624 0.07738299667835236 266
1723829572805 0.0640314593911171 267
1723829593272 0.05654630810022354 268
1723829613378 0.0688205286860466 269
1723829633761 0.0657699853181839 270
1723829653987 0.06386996805667877 271
1723829674109 0.06352666765451431 272
1723829694280 0.07048870623111725 273
1723829714399 0.06625781208276749 274
1723829734714 0.060212142765522 275
1723829754872 0.05282198265194893 276
1723829774919 0.07121919095516205 277
1723829795203 0.07522948086261749 278
1723829815507 0.07925550639629364 279
1723829835773 0.0660213977098465 280
1723829855965 0.06755053997039795 281
1723829876383 0.059041306376457214 282
1723829896697 0.0665922462940216 283
1723829916753 0.05070899426937103 284
1723829937129 0.06580651551485062 285
1723829957257 0.07864610850811005 286
1723829977435 0.07444562762975693 287
1723829997616 0.07250966876745224 288
1723830017730 0.07399274408817291 289
1723830037955 0.07012913376092911 290
1723830058246 0.06024209409952164 291
1723830078484 0.06293471902608871 292
1723830098727 0.060184676200151443 293
1723830118881 0.056387558579444885 294
1723830139015 0.0788542777299881 295
1723830159371 0.08013451099395752 296
1723830179698 0.06333734095096588 297
1723830199860 0.06873533129692078 298
1723830220038 0.07233282178640366 299
1723830240164 0.05957771837711334 300
1723830260334 0.07826624810695648 301
1723830280609 0.06500346958637238 302
1723830300659 0.06081094592809677 303
1723830320726 0.053286731243133545 304
1723830341033 0.05397713929414749 305
1723830361162 0.06429075449705124 306
1723830381257 0.05328202247619629 307
1723830401484 0.07283544540405273 308
1723830421558 0.06499870121479034 309
1723830441794 0.063681960105896 310
1723830462085 0.05612525716423988 311
1723830482353 0.06593666970729828 312
1723830502468 0.06242647022008896 313
1723830522804 0.07726646959781647 314
1723830543104 0.05296196788549423 315
1723830563328 0.07191859185695648 316
1723830583758 0.05632583796977997 317
1723830604136 0.060382381081581116 318
1723830624631 0.06330912560224533 319
1723830644730 0.07460006326436996 320
1723830665250 0.05392106994986534 321
1723830685701 0.06322488188743591 322
1723830705985 0.05878263711929321 323
1723830726234 0.05128764361143112 324
1723830746519 0.06847480684518814 325
1723830766760 0.050365012139081955 326
1723830787032 0.06650456041097641 327
1723830807184 0.06946545839309692 328
1723830827294 0.06078970804810524 329
1723830847458 0.06728079169988632 330
1723830867919 0.06847533583641052 331
1723830888202 0.0639180839061737 332
1723830908457 0.07216956466436386 333
1723830928821 0.04886624962091446 334
1723830949187 0.07304209470748901 335
1723830969401 0.06138986721634865 336
1723830989552 0.06656868755817413 337
1723831009615 0.06926220655441284 338
1723831030040 0.0659157782793045 339
1723831050159 0.07706402242183685 340
1723831070697 0.05784541368484497 341
1723831091012 0.05491355061531067 342
1723831111527 0.06364169716835022 343
1723831131579 0.068620964884758 344
1723831151722 0.06570985913276672 345
1723831172072 0.04910556599497795 346
1723831192402 0.06621742248535156 347
1723831212792 0.059802863746881485 348
1723831233049 0.07182090729475021 349
1723831253471 0.07346764206886292 350
1723831273849 0.05112333595752716 351
1723831294077 0.07693874835968018 352
1723831314314 0.06327956169843674 353
1723831334680 0.07707931101322174 354
1723831354928 0.06916099786758423 355
1723831374998 0.06062175706028938 356
1723831395333 0.05558914691209793 357
1723831415504 0.061353281140327454 358
1723831435842 0.06410109251737595 359
1723831455835 0.054859548807144165 360
1723831476277 0.06132572889328003 361
1723831496547 0.06670109182596207 362
1723831517011 0.05594424158334732 363
1723831537122 0.05956418067216873 364
1723831557488 0.06362679600715637 365
1723831577642 0.08130359649658203 366
1723831598075 0.06214488297700882 367
1723831618602 0.06657956540584564 368
1723831638568 0.0622720867395401 369
1723831658958 0.06456273049116135 370
1723831679324 0.05517058074474335 371
1723831699908 0.08706292510032654 372
1723831719987 0.06175418943166733 373
1723831740457 0.08904118090867996 374
1723831760754 0.0530703142285347 375
1723831781105 0.06533151119947433 376
1723831801525 0.07323519885540009 377
1723831821562 0.054759711027145386 378
1723831841923 0.061249732971191406 379
1723831862209 0.06985092163085938 380
1723831882486 0.05261931195855141 381
1723831902732 0.0688251405954361 382
1723831922943 0.08082281053066254 383
1723831943037 0.06436081230640411 384
1723831963183 0.07551679015159607 385
1723831983479 0.05756044387817383 386
1723832003599 0.06837989389896393 387
1723832023827 0.06273823976516724 388
1723832044356 0.06366941332817078 389
1723832064698 0.07472942769527435 390
1723832085012 0.06610995531082153 391
1723832105255 0.07069224119186401 392
1723832125629 0.0695878118276596 393
1723832145773 0.07563658058643341 394
1723832165868 0.07154806703329086 395
1723832186033 0.07333800196647644 396
1723832206346 0.0720919743180275 397
1723832226669 0.05512561276555061 398
1723832246867 0.06064648926258087 399
1723832267218 0.05720631033182144 400
1723832287723 0.05923492833971977 401
1723832307947 0.05989166349172592 402
1723832328124 0.04765745997428894 403
1723832348313 0.07621072232723236 404
1723832368647 0.07660692930221558 405
1723832388651 0.07193201035261154 406
1723832408853 0.07837449759244919 407
1723832429051 0.07207784056663513 408
1723832449364 0.07505370676517487 409
1723832469550 0.05951876565814018 410
1723832489901 0.06050474941730499 411
1723832509975 0.06554999947547913 412
1723832530392 0.056559570133686066 413
1723832550613 0.08018277585506439 414
1723832570762 0.06383740156888962 415
1723832591134 0.07295452058315277 416
1723832611478 0.06162131950259209 417
1723832631761 0.07095314562320709 418
1723832652042 0.07846721261739731 419
1723832672599 0.06930389255285263 420
1723832692687 0.07876342535018921 421
1723832712858 0.06763120740652084 422
1723832733141 0.06378056854009628 423
1723832753370 0.0758616179227829 424
1723832773705 0.07792124152183533 425
1723832793789 0.07971958816051483 426
1723832813995 0.08309897780418396 427
1723832834211 0.056590862572193146 428
1723832854501 0.07235945761203766 429
1723832874708 0.06034255400300026 430
1723832894854 0.055540960282087326 431
1723832914976 0.07584428787231445 432
1723832934978 0.07070565968751907 433
1723832955217 0.06900814175605774 434
1723832975431 0.08668628334999084 435
1723832995689 0.0512322299182415 436
1723833015907 0.07731008529663086 437
1723833035914 0.061329204589128494 438
1723833056165 0.06317819654941559 439
1723833076422 0.06460896879434586 440
1723833096744 0.0660783052444458 441
1723833117076 0.06840814650058746 442
1723833137172 0.0554315485060215 443
1723833157157 0.062384672462940216 444
1723833177408 0.06966796517372131 445
1723833197839 0.07016803324222565 446
1723833218099 0.05803219601511955 447
1723833238274 0.08669707179069519 448
1723833258600 0.065705306828022 449
1723833278731 0.05981239676475525 450
1723833299055 0.0713275596499443 451
1723833319450 0.06257051229476929 452
1723833339750 0.0698586255311966 453
1723833360009 0.055826738476753235 454
1723833380374 0.0603548139333725 455
1723833400361 0.0597066693007946 456
1723833420734 0.05780545622110367 457
1723833441021 0.060705672949552536 458
1723833461291 0.0628444254398346 459
1723833481542 0.05438975244760513 460
1723833501893 0.08217776566743851 461
1723833522093 0.06766214966773987 462
1723833542547 0.0663222074508667 463
1723833562737 0.05092518776655197 464
1723833583010 0.059115003794431686 465
1723833603226 0.060759857296943665 466
1723833623470 0.07805756479501724 467
1723833643663 0.07624933123588562 468
1723833664019 0.06057686358690262 469
1723833684200 0.06079932674765587 470
1723833704503 0.0737387165427208 471
1723833724857 0.05999758839607239 472
1723833745149 0.0844033807516098 473
1723833765566 0.06296081840991974 474
1723833785810 0.05885066092014313 475
1723833806060 0.06385643780231476 476
1723833826501 0.05023185908794403 477
1723833846590 0.054335638880729675 478
1723833867104 0.08431412279605865 479
1723833887486 0.05324068292975426 480
1723833908005 0.07150539755821228 481
1723833928149 0.07247519493103027 482
1723833948607 0.07485854625701904 483
1723833968970 0.05438542366027832 484
1723833989622 0.06532420963048935 485
1723834009840 0.05518674850463867 486
1723834030008 0.05935981869697571 487
1723834050270 0.07449787855148315 488
1723834070638 0.0614013709127903 489
1723834090873 0.0495273619890213 490
1723834111105 0.06613680720329285 491
1723834131375 0.05506183207035065 492
1723834151624 0.06461751461029053 493
1723834172007 0.10882429778575897 494
1723834192423 0.07851985096931458 495
1723834212626 0.0667368620634079 496
1723834233328 0.08013027906417847 497
1723834253649 0.06567047536373138 498
1723834274132 0.05557570978999138 499
