1724521278701 0.10213396698236465 0
1724521279780 1.0174455642700195 1
1724521280849 0.07669726759195328 2
1724521281904 0.07144755870103836 3
1724521282979 0.07495547831058502 4
1724521284042 0.08235270529985428 5
1724521285178 0.07618851959705353 6
1724521286513 0.09034527838230133 7
1724521287804 0.0841735228896141 8
1724521289055 0.08426564931869507 9
1724521290308 0.08257301151752472 10
1724521291559 0.06884108483791351 11
1724521292817 0.09691909700632095 12
1724521294073 0.0804963931441307 13
1724521295323 0.11807404458522797 14
1724521296550 0.07882386445999146 15
1724521297817 0.07032040506601334 16
1724521299071 0.08297700434923172 17
1724521300356 0.09955519437789917 18
1724521301625 0.0832977369427681 19
1724521302890 0.08732153475284576 20
1724521304163 0.08875778317451477 21
1724521305409 0.09790192544460297 22
1724521306704 0.09968654811382294 23
1724521307961 0.08524684607982635 24
1724521309203 0.07808981835842133 25
1724521310485 0.0727105513215065 26
1724521311681 0.07891876250505447 27
1724521312956 0.0830717459321022 28
1724521314208 0.08398651331663132 29
1724521315450 0.07768402993679047 30
1724521316700 0.07485223561525345 31
1724521318008 0.10057356208562851 32
1724521319310 0.07825867086648941 33
1724521320660 0.0891171470284462 34
1724521321964 0.07331262528896332 35
1724521323252 0.0595562644302845 36
1724521324541 0.12347912788391113 37
1724521325859 0.09009966999292374 38
1724521327160 0.07888419926166534 39
1724521328472 0.06850336492061615 40
1724521329785 0.08404804021120071 41
1724521331082 0.09266607463359833 42
1724521332350 0.08287616074085236 43
1724521333640 0.13194480538368225 44
1724521334983 0.08237498998641968 45
1724521336315 0.08284551650285721 46
1724521337595 0.07840542495250702 47
1724521338923 0.07594464719295502 48
1724521340246 0.08404609560966492 49
1724521341529 0.07355690002441406 50
1724521342822 0.1036132425069809 51
1724521344127 0.08602038025856018 52
1724521345458 0.07827099412679672 53
1724521346741 0.09635958075523376 54
1724521348029 0.07478751987218857 55
1724521349436 0.0821160227060318 56
1724521350818 0.09188041090965271 57
1724521352221 0.09181162714958191 58
1724521353657 0.09122663736343384 59
1724521354977 0.09917259216308594 60
1724521356365 0.08338870108127594 61
1724521357756 0.07764004915952682 62
1724521359152 0.07544973492622375 63
1724521360537 0.06672608107328415 64
1724521361883 0.09107419848442078 65
1724521363196 0.09294448792934418 66
1724521364586 0.08925601840019226 67
1724521365879 0.09289857000112534 68
1724521367170 0.08071917295455933 69
1724521368481 0.09036268293857574 70
1724521369817 0.13764701783657074 71
1724521371155 0.0907517820596695 72
1724521372501 0.08491350710391998 73
1724521373848 0.10419683903455734 74
1724521375198 0.0904632955789566 75
1724521376573 0.10382293164730072 76
1724521377921 0.08706130087375641 77
1724521379268 0.0885903388261795 78
1724521380506 0.08301861584186554 79
1724521381928 0.08963325619697571 80
1724521383868 0.08209717273712158 81
1724521385517 0.0809282585978508 82
1724521387023 0.0798027366399765 83
1724521388399 0.08528215438127518 84
1724521389783 0.11598281562328339 85
1724521391191 0.08854404091835022 86
1724521392523 0.10197579860687256 87
1724521393824 0.13625207543373108 88
1724521395202 0.08703295886516571 89
1724521396673 0.08781781047582626 90
1724521398197 0.07438991963863373 91
1724521399639 0.06732365489006042 92
1724521400988 0.0802445113658905 93
1724521402302 0.075931116938591 94
1724521403670 0.0751132145524025 95
1724521405020 0.13714200258255005 96
1724521406319 0.09844253212213516 97
1724521407673 0.08516071736812592 98
1724521409050 0.07863163203001022 99
1724521410520 0.07271773368120193 100
1724521411939 0.0875806212425232 101
1724521413325 0.07326672971248627 102
1724521414727 0.08012884855270386 103
1724521416128 0.0784248635172844 104
1724521417438 0.11144118010997772 105
1724521418752 0.08278919756412506 106
1724521420067 0.07649180293083191 107
1724521421389 0.07889916002750397 108
1724521422702 0.07715151458978653 109
1724521424063 0.08040603250265121 110
1724521425394 0.09056462347507477 111
1724521426740 0.07250921428203583 112
1724521428090 0.08651012182235718 113
1724521429403 0.08110661804676056 114
1724521430712 0.08537046611309052 115
1724521432053 0.10165245831012726 116
1724521433451 0.08281128108501434 117
1724521434913 0.06422257423400879 118
1724521436264 0.09009435027837753 119
1724521437612 0.09203168749809265 120
1724521438861 0.08619668334722519 121
1724521440292 0.12995645403862 122
1724521441676 0.07759475708007812 123
1724521443070 0.11009082198143005 124
1724521444398 0.0738566443324089 125
1724521445758 0.09147490561008453 126
1724521447131 0.08138209581375122 127
1724521448468 0.07760103046894073 128
1724521449773 0.09131107479333878 129
1724521451071 0.0779794380068779 130
1724521452382 0.08077038824558258 131
1724521453693 0.0770363062620163 132
1724521454995 0.0847855657339096 133
1724521456292 0.07980209589004517 134
1724521457603 0.0898522213101387 135
1724521458910 0.08883680403232574 136
1724521460215 0.09506933391094208 137
1724521461531 0.0647336095571518 138
1724521462835 0.07760854065418243 139
1724521464125 0.07683399319648743 140
1724521465399 0.09691313654184341 141
1724521466662 0.07229908555746078 142
1724521467933 0.0701521560549736 143
1724521469207 0.09382147341966629 144
1724521470486 0.0751916691660881 145
1724521471756 0.07441849261522293 146
1724521473043 0.07795350253582001 147
1724521474326 0.07032773643732071 148
1724521475600 0.08204335719347 149
1724521476899 0.0869562178850174 150
1724521478185 0.07567043602466583 151
1724521479459 0.12178267538547516 152
1724521480738 0.08652669936418533 153
1724521482027 0.13044893741607666 154
1724521483314 0.09043142944574356 155
1724521484602 0.07373135536909103 156
1724521485904 0.07809264957904816 157
1724521487229 0.074339359998703 158
1724521488572 0.07539825886487961 159
1724521489896 0.07949037849903107 160
1724521491983 0.07288971543312073 161
1724521493239 0.08734878152608871 162
1724521494493 0.09298558533191681 163
1724521495746 0.08210976421833038 164
1724521497005 0.09652237594127655 165
1724521498265 0.08546828478574753 166
1724521499548 0.0716068297624588 167
1724521500860 0.09054902195930481 168
1724521502217 0.10326826572418213 169
1724521503631 0.08293575048446655 170
1724521505031 0.08388644456863403 171
1724521506398 0.09231112897396088 172
1724521507780 0.0819343626499176 173
1724521509137 0.08653654158115387 174
1724521510533 0.07110549509525299 175
1724521511961 0.08112333714962006 176
1724521513384 0.09152081608772278 177
1724521514810 0.08186130970716476 178
1724521516214 0.0744917243719101 179
1724521517565 0.09137831628322601 180
1724521518962 0.07501053065061569 181
1724521520358 0.09105847775936127 182
1724521521691 0.08198389410972595 183
1724521523154 0.08565465360879898 184
1724521524570 0.08144481480121613 185
1724521525958 0.09142014384269714 186
1724521527333 0.07392963021993637 187
1724521528689 0.08212020993232727 188
1724521530046 0.08316151797771454 189
1724521531421 0.07489171624183655 190
1724521532759 0.07338053733110428 191
1724521534070 0.0759473666548729 192
1724521535479 0.08325555920600891 193
1724521536930 0.08422757685184479 194
1724521538370 0.05932588130235672 195
1724521539844 0.08352211862802505 196
1724521541271 0.08594006299972534 197
1724521542697 0.08507681638002396 198
1724521544104 0.08485673367977142 199
1724521545412 0.06965754926204681 200
1724521546859 0.09484918415546417 201
1724521548280 0.06992226839065552 202
1724521549719 0.0738680511713028 203
1724521551084 0.095870740711689 204
1724521552457 0.09320023655891418 205
1724521553863 0.08781428635120392 206
1724521555271 0.09942835569381714 207
1724521556732 0.06842850148677826 208
1724521558207 0.07969436794519424 209
1724521559711 0.0848759338259697 210
1724521561207 0.07892617583274841 211
1724521562685 0.07106393575668335 212
1724521564143 0.10795454680919647 213
1724521565565 0.09216361492872238 214
1724521566971 0.09796066582202911 215
1724521568428 0.09011602401733398 216
1724521569903 0.08648353815078735 217
1724521571356 0.08543498069047928 218
1724521572812 0.08028620481491089 219
1724521574239 0.08429435640573502 220
1724521575563 0.08587601780891418 221
1724521577002 0.0731576681137085 222
1724521578481 0.14730116724967957 223
1724521579927 0.09974944591522217 224
1724521581350 0.08644090592861176 225
1724521582613 0.10095538198947906 226
1724521583946 0.08152623474597931 227
1724521585433 0.09354065358638763 228
1724521586957 0.07850446552038193 229
1724521588500 0.07417701184749603 230
1724521590057 0.07923785597085953 231
1724521591565 0.07770992070436478 232
1724521593002 0.09076128900051117 233
1724521594467 0.08708225935697556 234
1724521595933 0.06233867630362511 235
1724521597392 0.09759049862623215 236
1724521598849 0.08854462206363678 237
1724521600303 0.07334934175014496 238
1724521601810 0.07141299545764923 239
1724521603319 0.10379130393266678 240
1724521605385 0.08578890562057495 241
1724521606709 0.07279641926288605 242
1724521608150 0.09309419989585876 243
1724521609651 0.09263145178556442 244
1724521611162 0.09062460064888 245
1724521612636 0.0788993090391159 246
1724521614089 0.08200298249721527 247
1724521615526 0.08478288352489471 248
1724521617058 0.08412840962409973 249
1724521618588 0.0647067204117775 250
1724521620036 0.07966183125972748 251
1724521621582 0.08913519978523254 252
1724521623095 0.07977189868688583 253
1724521624645 0.07973439246416092 254
1724521626276 0.07901138812303543 255
1724521627879 0.07857181131839752 256
1724521629420 0.08437447249889374 257
1724521630924 0.07134446501731873 258
1724521632422 0.08818703889846802 259
1724521633960 0.09446413815021515 260
1724521635490 0.1081470176577568 261
1724521637029 0.08901746571063995 262
1724521638561 0.08086477220058441 263
1724521640068 0.07684226334095001 264
1724521641551 0.06943437457084656 265
1724521643015 0.0927673876285553 266
1724521644412 0.07931863516569138 267
1724521645900 0.09632667899131775 268
1724521647428 0.07972019165754318 269
1724521648972 0.11247429251670837 270
1724521650526 0.14029693603515625 271
1724521652111 0.09255363047122955 272
1724521653707 0.08750545978546143 273
1724521655236 0.08283165842294693 274
1724521656724 0.07790001481771469 275
1724521658228 0.07769986987113953 276
1724521659735 0.07490414381027222 277
1724521661268 0.06990297138690948 278
1724521662831 0.08838581293821335 279
1724521664362 0.07437451928853989 280
1724521665895 0.09547845274209976 281
1724521667449 0.0881069153547287 282
1724521668995 0.08273301273584366 283
1724521670591 0.0773584172129631 284
1724521672113 0.11273113638162613 285
1724521673717 0.06883332133293152 286
1724521675286 0.07742898166179657 287
1724521676811 0.08904018998146057 288
1724521678322 0.08495219051837921 289
1724521679871 0.08647453784942627 290
1724521681397 0.08906115591526031 291
1724521682975 0.09527868777513504 292
1724521684565 0.08212003856897354 293
1724521686155 0.0931577980518341 294
1724521687741 0.08370902389287949 295
1724521689341 0.06568150967359543 296
1724521690907 0.08093337714672089 297
1724521692471 0.10928187519311905 298
1724521694079 0.08599033951759338 299
1724521695612 0.0836535170674324 300
1724521697092 0.07500976324081421 301
1724521698695 0.08462925255298615 302
1724521700148 0.09777212142944336 303
1724521701817 0.08336491882801056 304
1724521703440 0.09327761828899384 305
1724521704949 0.06779838353395462 306
1724521706448 0.08365371078252792 307
1724521708057 0.06467772275209427 308
1724521709694 0.10909527540206909 309
1724521711309 0.08856081962585449 310
1724521712880 0.09047359228134155 311
1724521714381 0.1067327931523323 312
1724521715827 0.11579485982656479 313
1724521717357 0.10942055284976959 314
1724521718881 0.06875237822532654 315
1724521720387 0.10701359808444977 316
1724521721932 0.08650016039609909 317
1724521723496 0.09398843348026276 318
1724521725038 0.06433454900979996 319
1724521726571 0.0891324058175087 320
1724521728620 0.06982041895389557 321
1724521730128 0.0724586620926857 322
1724521731975 0.07422823458909988 323
1724521733807 0.08218055963516235 324
1724521735369 0.07814107835292816 325
1724521737048 0.09735053777694702 326
1724521738767 0.08345082402229309 327
1724521740355 0.08512966334819794 328
1724521741946 0.07572799175977707 329
1724521743506 0.07747895270586014 330
1724521745070 0.07694338262081146 331
1724521746642 0.0837365910410881 332
1724521748211 0.09290337562561035 333
1724521749786 0.08013758063316345 334
1724521751315 0.09844720363616943 335
1724521752842 0.07861614972352982 336
1724521754359 0.06335864216089249 337
1724521755927 0.07763618975877762 338
1724521757481 0.15183356404304504 339
1724521759039 0.0853484645485878 340
1724521760607 0.06715021282434464 341
1724521762157 0.0799962729215622 342
1724521763708 0.08992335945367813 343
1724521765293 0.08916296064853668 344
1724521766861 0.07518913596868515 345
1724521768421 0.10872173309326172 346
1724521769951 0.07440709322690964 347
1724521771463 0.11093001067638397 348
1724521773011 0.08410115540027618 349
1724521774584 0.08141368627548218 350
1724521776107 0.07736445218324661 351
1724521777596 0.09701273590326309 352
1724521779079 0.11874830722808838 353
1724521780563 0.07374383509159088 354
1724521782069 0.0742855817079544 355
1724521783590 0.07248841226100922 356
1724521785008 0.12703686952590942 357
1724521786665 0.06660814583301544 358
1724521788282 0.1014704629778862 359
1724521789882 0.10097356885671616 360
1724521791441 0.07007858157157898 361
1724521793061 0.07934406399726868 362
1724521794710 0.0714925080537796 363
1724521796331 0.0862836241722107 364
1724521797839 0.08482104539871216 365
1724521799485 0.0850144550204277 366
1724521801003 0.12943056225776672 367
1724521802469 0.09039044380187988 368
1724521803942 0.08450346440076828 369
1724521805423 0.09229488670825958 370
1724521806908 0.08330735564231873 371
1724521808424 0.07708948105573654 372
1724521809937 0.0772026777267456 373
1724521811473 0.07504234462976456 374
1724521813040 0.08998078852891922 375
1724521814562 0.0754215344786644 376
1724521816140 0.08294638991355896 377
1724521817724 0.07817429304122925 378
1724521819292 0.08807677030563354 379
1724521820799 0.12197163701057434 380
1724521822288 0.08884033560752869 381
1724521823770 0.08272036910057068 382
1724521825248 0.08320972323417664 383
1724521826783 0.06785348057746887 384
1724521828350 0.08488699048757553 385
1724521829930 0.09115655720233917 386
1724521831542 0.09736508131027222 387
1724521833074 0.09822456538677216 388
1724521834591 0.07490156590938568 389
1724521836124 0.06850676238536835 390
1724521837661 0.09931232035160065 391
1724521839206 0.08325003832578659 392
1724521840751 0.08814319968223572 393
1724521842317 0.08025075495243073 394
1724521843887 0.09789884835481644 395
1724521845429 0.07052512466907501 396
1724521846988 0.08430952578783035 397
1724521848570 0.09217197448015213 398
1724521850198 0.08369573205709457 399
1724521851864 0.08733169734477997 400
1724521854028 0.1448516845703125 401
1724521855471 0.0953388512134552 402
1724521856971 0.08601625263690948 403
1724521858458 0.07984872907400131 404
1724521859941 0.08763284981250763 405
1724521861421 0.0966876819729805 406
1724521862893 0.08012276142835617 407
1724521864464 0.0772642269730568 408
1724521866122 0.08140292018651962 409
1724521867872 0.07643692940473557 410
1724521869689 0.0717460885643959 411
1724521871502 0.06371933966875076 412
1724521873104 0.09480354189872742 413
1724521874684 0.07584305107593536 414
1724521876406 0.09420684725046158 415
1724521878120 0.08339288085699081 416
1724521879821 0.08028613030910492 417
1724521881316 0.09998409450054169 418
1724521882762 0.08073773235082626 419
1724521884265 0.08660677075386047 420
1724521885904 0.07657851278781891 421
1724521887629 0.0914885401725769 422
1724521889195 0.07975006103515625 423
1724521890679 0.10841367393732071 424
1724521892152 0.07299663126468658 425
1724521893704 0.07642661780118942 426
1724521895342 0.0833752453327179 427
1724521896957 0.07577714323997498 428
1724521898633 0.07811813056468964 429
1724521900286 0.08089854568243027 430
1724521901855 0.09519819915294647 431
1724521903427 0.07328816503286362 432
1724521905050 0.09407602250576019 433
1724521906563 0.08081656694412231 434
1724521908120 0.08671550452709198 435
1724521909556 0.07793125510215759 436
1724521911041 0.09517690539360046 437
1724521912610 0.07697230577468872 438
1724521914231 0.07332953065633774 439
1724521915880 0.15667463839054108 440
1724521917543 0.07545390725135803 441
1724521919151 0.07847411930561066 442
1724521920595 0.07618549466133118 443
1724521922124 0.09254676848649979 444
1724521923637 0.07398250699043274 445
1724521925172 0.07510052621364594 446
1724521926692 0.06603197753429413 447
1724521928172 0.06769495457410812 448
1724521929618 0.09647973626852036 449
1724521931097 0.09261811524629593 450
1724521932443 0.07552023977041245 451
1724521933939 0.08047577738761902 452
1724521935618 0.08519655466079712 453
1724521937272 0.08373826742172241 454
1724521938844 0.08382688462734222 455
1724521940349 0.09512382745742798 456
1724521941820 0.10632260888814926 457
1724521943307 0.09116116166114807 458
1724521944826 0.0807938426733017 459
1724521946314 0.061556607484817505 460
1724521947815 0.08693499863147736 461
1724521949377 0.08956100791692734 462
1724521950961 0.08922942727804184 463
1724521952565 0.09291869401931763 464
1724521954189 0.07310912013053894 465
1724521955854 0.08244648575782776 466
1724521957534 0.08121799677610397 467
1724521959227 0.09258364140987396 468
1724521960920 0.06737719476222992 469
1724521962669 0.07655984908342361 470
1724521964416 0.08787401020526886 471
1724521966084 0.06269996613264084 472
1724521967745 0.07446286827325821 473
1724521969416 0.090403713285923 474
1724521971019 0.09269857406616211 475
1724521972731 0.0728490874171257 476
1724521974488 0.08182819187641144 477
1724521976274 0.07715648412704468 478
1724521977963 0.08211876451969147 479
1724521979592 0.06740990281105042 480
1724521981708 0.07865436375141144 481
1724521983302 0.09711223840713501 482
1724521985093 0.08226193487644196 483
1724521986672 0.09457793831825256 484
1724521988145 0.09417165815830231 485
1724521989573 0.06518424302339554 486
1724521991045 0.06582311540842056 487
1724521992548 0.08782980591058731 488
1724521994143 0.09024771302938461 489
1724521995729 0.07379559427499771 490
1724521997371 0.09210671484470367 491
1724521998964 0.091586172580719 492
1724522000457 0.08136354386806488 493
1724522001906 0.08501109480857849 494
1724522003393 0.09449119120836258 495
1724522004874 0.0680171549320221 496
1724522006338 0.08063588291406631 497
1724522007783 0.07160597294569016 498
1724522009219 0.09991080313920975 499
1724522010656 0.08929642289876938 500
1724522012085 0.08347348868846893 501
1724522013523 0.09721026569604874 502
1724522014966 0.07237496227025986 503
1724522016407 0.08166421949863434 504
1724522017841 0.08262389898300171 505
1724522019276 0.07982737571001053 506
1724522020720 0.07056499272584915 507
1724522022165 0.09984622150659561 508
1724522023609 0.09301625192165375 509
1724522025042 0.07085046172142029 510
1724522026466 0.07605858147144318 511
1724522027895 0.08256050199270248 512
1724522029339 0.0907716229557991 513
1724522030777 0.07452861964702606 514
1724522032217 0.0745091363787651 515
1724522033646 0.10259642452001572 516
1724522035093 0.0804227888584137 517
1724522036540 0.0747658833861351 518
1724522037989 0.07509229332208633 519
1724522039416 0.08812057971954346 520
1724522040849 0.07831759005784988 521
1724522042341 0.07818731665611267 522
1724522043832 0.08358985185623169 523
1724522045283 0.07961784303188324 524
1724522046710 0.08072370290756226 525
1724522048173 0.07764465361833572 526
1724522049621 0.08591412007808685 527
1724522051072 0.07309076935052872 528
1724522052499 0.08482274413108826 529
1724522053945 0.0603058822453022 530
1724522055379 0.08202994614839554 531
1724522056822 0.0972021073102951 532
1724522058253 0.0987803116440773 533
1724522059688 0.0773443952202797 534
1724522061119 0.08995592594146729 535
1724522062564 0.07789275050163269 536
1724522063993 0.09245452284812927 537
1724522065437 0.10133979469537735 538
1724522066885 0.06183868646621704 539
1724522068347 0.07425972819328308 540
1724522069789 0.07011973857879639 541
1724522071240 0.08147002011537552 542
1724522072682 0.08054505288600922 543
1724522074109 0.0719340592622757 544
1724522075552 0.09129810333251953 545
1724522076992 0.07209372520446777 546
1724522078427 0.09030326455831528 547
1724522079861 0.0773683488368988 548
1724522081298 0.12382611632347107 549
1724522082739 0.08684197068214417 550
1724522084179 0.07103067636489868 551
1724522085618 0.09466390311717987 552
1724522087047 0.08630071580410004 553
1724522088477 0.07441247254610062 554
1724522089910 0.09124137461185455 555
1724522091337 0.10926276445388794 556
1724522092777 0.0853973850607872 557
1724522094213 0.09578606486320496 558
1724522095650 0.07923576235771179 559
1724522097094 0.08216129243373871 560
1724522098525 0.07569956034421921 561
1724522099967 0.08019040524959564 562
1724522101395 0.0855255126953125 563
1724522102822 0.08220323920249939 564
1724522104253 0.06894658505916595 565
1724522105681 0.09126686304807663 566
1724522107107 0.07036182284355164 567
1724522108542 0.08505082875490189 568
1724522109976 0.09962256997823715 569
1724522111420 0.07732131332159042 570
1724522112862 0.06636490672826767 571
1724522114297 0.09244874864816666 572
1724522115720 0.08212213963270187 573
1724522117208 0.06631727516651154 574
1724522118580 0.07480104267597198 575
1724522120141 0.07124175131320953 576
1724522121769 0.08039439469575882 577
1724522123545 0.06739706546068192 578
1724522125157 0.10541088134050369 579
1724522126808 0.08479143679141998 580
1724522128877 0.08343519270420074 581
1724522130360 0.06374454498291016 582
1724522131949 0.10104052722454071 583
1724522133479 0.06892041116952896 584
1724522134912 0.09392504394054413 585
1724522136371 0.10300731658935547 586
1724522137837 0.07666930556297302 587
1724522139321 0.0777195617556572 588
1724522140785 0.06785106658935547 589
1724522142222 0.09190569818019867 590
1724522143642 0.07562170922756195 591
1724522145060 0.07354605942964554 592
1724522146474 0.07914627343416214 593
1724522147897 0.07325902581214905 594
1724522149312 0.0740513876080513 595
1724522150732 0.06803416460752487 596
1724522152143 0.0954342782497406 597
1724522153555 0.08775839954614639 598
1724522154979 0.10071536898612976 599
1724522156410 0.06818229705095291 600
1724522157855 0.07462649047374725 601
1724522159280 0.09504053741693497 602
1724522160694 0.0986071452498436 603
1724522162108 0.08616665750741959 604
1724522163518 0.06890781968832016 605
1724522164940 0.07022875547409058 606
1724522166365 0.0989375114440918 607
1724522167778 0.10695699602365494 608
1724522169191 0.08771485090255737 609
1724522170614 0.11606386303901672 610
1724522172032 0.09256400167942047 611
1724522173449 0.09063435345888138 612
1724522174856 0.0827857032418251 613
1724522176271 0.07969959080219269 614
1724522177685 0.08256770670413971 615
1724522179096 0.06734251976013184 616
1724522180501 0.06706027686595917 617
1724522181912 0.10186183452606201 618
1724522183327 0.0662790834903717 619
1724522184737 0.07029429823160172 620
1724522186151 0.095927894115448 621
1724522187577 0.10940157622098923 622
1724522189002 0.08605992794036865 623
1724522190416 0.09656049311161041 624
1724522191832 0.09029461443424225 625
1724522193246 0.08820578455924988 626
1724522194643 0.07320623844861984 627
1724522196048 0.09386098384857178 628
1724522197454 0.09251174330711365 629
1724522198874 0.0980248972773552 630
1724522200273 0.08143892884254456 631
1724522201680 0.08687371760606766 632
1724522203104 0.07616961002349854 633
1724522204518 0.07178455591201782 634
1724522205910 0.09175479412078857 635
1724522207315 0.09895610064268112 636
1724522208726 0.09038225561380386 637
1724522210133 0.08431778103113174 638
1724522211523 0.09437194466590881 639
1724522212925 0.07425690442323685 640
1724522214329 0.09163360297679901 641
1724522215732 0.09606724977493286 642
1724522217179 0.08990529924631119 643
1724522218604 0.08737216889858246 644
1724522219994 0.08830548822879791 645
1724522221388 0.08337657153606415 646
1724522222794 0.09897204488515854 647
1724522224190 0.08155106008052826 648
1724522225583 0.07567337155342102 649
1724522226981 0.07461253553628922 650
1724522228374 0.09155673533678055 651
1724522229783 0.07556179910898209 652
1724522231191 0.08162834495306015 653
1724522232592 0.10657379031181335 654
1724522233992 0.07776134461164474 655
1724522235388 0.07579167932271957 656
1724522236787 0.0710604265332222 657
1724522238189 0.0842653289437294 658
1724522239587 0.07317496091127396 659
1724522240976 0.0744984894990921 660
1724522242838 0.07627297937870026 661
1724522244156 0.0718415379524231 662
1724522245558 0.09231643378734589 663
1724522246993 0.08786187320947647 664
1724522248416 0.06588143855333328 665
1724522249819 0.07265854626893997 666
1724522251227 0.07292462140321732 667
1724522252613 0.07473127543926239 668
1724522254004 0.08589724451303482 669
1724522255392 0.07078798115253448 670
1724522256778 0.08165378123521805 671
1724522258177 0.09227192401885986 672
1724522259569 0.08355334401130676 673
1724522260963 0.0806838870048523 674
1724522262347 0.08263438940048218 675
1724522263739 0.07760076224803925 676
1724522265138 0.09795471280813217 677
1724522266524 0.08697472512722015 678
1724522267918 0.06574808806180954 679
1724522269311 0.07427550852298737 680
1724522270707 0.07349152117967606 681
1724522272086 0.08144158869981766 682
1724522273471 0.07850737869739532 683
1724522274869 0.08853121101856232 684
1724522276258 0.07728543877601624 685
1724522277648 0.08977657556533813 686
1724522279029 0.0809246301651001 687
1724522280413 0.1075088232755661 688
1724522281796 0.07464060187339783 689
1724522283177 0.08525528013706207 690
1724522284553 0.07024622708559036 691
1724522285935 0.07990105450153351 692
1724522287313 0.08313117176294327 693
1724522288703 0.07133941352367401 694
1724522290099 0.0842934101819992 695
1724522291487 0.07597590982913971 696
1724522292869 0.08401791006326675 697
1724522294245 0.06308073550462723 698
1724522295630 0.12402027100324631 699
1724522297008 0.10283088684082031 700
1724522298382 0.07338346540927887 701
1724522299754 0.07731910794973373 702
1724522301138 0.0837089791893959 703
1724522302509 0.08182740211486816 704
1724522303890 0.08267953246831894 705
1724522305263 0.08358825743198395 706
1724522306646 0.08267126232385635 707
1724522308045 0.07858464866876602 708
1724522309419 0.08201484382152557 709
1724522310786 0.10144046694040298 710
1724522312161 0.08830341696739197 711
1724522313535 0.10754483193159103 712
1724522314905 0.0806761309504509 713
1724522316276 0.06865531951189041 714
1724522317650 0.1313871443271637 715
1724522319031 0.08008512854576111 716
1724522320397 0.0833890289068222 717
1724522321778 0.08692982792854309 718
1724522323157 0.07716353237628937 719
1724522324527 0.08754462748765945 720
1724522325895 0.08424840122461319 721
1724522327277 0.07444534450769424 722
1724522328642 0.09309948980808258 723
1724522330018 0.09304184466600418 724
1724522331392 0.08137991279363632 725
1724522332763 0.08442414551973343 726
1724522334134 0.07894671708345413 727
1724522335499 0.08521920442581177 728
1724522336867 0.07342472672462463 729
1724522338238 0.09257997572422028 730
1724522339603 0.07511825859546661 731
1724522340978 0.07436195015907288 732
1724522342344 0.07526878267526627 733
1724522343711 0.06342637538909912 734
1724522345089 0.07235413789749146 735
1724522346449 0.10167811810970306 736
1724522347824 0.08410809934139252 737
1724522349189 0.07808132469654083 738
1724522350558 0.08394820243120193 739
1724522351925 0.07455907762050629 740
1724522353794 0.07803337275981903 741
1724522355079 0.06478258967399597 742
1724522356434 0.07184039056301117 743
1724522357827 0.10096992552280426 744
1724522359202 0.10083892941474915 745
1724522360572 0.07323049008846283 746
1724522361942 0.08851563930511475 747
1724522363299 0.07931629568338394 748
1724522364662 0.07243753969669342 749
1724522366031 0.07741659879684448 750
1724522367416 0.08344254642724991 751
1724522368801 0.06537293642759323 752
1724522370182 0.06780293583869934 753
1724522371562 0.08591914921998978 754
1724522372932 0.0858411192893982 755
1724522374292 0.0641586184501648 756
1724522375651 0.07955848425626755 757
1724522377005 0.10174290090799332 758
1724522378364 0.0902426466345787 759
1724522379731 0.06794524192810059 760
1724522381093 0.07382857799530029 761
1724522382457 0.09603923559188843 762
1724522383813 0.10540364682674408 763
1724522385173 0.07561291009187698 764
1724522386541 0.09953520447015762 765
1724522387890 0.08862338215112686 766
1724522389248 0.10450313240289688 767
1724522390600 0.08585924655199051 768
1724522391958 0.06591682136058807 769
1724522393320 0.07555987685918808 770
1724522394683 0.08376522362232208 771
1724522396045 0.07885824143886566 772
1724522397401 0.08621121197938919 773
1724522398761 0.10032065957784653 774
1724522400115 0.09026192128658295 775
1724522401472 0.08394700288772583 776
1724522402836 0.08000791817903519 777
1724522404187 0.07533314824104309 778
1724522405536 0.08824306726455688 779
1724522406894 0.07671935856342316 780
1724522408244 0.06454000622034073 781
1724522409604 0.07965752482414246 782
1724522410964 0.08604609966278076 783
1724522412314 0.07917939126491547 784
1724522413678 0.08960025757551193 785
1724522415028 0.07836556434631348 786
1724522416376 0.07424744963645935 787
1724522417727 0.08618785440921783 788
1724522419079 0.07199089974164963 789
1724522420430 0.08839388191699982 790
1724522421784 0.07509616762399673 791
1724522423136 0.07474378496408463 792
1724522424486 0.07984684407711029 793
1724522425844 0.07589343935251236 794
1724522427199 0.09276461601257324 795
1724522428553 0.1040860116481781 796
1724522429913 0.08741483092308044 797
1724522431266 0.10916491597890854 798
1724522432620 0.08152741193771362 799
1724522433974 0.07265407592058182 800
1724522435326 0.09757598489522934 801
1724522436667 0.08843011409044266 802
1724522438009 0.07360108941793442 803
1724522439358 0.08387323468923569 804
1724522440714 0.08452211320400238 805
1724522442070 0.08504774421453476 806
1724522443413 0.0648101344704628 807
1724522444756 0.06973373144865036 808
1724522446091 0.07477858662605286 809
1724522447437 0.07086213678121567 810
1724522448780 0.06689219921827316 811
1724522450125 0.13365596532821655 812
1724522451465 0.07979953289031982 813
1724522452806 0.08366486430168152 814
1724522454157 0.07067323476076126 815
1724522455503 0.09485980123281479 816
1724522456848 0.06504002958536148 817
1724522458199 0.11140025407075882 818
1724522459538 0.07476841658353806 819
1724522460878 0.08657296746969223 820
1724522462759 0.11044879257678986 821
1724522464003 0.10101082175970078 822
1724522465331 0.09574030339717865 823
1724522466710 0.07346861809492111 824
1724522468078 0.07122807949781418 825
1724522469428 0.08310146629810333 826
1724522470796 0.09119730442762375 827
1724522472138 0.078324094414711 828
1724522473479 0.08157847821712494 829
1724522474822 0.07978270202875137 830
1724522476167 0.06822063773870468 831
1724522477519 0.05927051603794098 832
1724522478857 0.09029263257980347 833
1724522480198 0.13432197272777557 834
1724522481543 0.0792655274271965 835
1724522482872 0.08310170471668243 836
1724522484200 0.07367623597383499 837
1724522485547 0.09315477311611176 838
1724522486888 0.0774727389216423 839
1724522488233 0.07927908003330231 840
1724522489584 0.07662004232406616 841
1724522490925 0.1016962081193924 842
1724522492257 0.09881572425365448 843
1724522493593 0.07747956365346909 844
1724522494938 0.07393966615200043 845
1724522496278 0.0718357041478157 846
1724522497615 0.07762353122234344 847
1724522498959 0.0778253972530365 848
1724522500339 0.07205259799957275 849
1724522501693 0.07293369621038437 850
1724522503040 0.07746972888708115 851
1724522504392 0.09068439900875092 852
1724522505790 0.08479199558496475 853
1724522507265 0.09231448918581009 854
1724522508740 0.08095427602529526 855
1724522510186 0.0763629823923111 856
1724522511577 0.0592193529009819 857
1724522512929 0.08225236088037491 858
1724522514261 0.09388326108455658 859
1724522515590 0.08397454023361206 860
1724522516927 0.0753161832690239 861
1724522518268 0.08778230845928192 862
1724522519607 0.10295826196670532 863
1724522520945 0.0781172588467598 864
1724522522294 0.10118106752634048 865
1724522523634 0.09302360564470291 866
1724522524975 0.0649234727025032 867
1724522526307 0.07123991847038269 868
1724522527645 0.06717240810394287 869
1724522528961 0.07510104775428772 870
1724522530339 0.07218555361032486 871
1724522531914 0.08774900436401367 872
1724522533534 0.08822634071111679 873
1724522534949 0.06732632964849472 874
1724522536290 0.0653596818447113 875
1724522537624 0.08474327623844147 876
1724522538954 0.08146443963050842 877
1724522540285 0.08489914238452911 878
1724522541620 0.06618679314851761 879
1724522542960 0.0736851841211319 880
1724522544291 0.06622008234262466 881
1724522545631 0.07892195135354996 882
1724522546974 0.058680400252342224 883
1724522548316 0.07864812016487122 884
1724522549657 0.08929039537906647 885
1724522550998 0.0792372077703476 886
1724522552332 0.09994310885667801 887
1724522553669 0.09004788100719452 888
1724522555001 0.07506908476352692 889
1724522556327 0.09169735014438629 890
1724522557659 0.06529012322425842 891
1724522558993 0.0810592919588089 892
1724522560329 0.0713558942079544 893
1724522561658 0.05728989094495773 894
1724522563015 0.09696387499570847 895
1724522564351 0.07619672268629074 896
1724522565678 0.0801628828048706 897
1724522567021 0.0855870395898819 898
1724522568352 0.09196953475475311 899
1724522569695 0.07029262185096741 900
1724522571588 0.0935649573802948 901
1724522572821 0.10323511064052582 902
1724522574123 0.06859412789344788 903
1724522575471 0.10363307595252991 904
1724522576845 0.08365291357040405 905
1724522578189 0.09365688264369965 906
1724522579528 0.08299225568771362 907
1724522580857 0.08259926736354828 908
1724522582197 0.08194773644208908 909
1724522583526 0.07873307913541794 910
1724522584855 0.0938086211681366 911
1724522586179 0.0857609435915947 912
1724522587507 0.09356896579265594 913
1724522588848 0.08285952359437943 914
1724522590191 0.08874685317277908 915
1724522591532 0.07879450172185898 916
1724522592864 0.0693325474858284 917
1724522594192 0.07691758871078491 918
1724522595519 0.09583248943090439 919
1724522596858 0.08404496312141418 920
1724522598189 0.08858239650726318 921
1724522599520 0.09028741717338562 922
1724522600857 0.09188052266836166 923
1724522602198 0.08829860389232635 924
1724522603534 0.0809398666024208 925
1724522604859 0.0705903097987175 926
1724522606188 0.08866053819656372 927
1724522607520 0.12215445190668106 928
1724522608859 0.1139136329293251 929
1724522610194 0.09259947389364243 930
1724522611527 0.06732555478811264 931
1724522612865 0.08140008896589279 932
1724522614193 0.09271112084388733 933
1724522615517 0.09873829036951065 934
1724522616850 0.09242389351129532 935
1724522618183 0.10442044585943222 936
1724522619519 0.08370409905910492 937
1724522620851 0.08426906168460846 938
1724522622178 0.07370111346244812 939
1724522623522 0.08324882388114929 940
1724522624855 0.07194522768259048 941
1724522626196 0.07496976852416992 942
1724522627523 0.08050678670406342 943
1724522628918 0.07343146950006485 944
1724522630288 0.08174067735671997 945
1724522631642 0.07642610371112823 946
1724522632979 0.07376754283905029 947
1724522634306 0.10735481232404709 948
1724522635630 0.07035557180643082 949
1724522636958 0.0798121765255928 950
1724522638293 0.0740903690457344 951
1724522639631 0.07112891972064972 952
1724522640960 0.1035270094871521 953
1724522642297 0.07581990957260132 954
1724522643619 0.08033321797847748 955
1724522644960 0.0846782848238945 956
1724522646284 0.08729076385498047 957
1724522647608 0.0782429426908493 958
1724522648932 0.07839697599411011 959
1724522650265 0.09491479396820068 960
1724522651599 0.07602916657924652 961
1724522652936 0.10226288437843323 962
1724522654266 0.08022952079772949 963
1724522655597 0.09362591803073883 964
1724522656927 0.07209478318691254 965
1724522658260 0.06912747770547867 966
1724522659588 0.0868954062461853 967
1724522660916 0.08440577238798141 968
1724522662239 0.06690511852502823 969
1724522663568 0.08248627185821533 970
1724522664906 0.0805027112364769 971
1724522666234 0.08066584169864655 972
1724522667566 0.0843888521194458 973
1724522668899 0.09392835944890976 974
1724522670235 0.08728504180908203 975
1724522671559 0.1112971305847168 976
1724522672897 0.10264888405799866 977
1724522674224 0.07175718992948532 978
1724522675558 0.09533526003360748 979
1724522676893 0.08884553611278534 980
1724522678775 0.06410497426986694 981
1724522680004 0.0861368328332901 982
1724522681327 0.07798591256141663 983
1724522682682 0.08287892490625381 984
1724522684040 0.0822407528758049 985
1724522685390 0.08939719200134277 986
1724522686718 0.081617072224617 987
1724522688059 0.0711982324719429 988
1724522689380 0.08332833647727966 989
1724522690712 0.07499562203884125 990
1724522692041 0.09361996501684189 991
1724522693374 0.0823773443698883 992
1724522694705 0.09131703525781631 993
1724522696039 0.08091262727975845 994
1724522697375 0.08346709609031677 995
1724522698706 0.08338221907615662 996
1724522700044 0.09053164720535278 997
1724522701375 0.09525170922279358 998
1724522702697 0.0952276736497879 999
1724522704032 0.09064454585313797 1000
1724522705368 0.08274848759174347 1001
1724522706697 0.08345512300729752 1002
1724522708026 0.14860491454601288 1003
1724522709361 0.06502623856067657 1004
1724522710690 0.08432754129171371 1005
1724522712021 0.08747662603855133 1006
1724522713349 0.10744132101535797 1007
1724522714674 0.07496287673711777 1008
1724522716006 0.1033451035618782 1009
1724522717328 0.08850456774234772 1010
1724522718666 0.06481707096099854 1011
1724522719989 0.08599574863910675 1012
1724522721319 0.07655731588602066 1013
1724522722642 0.10002993792295456 1014
1724522723964 0.07964124530553818 1015
1724522725292 0.1254463493824005 1016
1724522726627 0.08842554688453674 1017
1724522727955 0.0851612538099289 1018
1724522729288 0.08074840903282166 1019
1724522730607 0.07453802227973938 1020
1724522731940 0.08420678228139877 1021
1724522733270 0.0865483507514 1022
1724522734606 0.0728730633854866 1023
1724522735925 0.09105519950389862 1024
1724522737245 0.08658753335475922 1025
1724522738567 0.0744214802980423 1026
1724522739897 0.08990250527858734 1027
1724522741222 0.05778757482767105 1028
1724522742555 0.08217375725507736 1029
1724522743887 0.0716940313577652 1030
1724522745212 0.07681337743997574 1031
1724522746533 0.08062756061553955 1032
1724522747856 0.09120459854602814 1033
1724522749183 0.07189570367336273 1034
1724522750504 0.07237985730171204 1035
1724522751827 0.07092223316431046 1036
1724522753153 0.08814504742622375 1037
1724522754484 0.07878410816192627 1038
1724522755799 0.08181541413068771 1039
1724522757126 0.08104290068149567 1040
1724522758457 0.08605710417032242 1041
1724522759788 0.07109640538692474 1042
1724522761114 0.09538814425468445 1043
1724522762436 0.09819494187831879 1044
1724522763766 0.07957292348146439 1045
1724522765091 0.07966794073581696 1046
1724522766414 0.08385824412107468 1047
1724522767748 0.08332246541976929 1048
1724522769075 0.08502556383609772 1049
1724522770396 0.06354758143424988 1050
1724522771729 0.056020915508270264 1051
1724522773066 0.08087541162967682 1052
1724522774384 0.07420201599597931 1053
1724522775705 0.0735350176692009 1054
1724522777032 0.07855390012264252 1055
1724522778358 0.08316285163164139 1056
1724522779695 0.06525054574012756 1057
1724522781015 0.0753815770149231 1058
1724522782338 0.10459288954734802 1059
1724522783664 0.09283037483692169 1060
1724522784983 0.11295336484909058 1061
1724522786312 0.06961090862751007 1062
1724522787651 0.07891935110092163 1063
1724522788985 0.05166766792535782 1064
1724522790317 0.06871078908443451 1065
1724522791648 0.07541759312152863 1066
1724522792981 0.08619672060012817 1067
1724522794308 0.06735390424728394 1068
1724522795633 0.07003775238990784 1069
1724522796955 0.0833963006734848 1070
1724522798282 0.0781727060675621 1071
1724522799603 0.07076791673898697 1072
1724522800931 0.07486778497695923 1073
1724522802258 0.07590366154909134 1074
1724522803582 0.09504388272762299 1075
1724522804922 0.08727806806564331 1076
1724522806243 0.10913369804620743 1077
1724522807566 0.08868277817964554 1078
1724522808893 0.09910755604505539 1079
1724522810226 0.06620907038450241 1080
1724522812139 0.10970893502235413 1081
1724522813358 0.08506469428539276 1082
1724522814655 0.0749315693974495 1083
1724522815996 0.08974738419055939 1084
1724522817350 0.08668899536132812 1085
1724522818697 0.08623239398002625 1086
1724522820028 0.0791395828127861 1087
1724522821352 0.09998302161693573 1088
1724522822682 0.08696578443050385 1089
1724522824008 0.08217649161815643 1090
1724522825341 0.07347074896097183 1091
1724522826658 0.10212990641593933 1092
1724522827977 0.10018205642700195 1093
1724522829296 0.10084952414035797 1094
1724522830623 0.10209961980581284 1095
1724522831959 0.08886516094207764 1096
1724522833285 0.10910660028457642 1097
1724522834612 0.08575651049613953 1098
1724522835936 0.07970529794692993 1099
1724522837260 0.07544844597578049 1100
1724522838583 0.07485224306583405 1101
1724522839908 0.06624225527048111 1102
1724522841233 0.08093930035829544 1103
1724522842555 0.07028030604124069 1104
1724522843884 0.10610583424568176 1105
1724522845209 0.06494177132844925 1106
1724522846533 0.06822878122329712 1107
1724522847855 0.07580774277448654 1108
1724522849189 0.09477546811103821 1109
1724522850515 0.09325617551803589 1110
1724522851849 0.08487135916948318 1111
1724522853171 0.07926160097122192 1112
1724522854494 0.08007305860519409 1113
1724522855821 0.11048510670661926 1114
1724522857157 0.07963095605373383 1115
1724522858480 0.08841659873723984 1116
1724522859805 0.07821981608867645 1117
1724522861131 0.0848517194390297 1118
1724522862460 0.08695051074028015 1119
1724522863787 0.07131556421518326 1120
1724522865115 0.07743492722511292 1121
1724522866440 0.07868418842554092 1122
1724522867765 0.08813764154911041 1123
1724522869090 0.0834217444062233 1124
1724522870415 0.06749942898750305 1125
1724522871737 0.06478174775838852 1126
1724522873061 0.08601349592208862 1127
1724522874389 0.07843894511461258 1128
1724522875713 0.07575056701898575 1129
1724522877042 0.07053544372320175 1130
1724522878371 0.0686497837305069 1131
1724522879698 0.08598729223012924 1132
1724522881030 0.08097072690725327 1133
1724522882349 0.0820045992732048 1134
1724522883671 0.0814991295337677 1135
1724522885002 0.07875273376703262 1136
1724522886345 0.07717940211296082 1137
1724522887665 0.12912046909332275 1138
1724522888987 0.0783446878194809 1139
1724522890310 0.09661714732646942 1140
1724522891637 0.07753453403711319 1141
1724522892978 0.08916639536619186 1142
1724522894309 0.07717710733413696 1143
1724522895634 0.05656147375702858 1144
1724522896959 0.07549893856048584 1145
1724522898286 0.10099045187234879 1146
1724522899608 0.06560379266738892 1147
1724522900937 0.08576561510562897 1148
1724522902262 0.07554874569177628 1149
1724522903590 0.08096328377723694 1150
1724522904908 0.08896111696958542 1151
1724522906232 0.08718524873256683 1152
1724522907566 0.0741100087761879 1153
1724522908889 0.08130939304828644 1154
1724522910211 0.07098405808210373 1155
1724522911539 0.08076006174087524 1156
1724522912866 0.1347365379333496 1157
1724522914190 0.08474627137184143 1158
1724522915525 0.07869067788124084 1159
1724522916848 0.08534520119428635 1160
1724522918756 0.09124314785003662 1161
1724522919973 0.08034789562225342 1162
1724522921272 0.06383853405714035 1163
1724522922618 0.07736863195896149 1164
1724522923970 0.06534018367528915 1165
1724522925303 0.08005508035421371 1166
1724522926628 0.08743946254253387 1167
1724522927955 0.06125994399189949 1168
1724522929285 0.08467626571655273 1169
1724522930607 0.08301745355129242 1170
1724522931936 0.07721046358346939 1171
1724522933264 0.0682075172662735 1172
1724522934590 0.07775651663541794 1173
1724522935912 0.08285701274871826 1174
1724522937241 0.08233606070280075 1175
1724522938581 0.08634527027606964 1176
1724522939905 0.07574210315942764 1177
1724522941225 0.07036398351192474 1178
1724522942560 0.093836210668087 1179
1724522943887 0.08152303844690323 1180
1724522945211 0.10216265916824341 1181
1724522946533 0.07801411300897598 1182
1724522947864 0.08998477458953857 1183
1724522949184 0.07676326483488083 1184
1724522950506 0.08718936145305634 1185
1724522951828 0.0822899267077446 1186
1724522953172 0.07714390009641647 1187
1724522954493 0.12445692718029022 1188
1724522955819 0.08971090614795685 1189
1724522957145 0.0829068273305893 1190
1724522958477 0.0907515212893486 1191
1724522959798 0.08538032323122025 1192
1724522961120 0.08966775238513947 1193
1724522962442 0.0710633248090744 1194
1724522963771 0.07907245308160782 1195
1724522965109 0.09236182272434235 1196
1724522966428 0.07914137840270996 1197
1724522967761 0.08817248046398163 1198
1724522969102 0.09357549995183945 1199
1724522970431 0.11835063993930817 1200
1724522971755 0.06384777277708054 1201
1724522973090 0.08542004227638245 1202
1724522974413 0.09416886419057846 1203
1724522975732 0.09154721349477768 1204
1724522977059 0.06566622853279114 1205
1724522978383 0.09221115708351135 1206
1724522979703 0.07787016779184341 1207
1724522981026 0.08440309762954712 1208
1724522982354 0.07353723794221878 1209
1724522983680 0.0664665699005127 1210
1724522985021 0.06639036536216736 1211
1724522986344 0.08684904873371124 1212
1724522987657 0.07564446330070496 1213
1724522988989 0.08944366127252579 1214
1724522990309 0.0849170833826065 1215
1724522991630 0.08159814029932022 1216
1724522992955 0.0747390016913414 1217
1724522994285 0.07592267543077469 1218
1724522995608 0.07776161283254623 1219
1724522996939 0.09563961625099182 1220
1724522998259 0.09725537896156311 1221
1724522999588 0.09797387570142746 1222
1724523000910 0.08512692898511887 1223
1724523002234 0.08411803096532822 1224
1724523003561 0.0794917568564415 1225
1724523004879 0.07443727552890778 1226
1724523006197 0.08514391630887985 1227
1724523007524 0.07492449134588242 1228
1724523008857 0.08654898405075073 1229
1724523010187 0.0825425460934639 1230
1724523011516 0.08289090543985367 1231
1724523012848 0.0708109512925148 1232
1724523014166 0.08346787095069885 1233
1724523015539 0.08116182684898376 1234
1724523016904 0.09129800647497177 1235
1724523018243 0.07653701305389404 1236
1724523019571 0.08191336691379547 1237
1724523020890 0.07995224744081497 1238
1724523022210 0.0895080715417862 1239
1724523023537 0.09083300083875656 1240
1724523025537 0.09531551599502563 1241
1724523026760 0.09237968921661377 1242
1724523028044 0.08500821888446808 1243
1724523029376 0.09420628100633621 1244
1724523030722 0.07565455883741379 1245
1724523032075 0.09791694581508636 1246
1724523033415 0.07834036648273468 1247
1724523034736 0.07889898866415024 1248
1724523036061 0.07388333976268768 1249
1724523037388 0.08299621939659119 1250
1724523038713 0.07352527230978012 1251
1724523040032 0.08946327865123749 1252
1724523041353 0.08617983013391495 1253
1724523042684 0.06027061492204666 1254
1724523044013 0.08367373049259186 1255
1724523045338 0.09355564415454865 1256
1724523046663 0.10121896862983704 1257
1724523047989 0.07485758513212204 1258
1724523049317 0.08641986548900604 1259
1724523050646 0.08263088017702103 1260
1724523051970 0.08469028770923615 1261
1724523053294 0.07843644171953201 1262
1724523054619 0.0703093484044075 1263
1724523055946 0.06595772504806519 1264
1724523057270 0.0828855112195015 1265
1724523058597 0.08568006008863449 1266
1724523059927 0.06999227404594421 1267
1724523061256 0.1088508740067482 1268
1724523062581 0.08257302641868591 1269
1724523063907 0.07955814152956009 1270
1724523065239 0.0785016417503357 1271
1724523066559 0.09079419821500778 1272
1724523067886 0.09862817823886871 1273
1724523069212 0.08696337044239044 1274
1724523070540 0.12004050612449646 1275
1724523071872 0.07533757388591766 1276
1724523073199 0.06930001825094223 1277
1724523074530 0.07714218646287918 1278
1724523075860 0.07559867203235626 1279
1724523077188 0.09648158401250839 1280
1724523078514 0.07649846374988556 1281
1724523079851 0.11559486389160156 1282
1724523081164 0.07305735349655151 1283
1724523082485 0.06505118310451508 1284
1724523083812 0.08766971528530121 1285
1724523085141 0.08716282248497009 1286
1724523086465 0.07208147644996643 1287
1724523087813 0.07456759363412857 1288
1724523089152 0.09407384693622589 1289
1724523090490 0.07434942573308945 1290
1724523091815 0.09279821813106537 1291
1724523093141 0.08084254711866379 1292
1724523094462 0.07371804863214493 1293
1724523095793 0.08364777266979218 1294
1724523097145 0.0849662497639656 1295
1724523098479 0.08119663596153259 1296
1724523099809 0.07546442747116089 1297
1724523101134 0.09304603934288025 1298
1724523102462 0.0901627168059349 1299
1724523103799 0.1002536192536354 1300
1724523105127 0.08409401774406433 1301
1724523106460 0.0707356184720993 1302
1724523107785 0.0789358913898468 1303
1724523109106 0.0840395912528038 1304
1724523110439 0.07714198529720306 1305
1724523111758 0.07549751549959183 1306
1724523113093 0.0712379515171051 1307
1724523114430 0.08379606902599335 1308
1724523115754 0.07639653235673904 1309
1724523117082 0.06876461952924728 1310
1724523118413 0.07482340931892395 1311
1724523119737 0.07702279090881348 1312
1724523121068 0.07320879399776459 1313
1724523122397 0.07596362382173538 1314
1724523123719 0.07132475078105927 1315
1724523125050 0.1026993915438652 1316
1724523126377 0.07346686720848083 1317
1724523127705 0.08014946430921555 1318
1724523129036 0.08249393105506897 1319
1724523130371 0.09195047616958618 1320
1724523132312 0.08691130578517914 1321
1724523133528 0.07566381990909576 1322
1724523134814 0.08144169300794601 1323
1724523136152 0.08600232005119324 1324
1724523137487 0.07938024401664734 1325
1724523138826 0.08486104011535645 1326
1724523140168 0.08283987641334534 1327
1724523141489 0.08754359930753708 1328
1724523142814 0.06560356169939041 1329
1724523144139 0.07923856377601624 1330
1724523145464 0.08682634681463242 1331
1724523146814 0.07109130173921585 1332
1724523148169 0.06812936067581177 1333
1724523149505 0.06579454988241196 1334
1724523150845 0.07611346244812012 1335
1724523152169 0.06752940267324448 1336
1724523153498 0.08638455718755722 1337
1724523154826 0.08275723457336426 1338
1724523156155 0.08090013265609741 1339
1724523157479 0.08602134883403778 1340
1724523158810 0.07582513242959976 1341
1724523160133 0.07311493158340454 1342
1724523161463 0.07667895406484604 1343
1724523162802 0.07914996147155762 1344
1724523164129 0.09822345525026321 1345
1724523165456 0.06878556311130524 1346
1724523166784 0.08395927399396896 1347
1724523168117 0.08143066614866257 1348
1724523169444 0.06859859824180603 1349
1724523170769 0.0782008096575737 1350
1724523172096 0.07229168713092804 1351
1724523173420 0.07266218960285187 1352
1724523174751 0.0660405233502388 1353
1724523176078 0.09311345219612122 1354
1724523177415 0.07886836677789688 1355
1724523178744 0.08709355443716049 1356
1724523180071 0.07172052562236786 1357
1724523181397 0.07986445724964142 1358
1724523182723 0.08246838301420212 1359
1724523184054 0.09533511102199554 1360
1724523185380 0.06856688857078552 1361
1724523186711 0.08366495370864868 1362
1724523188036 0.08554861694574356 1363
1724523189364 0.08038672059774399 1364
1724523190700 0.08638720214366913 1365
1724523192034 0.07702643424272537 1366
1724523193371 0.08515873551368713 1367
1724523194700 0.10522804409265518 1368
1724523196039 0.08302440494298935 1369
1724523197365 0.08292212337255478 1370
1724523198693 0.0701063722372055 1371
1724523200023 0.07242070883512497 1372
1724523201353 0.07078801840543747 1373
1724523202681 0.0825241282582283 1374
1724523204009 0.07181254029273987 1375
1724523205344 0.06755740195512772 1376
1724523206676 0.10648716986179352 1377
1724523208014 0.0815027505159378 1378
1724523209352 0.0975111871957779 1379
1724523210673 0.08378267288208008 1380
1724523211998 0.08021136373281479 1381
1724523213321 0.06715241074562073 1382
1724523214648 0.10231368243694305 1383
1724523215975 0.08057089895009995 1384
1724523217304 0.07410769164562225 1385
1724523218632 0.08085668087005615 1386
1724523219966 0.08904051780700684 1387
1724523221294 0.08157286047935486 1388
1724523222627 0.07189773768186569 1389
1724523223963 0.13996492326259613 1390
1724523225291 0.08262793719768524 1391
1724523226628 0.0949055626988411 1392
1724523227951 0.08942171931266785 1393
1724523229279 0.07864433526992798 1394
1724523230608 0.08029531687498093 1395
1724523231937 0.07973445951938629 1396
1724523233273 0.09311139583587646 1397
1724523234599 0.08527594804763794 1398
1724523235934 0.0702887549996376 1399
1724523237266 0.08942901343107224 1400
1724523239228 0.07955139130353928 1401
1724523240443 0.06900116056203842 1402
1724523241727 0.08972164988517761 1403
1724523243052 0.09174752235412598 1404
1724523244401 0.07258880138397217 1405
1724523245740 0.0855288952589035 1406
1724523247079 0.08309103548526764 1407
1724523248406 0.06649212539196014 1408
1724523249731 0.07889323681592941 1409
1724523251057 0.07651065289974213 1410
1724523252399 0.07994319498538971 1411
1724523253747 0.06731611490249634 1412
1724523255076 0.07757017016410828 1413
1724523256403 0.06864364445209503 1414
1724523257726 0.0859917625784874 1415
1724523259048 0.08224844932556152 1416
1724523260374 0.0877131000161171 1417
1724523261703 0.06145927682518959 1418
1724523263025 0.07994045317173004 1419
1724523264355 0.06581268459558487 1420
1724523265685 0.08526702225208282 1421
1724523267018 0.10230333358049393 1422
1724523268363 0.07884547114372253 1423
1724523269696 0.09127315878868103 1424
1724523271035 0.10823149979114532 1425
1724523272363 0.08152434229850769 1426
1724523273702 0.07224075496196747 1427
1724523275023 0.11425122618675232 1428
1724523276351 0.08905252814292908 1429
1724523277674 0.08954665809869766 1430
1724523278995 0.07050853222608566 1431
1724523280327 0.08008694648742676 1432
1724523281659 0.07923702150583267 1433
1724523283000 0.08247432112693787 1434
1724523284336 0.07109100371599197 1435
1724523285666 0.0749133825302124 1436
1724523286993 0.08792765438556671 1437
1724523288320 0.0871935561299324 1438
1724523289645 0.07964327931404114 1439
1724523290974 0.07422590255737305 1440
1724523292305 0.06498442590236664 1441
1724523293630 0.08037886023521423 1442
1724523294957 0.08851348608732224 1443
1724523296293 0.08015811443328857 1444
1724523297618 0.07503212988376617 1445
1724523298942 0.09326872229576111 1446
1724523300274 0.09319394081830978 1447
1724523301605 0.13203164935112 1448
1724523302939 0.09487168490886688 1449
1724523304259 0.10244239121675491 1450
1724523305589 0.08346457779407501 1451
1724523306920 0.06320808082818985 1452
1724523308243 0.0805552527308464 1453
1724523309570 0.10008540749549866 1454
1724523310905 0.08491498231887817 1455
1724523312238 0.07564426213502884 1456
1724523313564 0.08304888010025024 1457
1724523314893 0.07463539391756058 1458
1724523316226 0.0896252915263176 1459
1724523317549 0.1260671615600586 1460
1724523318875 0.08948740363121033 1461
1724523320202 0.05495654046535492 1462
1724523321528 0.0889396220445633 1463
1724523322852 0.07824599742889404 1464
1724523324174 0.07137046754360199 1465
1724523325506 0.07768967002630234 1466
1724523326828 0.09746010601520538 1467
1724523328158 0.08095354586839676 1468
1724523329498 0.08503906428813934 1469
1724523330835 0.08331609517335892 1470
1724523332175 0.0747954472899437 1471
1724523333505 0.08679698407649994 1472
1724523334836 0.08296459168195724 1473
1724523336165 0.09373363852500916 1474
1724523337499 0.08020355552434921 1475
1724523338829 0.11778467893600464 1476
1724523340153 0.08978599309921265 1477
1724523341474 0.07583687454462051 1478
1724523342816 0.08707472681999207 1479
1724523344137 0.08018208295106888 1480
1724523346103 0.07886777073144913 1481
1724523347311 0.08162211626768112 1482
1724523348586 0.07317423075437546 1483
1724523349916 0.061971232295036316 1484
1724523351262 0.09460656344890594 1485
1724523352606 0.08080357313156128 1486
1724523353933 0.08031702786684036 1487
1724523355262 0.0855865329504013 1488
1724523356605 0.064810611307621 1489
1724523357939 0.09332983195781708 1490
1724523359273 0.07365622371435165 1491
1724523360595 0.08429090678691864 1492
1724523361924 0.07090647518634796 1493
1724523363249 0.09479868412017822 1494
1724523364577 0.08554735779762268 1495
1724523365899 0.08233693242073059 1496
1724523367223 0.08530442416667938 1497
1724523368547 0.08093059062957764 1498
1724523369880 0.08882936090230942 1499
