1724521382745 0.09822743850541704 80
1724521490630 0.08578784968703985 160
1724521604111 0.08479229160584509 240
1724521727297 0.08646210003644228 320
1724521852650 0.08603847017511726 400
1724521980332 0.08413319271057844 480
1724522127540 0.08292645927518606 580
1724522241613 0.08477513333782553 660
1724522352596 0.08266670173034071 740
1724522461598 0.0828240162692964 820
1724522570422 0.08124038418754935 900
1724522677617 0.08551970701664686 980
1724522810980 0.08278318785130978 1080
1724522917576 0.08399027385748922 1160
1724523024376 0.08286131373606623 1240
1724523131135 0.08267579656094312 1320
1724523238063 0.08147862004116177 1400
1724523344943 0.08365430873818695 1480
