1725355818059 0.022900223541026263 4633
1725366591725 0.02214749716845446 9266
1725377273480 0.021465933150592722 13899
1725387868412 0.0208654638720339 18532
1725398499241 0.020300622047893034 23165
1725409021509 0.01989113185804007 27798
1725419527148 0.019467382736225867 32431
1725430022494 0.019079682209761965 37064
1725440688834 0.018728573637124584 41697
1725451406735 0.01837184515711545 46330
1725462198788 0.018053070942175946 50963
1725472840339 0.01775963447454126 55596
1725483463838 0.01744130382685406 60229
1725493999697 0.017150975173001938 64862
1725504457373 0.016915800531342312 69495
