1725346109491 0.0233468257843755 300
1725346768273 0.022838916427766285 600
1725347416548 0.023136105798184873 900
1725348087132 0.0231199864204973 1200
1725348758908 0.023134323119496307 1500
1725349429720 0.02299664754420519 1800
1725350105133 0.02320061987886826 2100
1725350776325 0.022867472500850757 2400
1725351451363 0.022896668640896678 2700
1725352128104 0.02279395414205889 3000
1725352801247 0.023172137768318255 3300
1725353476773 0.022586296039323012 3600
1725354155563 0.022479425588001808 3900
1725354821709 0.022312341146171092 4200
1725355516048 0.022648013460760317 4500
1725356484920 0.022463662977874554 4933
1725357163425 0.02235437507741153 5233
1725357854078 0.02241462086016933 5533
1725358550246 0.022737431324397525 5833
1725359249258 0.022381263207644223 6133
1725359955807 0.02221578182031711 6433
1725360661022 0.021916487319394946 6733
1725361368991 0.021794563895091414 7033
1725362065059 0.021885514079282683 7333
1725362757601 0.021852064368625482 7633
1725363451198 0.022080666553229093 7933
1725364162602 0.022283035963773727 8233
1725364866249 0.0218598160178711 8533
1725365573386 0.021950497686242063 8833
1725366280501 0.02211041403003037 9133
1725367265826 0.021950458912028313 9566
1725367930462 0.02186380490971108 9866
1725368595725 0.021663054681072633 10166
1725369279235 0.021404002687583367 10466
1725369971721 0.021708393317336837 10766
1725370671289 0.021648464476068816 11066
1725371376422 0.021416699690744282 11366
1725372081383 0.021535739758983253 11666
1725372785434 0.021695125587284564 11966
1725373490998 0.02118124250943462 12266
1725374177933 0.02165106282569468 12566
1725374852347 0.021427119538808864 12866
1725375557288 0.021166355308766167 13166
1725376261938 0.02113957503500084 13466
1725376964470 0.020968775944784284 13766
1725377943835 0.020976699200430864 14199
1725378604593 0.0210226522727559 14499
1725379272250 0.020773265743628144 14799
1725379956403 0.0210124267047892 15099
1725380645570 0.020882941717281937 15399
1725381342209 0.021109123552838963 15699
1725382044991 0.021291085251917443 15999
1725382746235 0.020751252543802064 16299
1725383435139 0.021320345016817253 16599
1725384109299 0.0208239971815298 16899
1725384796623 0.020551742843041818 17199
1725385495693 0.02079371143442889 17499
1725386175002 0.020808572784687084 17799
1725386876167 0.020721318845947582 18099
1725387576927 0.020475394806514183 18399
1725388536707 0.02016335301204449 18832
1725389209919 0.0203440274267147 19132
1725389886129 0.02020760715007782 19432
1725390568545 0.020577505823845665 19732
1725391258803 0.020309003725027044 20032
1725391953863 0.02032071421233316 20332
1725392642325 0.020407358510419728 20632
1725393340442 0.02012337206862867 20932
1725394035178 0.0200239044893533 21232
1725394730815 0.020257071539138752 21532
1725395416718 0.020109617958466212 21832
1725396115979 0.020406628623604775 22132
1725396814660 0.02044938869463901 22432
1725397498606 0.020263247303664685 22732
1725398194792 0.020180918015539645 23032
1725399161962 0.02053394300893259 23465
1725399812303 0.019896967140957712 23765
1725400481496 0.01972572007837395 24065
1725401156228 0.019901466102649767 24365
1725401841890 0.020009628888219597 24665
1725402532031 0.020050506809105476 24965
1725403222246 0.020062312753871082 25265
1725403915955 0.019740782364582023 25565
1725404610572 0.019958621645346283 25865
1725405301446 0.019840721664950253 26165
1725405991912 0.019724349674458304 26465
1725406665475 0.019667503427093228 26765
1725407349564 0.01981507882475853 27065
1725408036258 0.01988531741313636 27365
1725408721249 0.019636472947895528 27665
1725409692417 0.019652016891067627 28098
1725410359001 0.01990851485170424 28398
1725411033861 0.019412937782083948 28698
1725411705874 0.01974766201650103 28998
1725412383265 0.019418182941153647 29298
1725413066400 0.01940499384266635 29598
1725413749436 0.019784993284071486 29898
1725414432785 0.019563178506990273 30198
1725415113826 0.01934845890228947 30498
1725415800182 0.019524384851877886 30798
1725416482499 0.019247581136102476 31098
1725417166512 0.019256866117939354 31398
1725417850518 0.019463763379802306 31698
1725418536515 0.019415631213535865 31998
1725419226862 0.019150344394147395 32298
1725420186290 0.01918120258950196 32731
1725420844118 0.019046446879704793 33031
1725421508144 0.019223718276868265 33331
1725422178880 0.01920486954351266 33631
1725422856849 0.019086144420628746 33931
1725423540351 0.01909591062925756 34231
1725424227525 0.019032630175352096 34531
1725424914530 0.019237273732821147 34831
1725425602675 0.019051496436198554 35131
1725426286691 0.019188766712322832 35431
1725426972911 0.01871328483025233 35731
1725427659346 0.01880610746021072 36031
1725428346906 0.019176875768850247 36331
1725429034331 0.019049806632101537 36631
1725429721184 0.01922819753487905 36931
1725430711430 0.01872505361803616 37364
1725431403542 0.019027924248948693 37664
1725432094680 0.01890645089869698 37964
1725432764590 0.018548647770658136 38264
1725433461107 0.01891471590846777 38564
1725434159080 0.018832754005367557 38864
1725434857850 0.01850673582404852 39164
1725435534991 0.018979817846169075 39464
1725436226944 0.018866351386532188 39764
1725436918120 0.018541748070468506 40064
1725437615592 0.018962751841172576 40364
1725438313514 0.018825606384004157 40664
1725439006201 0.018457449031993745 40964
1725439685720 0.01861897325453659 41264
1725440383146 0.018525070616354545 41564
1725441361740 0.018533769272285026 41997
1725442036603 0.01825237370406588 42297
1725442718177 0.018532123152787485 42597
1725443406336 0.018792846901342274 42897
1725444105395 0.018556976576025286 43197
1725444805931 0.018469222749893863 43497
1725445496088 0.01824583991120259 43797
1725446198344 0.018628514697775246 44097
1725446897872 0.018425048859789968 44397
1725447600311 0.01812697872519493 44697
1725448300112 0.018335467378298442 44997
1725449001156 0.01821078576768438 45297
1725449688920 0.017936430474122366 45597
1725450394225 0.01832505699247122 45897
1725451095290 0.018057842884833614 46197
1725452084252 0.01811770842072939 46630
1725452747109 0.01821450134118398 46930
1725453447280 0.0181732030150791 47230
1725454148767 0.018123504056905708 47530
1725454855517 0.017972004028658072 47830
1725455558421 0.01814651589219769 48130
1725456263164 0.018104014784718552 48430
1725456967780 0.01801589417892198 48730
1725457667531 0.01805328281596303 49030
1725458370722 0.017953468520815172 49330
1725459074700 0.017993756989017128 49630
1725459778592 0.018279822431504725 49930
1725460482081 0.01781604355511566 50230
1725461186814 0.01812366013104717 50530
1725461889721 0.017968464214354753 50830
1725462863826 0.017815080017505286 51263
1725463528893 0.017985847663755217 51563
1725464213819 0.017595864372948807 51863
1725464902773 0.01796632759893934 52163
1725465585680 0.01772530928875009 52463
1725466284561 0.017722359932959078 52763
1725466985044 0.017847759891301395 53063
1725467665685 0.018184294439852238 53363
1725468364546 0.0176967606600374 53663
1725469062485 0.01766629528875152 53963
1725469766831 0.017989394506439566 54263
1725470452906 0.017352413792784016 54563
1725471153107 0.017565486844008167 54863
1725471851328 0.017578873233869672 55163
1725472534527 0.01774381302917997 55463
1725473507725 0.017524744930309318 55896
1725474184891 0.01757030127570033 56196
1725474865133 0.017434116937220096 56496
1725475550794 0.017695378701513012 56796
1725476241222 0.017639529375980297 57096
1725476933008 0.0175466262580206 57396
1725477630751 0.017252187794074416 57696
1725478328414 0.01754402686841786 57996
1725479003256 0.017501888256520035 58296
1725479702566 0.017366692290330926 58596
1725480399009 0.017513503848264615 58896
1725481085133 0.017045186907052992 59196
1725481779186 0.0174851391899089 59496
1725482478486 0.017269175726299484 59796
1725483160467 0.01724118280845384 60096
1725484135307 0.017172610367848333 60529
1725484816287 0.017369124175359806 60829
1725485498369 0.01734535684188207 61129
1725486164611 0.017429747404530644 61429
1725486841134 0.017115179877728225 61729
1725487537638 0.017264551039164265 62029
1725488229042 0.016939999172464013 62329
1725488907357 0.016826327480375766 62629
1725489582436 0.017191539217407504 62929
1725490269985 0.017264769490187366 63229
1725490957425 0.017077692647775013 63529
1725491644597 0.017125052784880003 63829
1725492332920 0.017148181786760686 64129
1725493016370 0.017053647447998324 64429
1725493699789 0.017017515537639458 64729
1725494658115 0.016909252024120188 65162
1725495317529 0.017187715511148175 65462
1725495982066 0.017006206465885042 65762
1725496649517 0.016903704969833296 66062
1725497322887 0.01713835938833654 66362
1725498010199 0.01668642446709176 66662
1725498692858 0.01695906987724205 66962
1725499376174 0.01703637033080061 67262
1725500063940 0.01681579329073429 67562
1725500747652 0.01700073225113253 67862
1725501430082 0.016862681057925027 68162
1725502108729 0.016692069262887042 68462
1725502793806 0.016756270779296756 68762
1725503474831 0.017070019595945875 69062
1725504157800 0.01696090819624563 69362
