1723895003004 0.23698997497558594 0
1723895023316 0.1617678850889206 1
1723895043595 0.19134429097175598 2
1723895064015 0.10518817603588104 3
1723895084196 0.1270613670349121 4
1723895104353 0.09645579010248184 5
1723895124849 0.10867921262979507 6
1723895145044 0.10092765837907791 7
1723895165093 0.09249269962310791 8
1723895185502 0.08525799959897995 9
1723895205684 0.07350736111402512 10
1723895225844 0.0864081010222435 11
1723895246028 0.08487765491008759 12
1723895266359 0.09476826339960098 13
1723895286592 0.09754744172096252 14
1723895306999 0.08560775965452194 15
1723895327024 0.08223304897546768 16
1723895347253 0.08583594858646393 17
1723895367524 0.10062747448682785 18
1723895387678 0.0906687006354332 19
1723895407967 0.11947628855705261 20
1723895428179 0.10077095031738281 21
1723895448186 0.07939855754375458 22
1723895468642 0.08647098392248154 23
1723895488803 0.09544369578361511 24
1723895509033 0.1297973245382309 25
1723895529489 0.08943775296211243 26
1723895549703 0.07738468796014786 27
1723895569774 0.09631691873073578 28
1723895590110 0.09487473964691162 29
1723895610216 0.08610149472951889 30
1723895630327 0.09590902924537659 31
1723895650647 0.09663508832454681 32
1723895671056 0.0920364037156105 33
1723895691239 0.09631522744894028 34
1723895711607 0.08974522352218628 35
1723895731786 0.10384255647659302 36
1723895752022 0.09419327974319458 37
1723895772236 0.11095861345529556 38
1723895792321 0.07894404977560043 39
1723895812464 0.08504626154899597 40
1723895832649 0.10478230565786362 41
1723895852786 0.10092252492904663 42
1723895872925 0.11903496086597443 43
1723895893112 0.09109441190958023 44
1723895913167 0.08615610748529434 45
1723895933417 0.08471926301717758 46
1723895953761 0.09857688844203949 47
1723895974070 0.1066829115152359 48
1723895994397 0.1042553260922432 49
1723896015006 0.08684241771697998 50
1723896035260 0.085200235247612 51
1723896055566 0.08945165574550629 52
1723896075802 0.08925105631351471 53
1723896096237 0.08490809798240662 54
1723896116699 0.10162411630153656 55
1723896136871 0.08696543425321579 56
1723896157249 0.09238272905349731 57
1723896177544 0.09931186586618423 58
1723896197599 0.10246411710977554 59
1723896217721 0.09410854429006577 60
1723896237855 0.09869366139173508 61
1723896257907 0.09929046779870987 62
1723896278082 0.07751606404781342 63
1723896298476 0.085105761885643 64
1723896318631 0.10145629197359085 65
1723896338803 0.09134762734174728 66
1723896359073 0.07589635998010635 67
1723896379345 0.09344135224819183 68
1723896399592 0.09085153788328171 69
1723896419819 0.10911436378955841 70
1723896440308 0.101160928606987 71
1723896460768 0.0878797098994255 72
1723896481147 0.09258586168289185 73
1723896501195 0.09196361899375916 74
1723896521538 0.0869629979133606 75
1723896541691 0.09585130959749222 76
1723896561745 0.09142357110977173 77
1723896582012 0.09111621975898743 78
1723896602260 0.0832124799489975 79
1723896622574 0.08461958914995193 80
1723896643024 0.08594430983066559 81
1723896663294 0.08865904062986374 82
1723896683443 0.07822957634925842 83
1723896703818 0.0922945961356163 84
1723896723943 0.10311911255121231 85
1723896743991 0.07603548467159271 86
1723896764387 0.08133983612060547 87
1723896784502 0.1042172983288765 88
1723896804786 0.09524570405483246 89
1723896825087 0.0880674496293068 90
1723896845488 0.07476752996444702 91
1723896865546 0.08712383359670639 92
1723896885690 0.09598089009523392 93
1723896905798 0.1153101697564125 94
1723896926070 0.10465723276138306 95
1723896946253 0.07646065950393677 96
1723896966359 0.0975702628493309 97
1723896986538 0.08047255128622055 98
1723897006848 0.11533905565738678 99
1723897026926 0.09459137916564941 100
1723897047307 0.07621664553880692 101
1723897067574 0.09772992134094238 102
1723897087727 0.09765473008155823 103
1723897107900 0.09880026429891586 104
1723897128037 0.087278351187706 105
1723897148407 0.10577702522277832 106
1723897168780 0.09251115471124649 107
1723897188979 0.08981215953826904 108
1723897209211 0.11034294962882996 109
1723897229409 0.09830449521541595 110
1723897249623 0.09544696658849716 111
1723897270019 0.09830378741025925 112
1723897290215 0.10081346333026886 113
1723897310875 0.10077771544456482 114
1723897331117 0.08576478064060211 115
1723897351382 0.1064177006483078 116
1723897371530 0.08983775973320007 117
1723897391679 0.09558417648077011 118
1723897411952 0.09127620607614517 119
1723897431951 0.08872206509113312 120
1723897452215 0.08275830745697021 121
1723897472350 0.09555351734161377 122
1723897492538 0.08407627046108246 123
1723897512783 0.09438080340623856 124
1723897533056 0.09772031754255295 125
1723897553297 0.08479316532611847 126
1723897573634 0.09783925116062164 127
1723897593780 0.09162988513708115 128
1723897613900 0.08465347439050674 129
1723897634208 0.0721348449587822 130
1723897654699 0.08446058630943298 131
1723897674802 0.10247638076543808 132
1723897695302 0.10519996285438538 133
1723897715359 0.10789854824542999 134
1723897735634 0.11040431261062622 135
1723897755992 0.08529596030712128 136
1723897776078 0.08860773593187332 137
1723897796457 0.0883357971906662 138
1723897816874 0.09510283172130585 139
1723897837156 0.09462447464466095 140
1723897857452 0.08845177292823792 141
1723897877765 0.11214784532785416 142
1723897898261 0.09943009167909622 143
1723897918617 0.09697387367486954 144
1723897938796 0.10118161141872406 145
1723897959086 0.08574753999710083 146
1723897979552 0.10127858817577362 147
1723897999869 0.11183091998100281 148
1723898020192 0.10421085357666016 149
1723898040603 0.08857373893260956 150
1723898060664 0.10115445405244827 151
1723898081077 0.1019199788570404 152
1723898101262 0.08104752749204636 153
1723898121652 0.0746493935585022 154
1723898141839 0.07774382084608078 155
1723898162244 0.08520562201738358 156
1723898182517 0.10328932106494904 157
1723898202780 0.09197364002466202 158
1723898222985 0.09111030399799347 159
1723898243143 0.09346909821033478 160
1723898263832 0.09266939014196396 161
1723898284021 0.11849966645240784 162
1723898304213 0.11101525276899338 163
1723898324573 0.07378436625003815 164
1723898345120 0.08617539703845978 165
1723898365795 0.0803583487868309 166
1723898386000 0.10505132377147675 167
1723898406048 0.08527085185050964 168
1723898426848 0.08618833869695663 169
1723898447055 0.08420448750257492 170
1723898467245 0.10665515065193176 171
1723898487675 0.10038657486438751 172
1723898507946 0.11387773603200912 173
1723898527918 0.09973900020122528 174
1723898548334 0.12835557758808136 175
1723898568478 0.09909133613109589 176
1723898588702 0.1115918830037117 177
1723898609037 0.08639413118362427 178
1723898629533 0.093815378844738 179
1723898649753 0.08959843963384628 180
1723898670047 0.08727326989173889 181
1723898690199 0.113934725522995 182
1723898710508 0.09884636849164963 183
1723898731176 0.10126134753227234 184
1723898751539 0.10028107464313507 185
1723898771819 0.09491244703531265 186
1723898791967 0.08489301055669785 187
1723898812211 0.0889691486954689 188
1723898832522 0.08938440680503845 189
1723898853045 0.09808480739593506 190
1723898873383 0.10208581387996674 191
1723898893508 0.09810732305049896 192
1723898913853 0.07966414093971252 193
1723898933951 0.0947931706905365 194
1723898954223 0.08692628890275955 195
1723898974905 0.09883613884449005 196
1723898994976 0.09168507903814316 197
1723899015381 0.09928974509239197 198
1723899035504 0.08652450144290924 199
1723899055679 0.0903005301952362 200
1723899075989 0.09218509495258331 201
1723899096200 0.08755958825349808 202
1723899116365 0.08962684869766235 203
1723899136774 0.10659022629261017 204
1723899156977 0.09295649826526642 205
1723899177452 0.08730504661798477 206
1723899197677 0.07163678854703903 207
1723899217880 0.08359424769878387 208
1723899238073 0.0791936069726944 209
1723899258263 0.08754203468561172 210
1723899278616 0.10503200441598892 211
1723899298807 0.09954986721277237 212
1723899319243 0.08909494429826736 213
1723899340144 0.09937331825494766 214
1723899361147 0.08973421901464462 215
1723899381742 0.10305113345384598 216
1723899402729 0.07376846671104431 217
1723899422941 0.09034956991672516 218
1723899443163 0.08625566959381104 219
1723899463523 0.0972599983215332 220
1723899483809 0.09422357380390167 221
1723899504000 0.0826302170753479 222
1723899524171 0.10944744944572449 223
1723899544479 0.09090099483728409 224
1723899564500 0.0813315361738205 225
1723899584791 0.09173300117254257 226
1723899605058 0.09186804294586182 227
1723899625143 0.09996195137500763 228
1723899645526 0.07619928568601608 229
1723899665963 0.08932527154684067 230
1723899686432 0.0859164148569107 231
1723899706821 0.08429230749607086 232
1723899726910 0.09294229745864868 233
1723899747035 0.08640129864215851 234
1723899767404 0.09785640239715576 235
1723899787610 0.09710344672203064 236
1723899807997 0.09697674959897995 237
1723899828308 0.10165384411811829 238
1723899848362 0.1123800128698349 239
1723899868352 0.08300799131393433 240
1723899888868 0.07884963601827621 241
1723899908979 0.07898423820734024 242
1723899929233 0.10544741153717041 243
1723899949717 0.09656992554664612 244
1723899969899 0.08400145918130875 245
1723899990083 0.08745566010475159 246
1723900010366 0.11002545058727264 247
1723900030654 0.10377205908298492 248
1723900051124 0.07981421798467636 249
1723900071537 0.07825282216072083 250
1723900091697 0.09979310631752014 251
1723900112001 0.07841995358467102 252
1723900132217 0.08392880856990814 253
1723900152694 0.07993132621049881 254
1723900172951 0.09287384152412415 255
1723900193137 0.09126430749893188 256
1723900213576 0.09089810401201248 257
1723900233801 0.1012861430644989 258
1723900254055 0.0998963713645935 259
1723900274605 0.10254128277301788 260
1723900295001 0.08975294977426529 261
1723900315137 0.0947643294930458 262
1723900335361 0.09083053469657898 263
1723900355688 0.07802177965641022 264
1723900375734 0.0899653434753418 265
1723900396087 0.08670619875192642 266
1723900416495 0.09457039833068848 267
1723900437044 0.09229500591754913 268
1723900457411 0.08318525552749634 269
1723900477825 0.1107143983244896 270
1723900497799 0.09733214974403381 271
1723900518044 0.07933694869279861 272
1723900538123 0.09882345050573349 273
1723900558407 0.09934693574905396 274
1723900578649 0.09606923162937164 275
1723900599159 0.08561235666275024 276
1723900619412 0.09145864844322205 277
1723900639652 0.0939483493566513 278
1723900659963 0.09560118615627289 279
1723900680281 0.10923751443624496 280
1723900700724 0.08537262678146362 281
1723900721409 0.09284437447786331 282
1723900741609 0.08481534570455551 283
1723900761850 0.08513016998767853 284
1723900781940 0.08481256663799286 285
1723900802328 0.09868893772363663 286
1723900822603 0.09736363589763641 287
1723900842859 0.09817671775817871 288
1723900863454 0.09582675993442535 289
1723900883849 0.09643065184354782 290
1723900904199 0.10742099583148956 291
1723900924473 0.10491631180047989 292
1723900944757 0.08014457672834396 293
1723900964973 0.10478629171848297 294
1723900985593 0.09954209625720978 295
1723901005876 0.09589291363954544 296
1723901026206 0.09690013527870178 297
1723901046512 0.10141635686159134 298
1723901066810 0.10250167548656464 299
1723901087057 0.07547872513532639 300
1723901107224 0.1003497987985611 301
1723901127452 0.09354183077812195 302
1723901147719 0.11065761744976044 303
1723901167861 0.10377474874258041 304
1723901188126 0.08764997124671936 305
1723901208634 0.09290313720703125 306
1723901228866 0.09226980805397034 307
1723901249170 0.08011180907487869 308
1723901269527 0.10372550785541534 309
1723901289924 0.09355729818344116 310
1723901310239 0.1125219389796257 311
1723901330594 0.09165050089359283 312
1723901350669 0.0910605639219284 313
1723901371089 0.10086452960968018 314
1723901391371 0.09279008209705353 315
1723901411592 0.0825045257806778 316
1723901431588 0.09304635226726532 317
1723901451856 0.09163567423820496 318
1723901472063 0.09333790838718414 319
1723901492164 0.09047677367925644 320
1723901512855 0.10192522406578064 321
1723901532998 0.08970191329717636 322
1723901553470 0.08043734729290009 323
1723901573849 0.0959988459944725 324
1723901594065 0.09731718897819519 325
1723901614241 0.08931812644004822 326
1723901634437 0.08705732226371765 327
1723901654601 0.09400443732738495 328
1723901674939 0.08289355039596558 329
1723901695077 0.1160089522600174 330
1723901715278 0.10654587298631668 331
1723901735664 0.09425602853298187 332
1723901755815 0.09734684228897095 333
1723901776058 0.10745266824960709 334
1723901796415 0.09787918627262115 335
1723901816503 0.08898380398750305 336
1723901836711 0.0942612737417221 337
1723901857058 0.11034589260816574 338
1723901877122 0.11111926287412643 339
1723901897708 0.08956832438707352 340
1723901918182 0.07764427363872528 341
1723901938134 0.09636220335960388 342
1723901958440 0.0937686413526535 343
1723901978655 0.10611496865749359 344
1723901998739 0.0989583358168602 345
1723902019052 0.1011352390050888 346
1723902039386 0.09070725739002228 347
1723902059842 0.08919477462768555 348
1723902080206 0.10058750957250595 349
1723902100424 0.08663294464349747 350
1723902120699 0.08506356179714203 351
1723902140893 0.09999887645244598 352
1723902160969 0.09238747507333755 353
1723902181315 0.08916808664798737 354
1723902201521 0.08850213885307312 355
1723902221763 0.10999014973640442 356
1723902241889 0.07755111902952194 357
1723902262207 0.08729308098554611 358
1723902282649 0.0867706835269928 359
1723902302719 0.07682020962238312 360
1723902322800 0.07900841534137726 361
1723902342851 0.12746939063072205 362
1723902363098 0.08772779256105423 363
1723902383334 0.08233853429555893 364
1723902403387 0.0926087275147438 365
1723902423675 0.08632628619670868 366
1723902444034 0.08093223720788956 367
1723902464276 0.08822624385356903 368
1723902484622 0.10347659140825272 369
1723902504904 0.08466172218322754 370
1723902525243 0.10631304979324341 371
1723902545694 0.08811277151107788 372
1723902566026 0.07980763912200928 373
1723902586350 0.08538851141929626 374
1723902606426 0.09839652478694916 375
1723902626873 0.09334243088960648 376
1723902647067 0.09828311204910278 377
1723902667443 0.07559806853532791 378
1723902687512 0.11326373368501663 379
1723902707716 0.08995632827281952 380
1723902728029 0.09401784092187881 381
1723902748235 0.09087251871824265 382
1723902768249 0.08972388505935669 383
1723902788690 0.08366552740335464 384
1723902808931 0.08071684837341309 385
1723902828992 0.09270857274532318 386
1723902849209 0.10594123601913452 387
1723902869329 0.08574081212282181 388
1723902889651 0.1123887449502945 389
1723902910032 0.08319870382547379 390
1723902930187 0.10216619819402695 391
1723902950426 0.09296983480453491 392
1723902970852 0.09691014885902405 393
1723902990910 0.0888248160481453 394
1723903011134 0.09815557301044464 395
1723903031651 0.09483370184898376 396
1723903051994 0.09454824030399323 397
1723903072324 0.09798552840948105 398
1723903092576 0.07849985361099243 399
1723903112673 0.07760525494813919 400
1723903133315 0.09539835900068283 401
1723903153808 0.09371727705001831 402
1723903173913 0.10305514186620712 403
1723903194115 0.09981222450733185 404
1723903214455 0.10529671609401703 405
1723903234533 0.08523029088973999 406
1723903254671 0.07938738167285919 407
1723903274854 0.09850742667913437 408
1723903294955 0.09687229990959167 409
1723903315216 0.09822027385234833 410
1723903335451 0.08620057255029678 411
1723903355924 0.09315039217472076 412
1723903376160 0.08905842155218124 413
1723903396498 0.10171803086996078 414
1723903417023 0.1145760715007782 415
1723903437287 0.0896424725651741 416
1723903457654 0.09793798625469208 417
1723903477861 0.09104029834270477 418
1723903498200 0.08830349892377853 419
1723903518353 0.09098154306411743 420
1723903538863 0.0935371145606041 421
1723903559131 0.10020158439874649 422
1723903579368 0.09556464105844498 423
1723903599623 0.10680094361305237 424
1723903619781 0.09267304837703705 425
1723903639944 0.09207070618867874 426
1723903660459 0.09447164833545685 427
1723903680664 0.07874805480241776 428
1723903700716 0.11418616771697998 429
1723903720980 0.08931482583284378 430
1723903741284 0.10131537914276123 431
1723903761375 0.08582582324743271 432
1723903781646 0.07836329936981201 433
1723903801847 0.07824142277240753 434
1723903822064 0.11277652531862259 435
1723903842529 0.09732868522405624 436
1723903863042 0.09109775722026825 437
1723903883230 0.08742420375347137 438
1723903903390 0.1043698638677597 439
1723903923590 0.10657384246587753 440
1723903943786 0.07378333806991577 441
1723903963997 0.10415837168693542 442
1723903984161 0.09415475279092789 443
1723904004514 0.0798729732632637 444
1723904024620 0.11042133718729019 445
1723904044735 0.08994010090827942 446
1723904065014 0.06992663443088531 447
1723904085088 0.1046992763876915 448
1723904105150 0.08375447988510132 449
1723904125620 0.08703374862670898 450
1723904145899 0.1071285605430603 451
1723904166435 0.0956823080778122 452
1723904186845 0.0820801854133606 453
1723904206889 0.07738247513771057 454
1723904226996 0.07315094023942947 455
1723904247421 0.075992651283741 456
1723904267753 0.0936136394739151 457
1723904288126 0.08109522610902786 458
1723904308301 0.07179349660873413 459
1723904328290 0.08313646167516708 460
1723904348584 0.08290611207485199 461
1723904369134 0.07779800891876221 462
1723904389154 0.09874042868614197 463
1723904409365 0.10452216118574142 464
1723904430377 0.09279032796621323 465
1723904451153 0.11668309569358826 466
1723904472084 0.08357774466276169 467
1723904492428 0.08264591544866562 468
1723904512504 0.08868055790662766 469
1723904532708 0.09820875525474548 470
1723904553122 0.0904243066906929 471
1723904573433 0.09928819537162781 472
1723904593605 0.07811731845140457 473
1723904613721 0.07938509434461594 474
1723904634049 0.09309691190719604 475
1723904654392 0.10316629707813263 476
1723904674623 0.09706352651119232 477
1723904694842 0.09682401269674301 478
1723904715146 0.10365401208400726 479
1723904736140 0.10187588632106781 480
1723904756814 0.08940248936414719 481
1723904776845 0.09742755442857742 482
1723904797255 0.09736761450767517 483
1723904817710 0.0842515155673027 484
1723904838379 0.09393209218978882 485
1723904858600 0.09907756000757217 486
1723904878709 0.08888524025678635 487
1723904898701 0.09943340718746185 488
1723904919196 0.07318522036075592 489
1723904939396 0.0903240516781807 490
1723904959624 0.08516265451908112 491
1723904979804 0.08174055814743042 492
1723905000032 0.10232271999120712 493
1723905020414 0.10505606234073639 494
1723905040680 0.07764258235692978 495
1723905061164 0.11558346450328827 496
1723905081201 0.10060449689626694 497
1723905101256 0.09019586443901062 498
1723905121554 0.10437650978565216 499
