1726134404221 0.00102644060117503 150
1726134658496 0.001013715867108355 300
1726134917509 0.0010130833527849366 450
1726135190729 0.0010108285762059192 600
1726135464276 0.001009519702056423 750
1726135728681 0.0010068898764438927 900
1726135999828 0.0010001586920892198 1050
1726136272084 0.0010004074914225687 1200
1726136543900 0.0010146271394720922 1350
1726136816263 0.0009985834899513672 1500
1726137089127 0.0010054897582934548 1650
1726137362176 0.0009984087435683856 1800
1726137660077 0.0010042634354128191 1950
1726137935558 0.0009985831938683987 2100
1726138207893 0.0009975986865659555 2250
1726138481277 0.0009941117380124827 2400
1726138755929 0.0009901745008149495 2550
1726139028491 0.0009877923224121332 2700
1726139301492 0.0009808977091840159 2850
1726139576324 0.000981645107191677 3000
1726139849050 0.0009802019336105634 3150
1726140122688 0.0009792069361234705 3300
1726140396999 0.0009752650597753624 3450
1726140658578 0.0009778906793023148 3600
1726140931346 0.0009711740592805048 3750
1726141205012 0.0009711058107980837 3900
1726141476424 0.0009672949998639524 4050
1726141748882 0.000978922696861749 4200
1726142020644 0.0009675079060252756 4350
1726142294152 0.0009736370830796659 4500
1726142566616 0.000971354036591947 4650
1726142840275 0.0009658353787381203 4800
1726143113823 0.0009534243455467125 4950
1726143387523 0.0009621356753632426 5100
1726143661890 0.0009490614341727148 5250
1726143937363 0.0009538491846372684 5400
1726144215520 0.0009626809624023736 5550
1726144489778 0.0009528044595693548 5700
1726144763967 0.0009456327961136897 5850
1726145037608 0.0009614193132923295 6000
1726145301420 0.0009521411316624532 6150
1726145575176 0.0009408904158044606 6300
1726145850763 0.0009423695302878817 6450
1726146125044 0.0009595873459087064 6600
1726146391169 0.0009470117379290362 6750
1726146671783 0.0009484814219952872 6900
1726146953840 0.0009391688279962788 7050
1726147235169 0.0009344765800051391 7200
1726147517989 0.000940556520363316 7350
1726147802981 0.0009384304742949705 7500
