1726134389001 0.0010253308070096987 140
1726134642498 0.0010144100062704335 290
1726134903442 0.001014881347461293 440
1726135174306 0.0010097344297294816 590
1726135447882 0.0010109131302063663 740
1726135712242 0.0010070271921964983 890
1726135983591 0.0009993147993615518 1040
1726136255744 0.0009991482218417028 1190
1726136527671 0.0010154172013668965 1340
1726136799911 0.0010001534576682995 1490
1726137072761 0.0010055257729254662 1640
1726137345769 0.000997230113328745 1790
1726137641904 0.0010036110171737771 1940
1726137919316 0.0009980756579898297 2090
1726138191660 0.000998918709034721 2240
1726138464921 0.0009944726107642054 2390
1726138739575 0.0009892439795657992 2540
1726139012166 0.0009879335749428718 2690
1726139285225 0.0009825013042427599 2840
1726139559828 0.0009809606320535142 2990
1726139832694 0.0009829301914821068 3140
1726140106295 0.0009780291029407332 3290
1726140380650 0.0009759873726094763 3440
1726140642273 0.000978388349758461 3590
1726140914907 0.0009709695905136565 3740
1726141188715 0.0009708677038239936 3890
1726141460179 0.0009693202946800738 4040
1726141732662 0.0009787887909139196 4190
1726142004383 0.0009656703316917022 4340
1726142277899 0.000971299388911575 4490
1726142550380 0.0009734580079869677 4640
1726142823918 0.0009657522151246667 4790
1726143097456 0.0009542201408961167 4940
1726143371217 0.0009616938811571648 5090
1726143645335 0.0009502320309790472 5240
1726143920813 0.000954068498685956 5390
1726144198962 0.0009630207989054421 5540
1726144473380 0.0009506741142831743 5690
1726144747405 0.0009465530134427051 5840
1726145021298 0.0009603358490858227 5990
1726145285192 0.0009526873989185939 6140
1726145558520 0.0009437785266588132 6290
1726145834353 0.0009389557146156827 6440
1726146108839 0.0009600456353897849 6590
1726146374709 0.0009442291626085838 6740
1726146654983 0.000952248905474941 6890
1726146937266 0.0009377535832269738 7040
1726147218355 0.0009365303441882134 7190
1726147501169 0.0009367303790835043 7340
1726147785958 0.0009409590957996746 7490
