1723874712966 0.11474534124135971 0
1723874733224 0.2047305405139923 1
1723874753681 0.1615254133939743 2
1723874773937 0.1708647608757019 3
1723874794039 0.13028335571289062 4
1723874814136 0.17218580842018127 5
1723874834651 0.12383970618247986 6
1723874854843 0.13664840161800385 7
1723874875028 0.13134735822677612 8
1723874895176 0.14583879709243774 9
1723874915271 0.11323579400777817 10
1723874935672 0.11277534067630768 11
1723874955897 0.16516242921352386 12
1723874976447 0.12329249083995819 13
1723874996577 0.12397778779268265 14
1723875016797 0.12274552136659622 15
1723875036880 0.10441707074642181 16
1723875057168 0.12035995721817017 17
1723875077236 0.11860709637403488 18
1723875097695 0.1350361406803131 19
1723875118259 0.13033011555671692 20
1723875138576 0.11039818823337555 21
1723875158774 0.10659704357385635 22
1723875179018 0.11708659678697586 23
1723875199234 0.12008621543645859 24
1723875219475 0.12186093628406525 25
1723875239703 0.12180011719465256 26
1723875259968 0.1114731878042221 27
1723875280171 0.12742926180362701 28
1723875300459 0.10789120942354202 29
1723875320848 0.11788171529769897 30
1723875341773 0.12850846350193024 31
1723875363181 0.11024198681116104 32
1723875384547 0.11186584085226059 33
1723875404841 0.11736893653869629 34
1723875425002 0.12444174289703369 35
1723875445201 0.11340495198965073 36
1723875465252 0.08937287330627441 37
1723875485598 0.12509208917617798 38
1723875505756 0.11811749637126923 39
1723875525904 0.1062583476305008 40
1723875545925 0.10809267312288284 41
1723875566085 0.11690305918455124 42
1723875586210 0.1135527640581131 43
1723875606605 0.12624332308769226 44
1723875626744 0.09270040690898895 45
1723875647317 0.11134329438209534 46
1723875667390 0.11575258523225784 47
1723875687481 0.09859442710876465 48
1723875707566 0.11437284201383591 49
1723875727783 0.1236908808350563 50
1723875748131 0.11180946230888367 51
1723875768510 0.09099981188774109 52
1723875788711 0.0925593227148056 53
1723875808898 0.1253468245267868 54
1723875829029 0.11672736704349518 55
1723875849543 0.13149376213550568 56
1723875869726 0.10845889896154404 57
1723875889736 0.1297929733991623 58
1723875909879 0.11414851993322372 59
1723875930196 0.1117509976029396 60
1723875950270 0.11135938763618469 61
1723875970582 0.12307991087436676 62
1723875990666 0.11978321522474289 63
1723876010765 0.10352598875761032 64
1723876031117 0.1299932301044464 65
1723876051395 0.09977909922599792 66
1723876071440 0.12371271103620529 67
1723876091728 0.11287058889865875 68
1723876112055 0.11109637469053268 69
1723876132326 0.1349923014640808 70
1723876152375 0.10738179087638855 71
1723876172340 0.10888255387544632 72
1723876192759 0.12438715249300003 73
1723876212934 0.1355702131986618 74
1723876233120 0.0964459627866745 75
1723876253419 0.10759193450212479 76
1723876273733 0.09527194499969482 77
1723876293737 0.0919341966509819 78
1723876313955 0.09576773643493652 79
1723876334198 0.0975789800286293 80
1723876354789 0.10549456626176834 81
1723876375236 0.11262307316064835 82
1723876395471 0.11608277261257172 83
1723876415552 0.09685531258583069 84
1723876436016 0.12471790611743927 85
1723876456233 0.11571214348077774 86
1723876476549 0.13434122502803802 87
1723876496837 0.11913364380598068 88
1723876517092 0.12970426678657532 89
1723876537064 0.11462051421403885 90
1723876557403 0.09548971056938171 91
1723876577538 0.10612023621797562 92
1723876597915 0.09698673337697983 93
1723876618080 0.09772107750177383 94
1723876638126 0.10767215490341187 95
1723876658391 0.13077057898044586 96
1723876678600 0.09156722575426102 97
1723876698602 0.1496172696352005 98
1723876718878 0.10247991234064102 99
1723876739300 0.13841047883033752 100
1723876759477 0.11202207207679749 101
1723876779690 0.10295204073190689 102
1723876800026 0.11079486459493637 103
1723876820224 0.10130263864994049 104
1723876841491 0.13396355509757996 105
1723876863165 0.1387787014245987 106
1723876885030 0.12072627246379852 107
1723876906407 0.12952709197998047 108
1723876927556 0.10422851890325546 109
1723876948842 0.08964214473962784 110
1723876969385 0.11972948908805847 111
1723876989575 0.11558475345373154 112
1723877009895 0.11437888443470001 113
1723877029977 0.10784919559955597 114
1723877050209 0.09538617730140686 115
1723877070542 0.11619967967271805 116
1723877090843 0.11206603795289993 117
1723877111021 0.1138879656791687 118
1723877131127 0.1169578954577446 119
1723877151292 0.10733403265476227 120
1723877171640 0.1228487640619278 121
1723877191731 0.11175493896007538 122
1723877212017 0.09421899169683456 123
1723877232154 0.11582418531179428 124
1723877252264 0.11978864669799805 125
1723877272332 0.10152480751276016 126
1723877292492 0.123114675283432 127
1723877312769 0.11571656912565231 128
1723877333036 0.12197297066450119 129
1723877353258 0.1288461834192276 130
1723877373342 0.11442224681377411 131
1723877393542 0.11111963540315628 132
1723877413725 0.1166607216000557 133
1723877433812 0.11596161127090454 134
1723877454115 0.12853102385997772 135
1723877474666 0.09846221655607224 136
1723877494818 0.11535125970840454 137
1723877515006 0.10399878025054932 138
1723877535283 0.11317042261362076 139
1723877555491 0.10813234001398087 140
1723877575648 0.12377462536096573 141
1723877595962 0.14228305220603943 142
1723877616155 0.1127491220831871 143
1723877636639 0.10484707355499268 144
1723877657373 0.11680325865745544 145
1723877677662 0.11562025547027588 146
1723877697770 0.09190390259027481 147
1723877717949 0.10126601159572601 148
1723877737987 0.11310283094644547 149
1723877758080 0.11152942478656769 150
1723877778451 0.131196528673172 151
1723877798753 0.11157994717359543 152
1723877819134 0.10373369604349136 153
1723877839139 0.09910238534212112 154
1723877859330 0.12838862836360931 155
1723877879533 0.08915939927101135 156
1723877899897 0.10786084830760956 157
1723877919920 0.12749186158180237 158
1723877940291 0.10410705953836441 159
1723877960436 0.10748471319675446 160
1723877980758 0.13964956998825073 161
1723878001162 0.1073557436466217 162
1723878021170 0.10943630337715149 163
1723878041448 0.09835003316402435 164
1723878061748 0.12116549164056778 165
1723878082122 0.12296724319458008 166
1723878102350 0.11269201338291168 167
1723878122611 0.1063053160905838 168
1723878142701 0.10991821438074112 169
1723878162897 0.1138206496834755 170
1723878183233 0.1127777025103569 171
1723878203456 0.10722863674163818 172
1723878223584 0.09822238981723785 173
1723878243773 0.12642118334770203 174
1723878264193 0.0850307047367096 175
1723878284552 0.13013821840286255 176
1723878304765 0.10316167026758194 177
1723878324889 0.09325617551803589 178
1723878345066 0.11119277030229568 179
1723878365149 0.10926458239555359 180
1723878385447 0.09876527637243271 181
1723878405761 0.10510694980621338 182
1723878425934 0.11476341634988785 183
1723878445966 0.1011057123541832 184
1723878466287 0.09856707602739334 185
1723878486471 0.12794676423072815 186
1723878506868 0.11393941193819046 187
1723878527226 0.09554747492074966 188
1723878547412 0.12799672782421112 189
1723878567695 0.11049628257751465 190
1723878588085 0.11068889498710632 191
1723878608332 0.09269151091575623 192
1723878628658 0.11213239282369614 193
1723878648789 0.12089156359434128 194
1723878668917 0.10185641795396805 195
1723878689063 0.10919854044914246 196
1723878709578 0.0969536304473877 197
1723878729929 0.1073056161403656 198
1723878750416 0.09477781504392624 199
1723878770486 0.11075081676244736 200
1723878790476 0.08834648132324219 201
1723878810692 0.12153825163841248 202
1723878830824 0.10645890980958939 203
1723878851039 0.09368757903575897 204
1723878871174 0.09053965657949448 205
1723878891376 0.10621339827775955 206
1723878911615 0.10348979383707047 207
1723878932129 0.09757336974143982 208
1723878952213 0.10281134396791458 209
1723878972531 0.11448883265256882 210
1723878992822 0.11095482110977173 211
1723879013134 0.09114349633455276 212
1723879033510 0.10201701521873474 213
1723879053776 0.11277119070291519 214
1723879074062 0.126671701669693 215
1723879094203 0.0957377478480339 216
1723879114517 0.11083061248064041 217
1723879134553 0.10959042608737946 218
1723879154865 0.10212408751249313 219
1723879175142 0.10181253403425217 220
1723879195081 0.10999665409326553 221
1723879215280 0.10568107664585114 222
1723879235827 0.13067501783370972 223
1723879255844 0.09842608869075775 224
1723879276247 0.1114019975066185 225
1723879296528 0.10436571389436722 226
1723879316726 0.10875850170850754 227
1723879336884 0.10133276879787445 228
1723879357115 0.10617659986019135 229
1723879377374 0.12368801981210709 230
1723879397544 0.10206051170825958 231
1723879417860 0.1081022247672081 232
1723879438078 0.094557024538517 233
1723879458533 0.10580142587423325 234
1723879478739 0.10368649661540985 235
1723879498818 0.10499744862318039 236
1723879518983 0.10813073068857193 237
1723879539132 0.10302963852882385 238
1723879559371 0.10984021425247192 239
1723879579671 0.12517330050468445 240
1723879600173 0.11540354788303375 241
1723879620361 0.10354047268629074 242
1723879640730 0.10391698032617569 243
1723879660888 0.12545764446258545 244
1723879681173 0.09647024422883987 245
1723879701339 0.10271134972572327 246
1723879721349 0.09559111297130585 247
1723879741553 0.0947771891951561 248
1723879761959 0.08852682262659073 249
1723879781975 0.11212634295225143 250
1723879802293 0.12160477042198181 251
1723879822540 0.09795047342777252 252
1723879843003 0.09927916526794434 253
1723879863255 0.12306344509124756 254
1723879883479 0.10534946620464325 255
1723879903436 0.11085195094347 256
1723879923562 0.13055850565433502 257
1723879943711 0.11888013780117035 258
1723879963913 0.09391502290964127 259
1723879983991 0.1338045448064804 260
1723880004191 0.11235401779413223 261
1723880024544 0.1076294556260109 262
1723880044663 0.11729871481657028 263
1723880065084 0.10694791376590729 264
1723880085381 0.10149987787008286 265
1723880105729 0.1054362878203392 266
1723880125922 0.1029897928237915 267
1723880146545 0.11325957626104355 268
1723880166788 0.1012066900730133 269
1723880187057 0.1120070293545723 270
1723880207305 0.10703164339065552 271
1723880227615 0.08427773416042328 272
1723880247606 0.09713585674762726 273
1723880267954 0.1003081202507019 274
1723880288002 0.10024777799844742 275
1723880308342 0.10059654712677002 276
1723880328731 0.11714532971382141 277
1723880348946 0.09437514841556549 278
1723880369301 0.10935738682746887 279
1723880389389 0.11604788154363632 280
1723880409561 0.10440108180046082 281
1723880429853 0.10886988788843155 282
1723880450123 0.12120559066534042 283
1723880470633 0.10468461364507675 284
1723880491498 0.10052824765443802 285
1723880513173 0.09273393452167511 286
1723880533386 0.09637915343046188 287
1723880553969 0.0964047759771347 288
1723880574187 0.07796396315097809 289
1723880594436 0.08785933256149292 290
1723880614607 0.11923420429229736 291
1723880634735 0.11142341792583466 292
1723880654910 0.10801593214273453 293
1723880675230 0.09883949905633926 294
1723880695770 0.10206139087677002 295
1723880716268 0.1321811079978943 296
1723880736555 0.11689284443855286 297
1723880756930 0.09581103175878525 298
1723880777434 0.10315598547458649 299
1723880797796 0.1161540225148201 300
1723880818316 0.09450216591358185 301
1723880838898 0.12758731842041016 302
1723880859320 0.09297807514667511 303
1723880879422 0.11119504272937775 304
1723880899762 0.09508732706308365 305
1723880920112 0.09457898885011673 306
1723880940414 0.1173393651843071 307
1723880960685 0.09801412373781204 308
1723880980733 0.08573777973651886 309
1723881001010 0.09822316467761993 310
1723881021148 0.10639151930809021 311
1723881041389 0.08505797386169434 312
1723881061552 0.08823993802070618 313
1723881082051 0.1190602034330368 314
1723881102189 0.12739822268486023 315
1723881122625 0.11534000933170319 316
1723881142889 0.09679481387138367 317
1723881163014 0.10603951662778854 318
1723881183103 0.11267046630382538 319
1723881203299 0.10860103368759155 320
1723881223718 0.11244194209575653 321
1723881244319 0.07796106487512589 322
1723881264619 0.09211032092571259 323
1723881284822 0.12114632874727249 324
1723881304964 0.11338180303573608 325
1723881324972 0.11547350883483887 326
1723881345220 0.10752341151237488 327
1723881365578 0.10295530408620834 328
1723881386125 0.10851636528968811 329
1723881406570 0.1134055107831955 330
1723881426752 0.10654977709054947 331
1723881447084 0.09571853280067444 332
1723881467495 0.10279549658298492 333
1723881487843 0.0894569605588913 334
1723881508118 0.10550026595592499 335
1723881528374 0.1042485460639 336
1723881548601 0.10654561966657639 337
1723881568879 0.10776147246360779 338
1723881589024 0.09562357515096664 339
1723881609249 0.10010688751935959 340
1723881629544 0.11430101096630096 341
1723881650156 0.10227096080780029 342
1723881670719 0.08693898469209671 343
1723881690989 0.10628925263881683 344
1723881711372 0.09675880521535873 345
1723881731950 0.10400388389825821 346
1723881752208 0.11166827380657196 347
1723881772467 0.10947561264038086 348
1723881792722 0.11285311728715897 349
1723881812934 0.12730327248573303 350
1723881833127 0.09591496735811234 351
1723881853393 0.13069035112857819 352
1723881873903 0.0914425402879715 353
1723881894203 0.1178155168890953 354
1723881914493 0.11527391523122787 355
1723881934776 0.10309930145740509 356
1723881955108 0.09378177672624588 357
1723881975252 0.12168125808238983 358
1723881995515 0.10527747869491577 359
1723882015828 0.10288675129413605 360
1723882036136 0.13853707909584045 361
1723882056370 0.11128708720207214 362
1723882077333 0.1200818419456482 363
1723882097973 0.1290096789598465 364
1723882118452 0.12121884524822235 365
1723882138604 0.10507642477750778 366
1723882158794 0.0943804532289505 367
1723882179017 0.12112327665090561 368
1723882199141 0.09714251756668091 369
1723882219596 0.09449316561222076 370
1723882239939 0.09685789793729782 371
1723882260284 0.09751759469509125 372
1723882280633 0.10073673725128174 373
1723882300988 0.11860833317041397 374
1723882321295 0.0801023617386818 375
1723882341679 0.09966301918029785 376
1723882361944 0.10539623349905014 377
1723882382216 0.10864150524139404 378
1723882402662 0.1219366118311882 379
1723882423011 0.100165456533432 380
1723882443245 0.10121624916791916 381
1723882463432 0.10595140606164932 382
1723882483784 0.10698848217725754 383
1723882504249 0.11074177920818329 384
1723882524556 0.1154494509100914 385
1723882544726 0.10707539319992065 386
1723882565032 0.09522353857755661 387
1723882585366 0.10325760394334793 388
1723882605506 0.10390116274356842 389
1723882625816 0.10715263336896896 390
1723882646518 0.09500156342983246 391
1723882667177 0.08739769458770752 392
1723882687580 0.09469610452651978 393
1723882707945 0.0870489850640297 394
1723882728027 0.09305048733949661 395
1723882748609 0.1189780980348587 396
1723882768843 0.0973510667681694 397
1723882789177 0.09929462522268295 398
1723882809609 0.09043104201555252 399
1723882829925 0.09514901041984558 400
1723882850556 0.09845612943172455 401
1723882870930 0.0981055423617363 402
1723882891127 0.09303713589906693 403
1723882911347 0.07968542724847794 404
1723882931666 0.09420344978570938 405
1723882952086 0.10394759476184845 406
1723882972225 0.0971059650182724 407
1723882992516 0.10795813053846359 408
1723883012666 0.1251126378774643 409
1723883033007 0.09768015146255493 410
1723883053135 0.10115812718868256 411
1723883073408 0.10488326102495193 412
1723883093775 0.10722281783819199 413
1723883113865 0.09953274577856064 414
1723883134044 0.10559716820716858 415
1723883154288 0.10767575353384018 416
1723883174591 0.09120315313339233 417
1723883194808 0.10022009164094925 418
1723883215252 0.08523239940404892 419
1723883235650 0.11063265800476074 420
1723883255837 0.09592574834823608 421
1723883276159 0.10060714930295944 422
1723883296469 0.1154639795422554 423
1723883316693 0.11613144725561142 424
1723883336920 0.11478074640035629 425
1723883357587 0.11012683063745499 426
1723883377955 0.11487589031457901 427
1723883398133 0.0859205350279808 428
1723883418423 0.10480281710624695 429
1723883438776 0.0898955687880516 430
1723883459149 0.11661259829998016 431
1723883479429 0.11455582082271576 432
1723883500054 0.11383164674043655 433
1723883520393 0.12678958475589752 434
1723883540655 0.1071348637342453 435
1723883561063 0.11182722449302673 436
1723883581239 0.10030677914619446 437
1723883601541 0.10584653168916702 438
1723883621702 0.10614469647407532 439
1723883641825 0.12791498005390167 440
1723883662195 0.09660579264163971 441
1723883682581 0.09896345436573029 442
1723883702805 0.09800969064235687 443
1723883723243 0.12875331938266754 444
1723883743485 0.11435141414403915 445
1723883763594 0.12436048686504364 446
1723883783913 0.13917884230613708 447
1723883804141 0.09414837509393692 448
1723883824255 0.12467886507511139 449
1723883844536 0.09979182481765747 450
1723883864665 0.10789593309164047 451
1723883885051 0.11277292668819427 452
1723883905305 0.089652881026268 453
1723883925476 0.1249108538031578 454
1723883945639 0.12838003039360046 455
1723883966114 0.12303832173347473 456
1723883986446 0.1112404316663742 457
1723884006573 0.10679761320352554 458
1723884026748 0.0948120579123497 459
1723884047043 0.12108416855335236 460
1723884067202 0.13049198687076569 461
1723884087462 0.11715773493051529 462
1723884107760 0.11097999662160873 463
1723884128048 0.09370904415845871 464
1723884148424 0.07999244332313538 465
1723884168571 0.0963536947965622 466
1723884188767 0.11458460241556168 467
1723884209013 0.10073025524616241 468
1723884229212 0.09095332026481628 469
1723884249415 0.11049455404281616 470
1723884269669 0.09080715477466583 471
1723884289883 0.10447591543197632 472
1723884310716 0.12300446629524231 473
1723884331296 0.09121716022491455 474
1723884351862 0.09511294960975647 475
1723884372377 0.11246290802955627 476
1723884392955 0.10381553322076797 477
1723884413430 0.10198337584733963 478
1723884433714 0.09512395411729813 479
1723884453852 0.10180290788412094 480
1723884474667 0.1025967076420784 481
1723884494826 0.1343362182378769 482
1723884515028 0.10298463702201843 483
1723884535975 0.10712471604347229 484
1723884557247 0.12446816265583038 485
1723884577485 0.10438450425863266 486
1723884597809 0.09408578276634216 487
1723884618133 0.1016116812825203 488
1723884638420 0.09818843752145767 489
1723884658567 0.09503715485334396 490
1723884678872 0.09164518117904663 491
1723884699395 0.11496643722057343 492
1723884719708 0.10710646212100983 493
1723884740005 0.10370219498872757 494
1723884760284 0.111107237637043 495
1723884780519 0.10071278363466263 496
1723884800718 0.10443046689033508 497
1723884821134 0.10341241210699081 498
1723884841341 0.10286754369735718 499
