1723905142176 1.7141940593719482 0
1723905162792 1.6913069486618042 1
1723905183190 1.8474477529525757 2
1723905203689 1.7317299842834473 3
1723905224035 1.6311042308807373 4
1723905244155 1.5587043762207031 5
1723905264422 1.6089191436767578 6
1723905284653 1.6420376300811768 7
1723905304754 1.6817336082458496 8
1723905325122 1.40755295753479 9
1723905345543 1.6069926023483276 10
1723905365606 1.3866767883300781 11
1723905386175 1.6212104558944702 12
1723905406529 1.4622427225112915 13
1723905426930 1.6472082138061523 14
1723905447212 1.571882963180542 15
1723905467316 1.0903558731079102 16
1723905487748 1.7794551849365234 17
1723905507792 1.4429020881652832 18
1723905528516 1.1941323280334473 19
1723905548595 1.3736408948898315 20
1723905568779 1.5193006992340088 21
1723905588937 1.3495067358016968 22
1723905609001 1.2925243377685547 23
1723905629406 1.5339730978012085 24
1723905649481 1.495855450630188 25
1723905669681 1.1344573497772217 26
1723905690030 1.251976490020752 27
1723905710119 1.1731781959533691 28
1723905730353 1.2186882495880127 29
1723905750843 1.3238365650177002 30
1723905770827 1.1717876195907593 31
1723905791166 1.1480023860931396 32
1723905811487 1.1850829124450684 33
1723905831920 1.1082792282104492 34
1723905852205 1.1836000680923462 35
1723905872569 1.3498632907867432 36
1723905892963 0.9830406308174133 37
1723905913095 1.0273501873016357 38
1723905933660 1.152750015258789 39
1723905953820 1.1167700290679932 40
1723905974328 1.2098217010498047 41
1723905994711 0.9899383783340454 42
1723906015004 1.3066635131835938 43
1723906035280 0.8756126165390015 44
1723906055591 0.9999082684516907 45
1723906075959 1.1612465381622314 46
1723906096249 0.98897385597229 47
1723906116854 0.9280692338943481 48
1723906137298 1.0832581520080566 49
1723906157556 0.9176403284072876 50
1723906177977 0.9804929494857788 51
1723906198102 1.0338330268859863 52
1723906218240 1.0139975547790527 53
1723906238311 0.8477519750595093 54
1723906258389 0.9062035083770752 55
1723906278443 0.8977820873260498 56
1723906298658 0.9344697594642639 57
1723906319118 0.945453941822052 58
1723906339536 0.9396037459373474 59
1723906359732 0.9008402228355408 60
1723906379890 0.9736358523368835 61
1723906399926 1.003084421157837 62
1723906420126 1.0591259002685547 63
1723906440770 0.8606514930725098 64
1723906461150 0.838832437992096 65
1723906481571 0.8179635405540466 66
1723906501616 0.8466241359710693 67
1723906522089 1.081660270690918 68
1723906542370 0.9260941743850708 69
1723906562771 0.8946714401245117 70
1723906583075 0.9835070371627808 71
1723906603495 0.8203907012939453 72
1723906623930 0.9295003414154053 73
1723906644074 1.0278983116149902 74
1723906664172 0.8954054117202759 75
1723906684359 0.8362955451011658 76
1723906704691 0.8028956055641174 77
1723906724869 0.8762072324752808 78
1723906745126 0.8307633399963379 79
1723906765313 0.8530230522155762 80
1723906786219 1.0025966167449951 81
1723906806357 0.8739237189292908 82
1723906826808 0.8259049654006958 83
1723906846817 0.8076022267341614 84
1723906866849 0.8238893747329712 85
1723906887172 0.8322559595108032 86
1723906907254 0.8964869976043701 87
1723906927447 0.7849031686782837 88
1723906947834 0.8526331782341003 89
1723906968292 0.8435859680175781 90
1723906988717 0.8478288650512695 91
1723907008818 0.770064115524292 92
1723907028978 0.8699279427528381 93
1723907049160 0.8889070153236389 94
1723907069472 0.7885212898254395 95
1723907089568 0.8920960426330566 96
1723907109845 0.8046829700469971 97
1723907129966 0.9024156928062439 98
1723907150136 0.9608676433563232 99
1723907170392 0.8210324645042419 100
1723907190560 0.7845301032066345 101
1723907210945 0.8305854797363281 102
1723907231039 0.7959282994270325 103
1723907251265 0.7926691770553589 104
1723907271513 0.9560443162918091 105
1723907291793 0.9168835878372192 106
1723907311971 0.8576003313064575 107
1723907331997 0.7668452262878418 108
1723907352362 0.6691933870315552 109
1723907372713 0.7391824722290039 110
1723907392767 0.8065634965896606 111
1723907413080 0.7222064733505249 112
1723907433332 0.8180356025695801 113
1723907454049 0.8137239813804626 114
1723907474102 0.7102017402648926 115
1723907494282 0.8168452978134155 116
1723907514452 0.7215309739112854 117
1723907534594 0.7465535402297974 118
1723907555109 0.779639720916748 119
1723907575272 0.8015626072883606 120
1723907595500 0.7008593082427979 121
1723907615878 0.7455933690071106 122
1723907636029 0.927086591720581 123
1723907656277 0.7542927265167236 124
1723907676475 0.7794070243835449 125
1723907696470 0.9826119542121887 126
1723907717093 1.0020744800567627 127
1723907737555 0.9731049537658691 128
1723907757859 0.7444450855255127 129
1723907778200 0.7673525810241699 130
1723907798404 0.6951454877853394 131
1723907818910 0.6717462539672852 132
1723907839062 0.7527673840522766 133
1723907859261 0.7919735908508301 134
1723907879426 0.8110972046852112 135
1723907899470 0.8854870200157166 136
1723907920639 0.7130452394485474 137
1723907940756 0.8360607028007507 138
1723907961022 0.8754234313964844 139
1723907981424 0.7178447246551514 140
1723908001681 0.8597590327262878 141
1723908021959 0.7159296274185181 142
1723908042104 0.7284889817237854 143
1723908062202 0.7663168907165527 144
1723908082719 0.6570413112640381 145
1723908103147 0.8395454287528992 146
1723908123365 0.7086002826690674 147
1723908144005 0.7999471426010132 148
1723908164401 0.9712891578674316 149
1723908184542 0.8070921897888184 150
1723908204757 0.6574347019195557 151
1723908224917 0.8854926824569702 152
1723908245302 0.6799314618110657 153
1723908265671 0.7440142035484314 154
1723908285944 0.6872990131378174 155
1723908306352 0.7940092086791992 156
1723908326743 0.6742136478424072 157
1723908347128 0.8137073516845703 158
1723908367368 0.5928324460983276 159
1723908387747 1.0334985256195068 160
1723908409034 0.7474678158760071 161
1723908429319 0.7745189666748047 162
1723908449562 0.7382041215896606 163
1723908469674 0.7711442112922668 164
1723908489851 0.8091534972190857 165
1723908509996 0.6202493906021118 166
1723908530125 0.7653630375862122 167
1723908550315 0.7776683568954468 168
1723908570558 0.8335092067718506 169
1723908590699 0.7670795917510986 170
1723908610867 0.6735042333602905 171
1723908631229 0.6962898969650269 172
1723908651576 0.6086565256118774 173
1723908671924 0.7717927694320679 174
1723908692117 0.7999292612075806 175
1723908712123 0.7134023904800415 176
1723908732413 0.8065999746322632 177
1723908752987 0.6832491159439087 178
1723908773369 0.8213998675346375 179
1723908793641 0.7153784036636353 180
1723908813849 0.7778662443161011 181
1723908834285 0.7611143589019775 182
1723908854660 0.7173243761062622 183
1723908874741 0.7258585691452026 184
1723908894893 0.7668730616569519 185
1723908915038 0.597864031791687 186
1723908935099 0.6298239231109619 187
1723908955444 0.6339833736419678 188
1723908975663 0.8923768997192383 189
1723908995961 0.8202083706855774 190
1723909016165 0.7284013032913208 191
1723909036285 0.6089972257614136 192
1723909056354 0.7445052862167358 193
1723909076554 0.77154141664505 194
1723909096716 0.9250760674476624 195
1723909117168 0.7473206520080566 196
1723909137469 0.5988985896110535 197
1723909157719 0.6801644563674927 198
1723909177920 0.7652075290679932 199
1723909198348 0.8174409866333008 200
1723909218704 0.6782823801040649 201
1723909238945 0.6869431734085083 202
1723909259217 0.7560102939605713 203
1723909279626 0.6360005140304565 204
1723909299887 0.6519187688827515 205
1723909320249 0.6076109409332275 206
1723909340531 0.7375825643539429 207
1723909360702 0.7902696132659912 208
1723909380909 0.7163110971450806 209
1723909401246 0.743096649646759 210
1723909421554 0.6727136373519897 211
1723909441673 0.8564111590385437 212
1723909461958 0.8306056261062622 213
1723909482165 0.7235336303710938 214
1723909502294 0.6503683924674988 215
1723909522435 0.8019694089889526 216
1723909542906 0.6910758018493652 217
1723909562971 0.6127177476882935 218
1723909583301 0.8084697723388672 219
1723909603918 0.6704174280166626 220
1723909624026 0.70897376537323 221
1723909644292 0.6003241539001465 222
1723909664700 0.7355984449386597 223
1723909684968 0.5479503870010376 224
1723909705326 0.8126057386398315 225
1723909725530 0.633050262928009 226
1723909745630 0.6852840185165405 227
1723909765907 0.673255980014801 228
1723909786265 0.7299438714981079 229
1723909806434 0.7140411138534546 230
1723909826826 0.643376350402832 231
1723909847030 0.6682577133178711 232
1723909867278 0.6691617965698242 233
1723909887380 0.6764481067657471 234
1723909907779 0.883116602897644 235
1723909927877 0.6238248348236084 236
1723909948154 0.5818738341331482 237
1723909968470 0.8468561172485352 238
1723909988712 0.742127001285553 239
1723910008980 0.6666271686553955 240
1723910029397 0.6858434677124023 241
1723910049708 0.6898460984230042 242
1723910069883 0.7094683051109314 243
1723910090070 0.6853277087211609 244
1723910110373 0.8322372436523438 245
1723910130650 0.7999584078788757 246
1723910150963 0.6975100040435791 247
1723910171262 1.041032075881958 248
1723910191703 0.7157641649246216 249
1723910211976 0.5700091123580933 250
1723910232244 0.6698435544967651 251
1723910252443 0.7986936569213867 252
1723910272656 0.7142854928970337 253
1723910292973 0.6547074317932129 254
1723910312974 0.7509623169898987 255
1723910333254 0.5897926092147827 256
1723910353875 0.6897982954978943 257
1723910374123 0.7136919498443604 258
1723910394316 0.6733605265617371 259
1723910414541 0.6656334400177002 260
1723910434564 0.6481314897537231 261
1723910454887 0.5741039514541626 262
1723910475096 0.7768113613128662 263
1723910495245 0.5437884330749512 264
1723910515768 0.7958371639251709 265
1723910536066 0.6331666707992554 266
1723910556410 0.6853844523429871 267
1723910576796 0.6246533393859863 268
1723910597032 0.6568350195884705 269
1723910617269 0.9028029441833496 270
1723910637661 0.5636166334152222 271
1723910658186 0.7335125207901001 272
1723910678515 0.6210094690322876 273
1723910698739 0.8968030214309692 274
1723910718812 0.7633699178695679 275
1723910739268 0.6668741703033447 276
1723910759523 0.572289228439331 277
1723910779859 0.806206464767456 278
1723910800117 0.6375463008880615 279
1723910820558 0.7555137276649475 280
1723910840827 0.8238711357116699 281
1723910861156 0.7387937903404236 282
1723910881595 0.7658420205116272 283
1723910901644 0.6926400661468506 284
1723910921847 0.6514163613319397 285
1723910942286 0.7713375091552734 286
1723910962599 0.6604674458503723 287
1723910982857 0.6779679656028748 288
1723911003135 0.772826075553894 289
1723911023502 0.8186918497085571 290
1723911043644 0.7219318151473999 291
1723911063697 0.7053525447845459 292
1723911083756 0.7546969652175903 293
1723911104000 0.5913591980934143 294
1723911124174 0.7003697156906128 295
1723911144374 0.8932417035102844 296
1723911164754 0.922905445098877 297
1723911185099 0.7792372703552246 298
1723911205370 0.7434370517730713 299
1723911225586 0.7957271337509155 300
1723911245662 0.6071841716766357 301
1723911265807 0.7157275676727295 302
1723911286050 0.8768064379692078 303
1723911306176 0.5820447206497192 304
1723911326269 0.548263669013977 305
1723911346618 0.5649614334106445 306
1723911367021 0.6535229682922363 307
1723911387169 0.7144184708595276 308
1723911407446 0.7128534317016602 309
1723911427735 0.6833117008209229 310
1723911448084 0.6350790858268738 311
1723911468125 0.6724667549133301 312
1723911488406 0.6453005075454712 313
1723911508665 0.6572201251983643 314
1723911528900 0.6109219789505005 315
1723911549057 0.6005371809005737 316
1723911569468 0.7420616149902344 317
1723911589455 0.7335979342460632 318
1723911609710 0.7324020266532898 319
1723911629973 0.5088608264923096 320
1723911650449 0.6908783912658691 321
1723911670771 0.7895200848579407 322
1723911691071 0.7108331322669983 323
1723911711335 0.6969966292381287 324
1723911731696 0.6855156421661377 325
1723911751957 0.8114069700241089 326
1723911772125 0.5605918169021606 327
1723911792327 0.64716637134552 328
1723911812495 0.6104415655136108 329
1723911832568 0.5810478329658508 330
1723911852842 0.6378070116043091 331
1723911873122 0.5993819236755371 332
1723911893357 0.6743477582931519 333
1723911913647 0.7685744762420654 334
1723911933820 0.6459569931030273 335
1723911953999 0.6010054349899292 336
1723911974234 0.5407260656356812 337
1723911994451 0.7900185585021973 338
1723912014597 0.6283115744590759 339
1723912034807 0.6518162488937378 340
1723912054984 0.7109444737434387 341
1723912075193 0.7358449697494507 342
1723912095438 0.5409151315689087 343
1723912115605 0.6282060146331787 344
1723912135792 0.6319968700408936 345
1723912156069 0.776899516582489 346
1723912176105 0.6767922639846802 347
1723912196279 0.7165421843528748 348
1723912216628 0.6574634909629822 349
1723912236680 0.6155921220779419 350
1723912256918 0.6760113835334778 351
1723912277371 0.7472642660140991 352
1723912297837 0.814189076423645 353
1723912318243 0.6134501695632935 354
1723912338523 0.6025915145874023 355
1723912358755 0.6720765233039856 356
1723912379039 0.611841082572937 357
1723912399316 0.4652661681175232 358
1723912419484 0.7915842533111572 359
1723912439693 0.7661788463592529 360
1723912459817 0.6711149215698242 361
1723912480032 0.506952166557312 362
1723912500351 0.6603425741195679 363
1723912520573 0.6608566045761108 364
1723912540715 0.6500552892684937 365
1723912560934 0.5422197580337524 366
1723912581208 0.6405733227729797 367
1723912601486 0.6164639592170715 368
1723912621897 0.6135616302490234 369
1723912642049 0.6552958488464355 370
1723912662265 0.7608280181884766 371
1723912682647 0.6778995990753174 372
1723912702791 0.5568450689315796 373
1723912723130 0.6295779943466187 374
1723912743343 0.7276738882064819 375
1723912763500 0.6254745721817017 376
1723912783782 0.6753876209259033 377
1723912803930 0.7319111824035645 378
1723912824003 0.6467195749282837 379
1723912844169 0.7551701068878174 380
1723912864404 0.5160269737243652 381
1723912884578 0.6136430501937866 382
1723912904780 0.6906383633613586 383
1723912925139 0.6100540161132812 384
1723912945631 0.6731112003326416 385
1723912965981 0.6084741353988647 386
1723912986465 0.6471222639083862 387
1723913006894 0.5845439434051514 388
1723913027118 0.6071480512619019 389
1723913047322 0.5935356020927429 390
1723913067541 0.711258590221405 391
1723913087809 0.7416772246360779 392
1723913107994 0.5170068740844727 393
1723913128072 0.6779518127441406 394
1723913148483 0.7063488960266113 395
1723913168772 0.6755354404449463 396
1723913188990 0.7373408079147339 397
1723913209507 0.5350450277328491 398
1723913229721 0.7316528558731079 399
1723913250105 0.6079555749893188 400
1723913270549 0.5507344603538513 401
1723913290778 0.637686014175415 402
1723913310969 0.6289631724357605 403
1723913331265 0.6697777509689331 404
1723913351430 0.5779794454574585 405
1723913371705 0.7091792821884155 406
1723913391919 0.6133156418800354 407
1723913412054 0.6911312341690063 408
1723913432376 0.5726605653762817 409
1723913452653 0.6144864559173584 410
1723913472923 0.5984257459640503 411
1723913493062 0.5950173735618591 412
1723913513178 0.5220357775688171 413
1723913533374 0.6622956991195679 414
1723913553669 0.7554707527160645 415
1723913574015 0.719896674156189 416
1723913594557 0.6857961416244507 417
1723913614615 0.6308529376983643 418
1723913634781 0.7340644001960754 419
1723913655200 0.7623650431632996 420
1723913675561 0.7190597057342529 421
1723913695830 0.5872935652732849 422
1723913716251 0.6289186477661133 423
1723913736570 0.5192281007766724 424
1723913756622 0.6718878149986267 425
1723913776964 0.5464238524436951 426
1723913797039 0.5611681938171387 427
1723913817377 0.6094391345977783 428
1723913837894 0.7415605783462524 429
1723913858191 0.6028585433959961 430
1723913878514 0.6801184415817261 431
1723913898753 0.5476024150848389 432
1723913918862 0.836402177810669 433
1723913939060 0.5698042511940002 434
1723913959366 0.7497401237487793 435
1723913979552 0.6914260983467102 436
1723913999582 0.6617496013641357 437
1723914019853 0.6218468546867371 438
1723914040201 0.7995994091033936 439
1723914060595 0.6987174153327942 440
1723914081007 0.628196656703949 441
1723914101294 0.6900004148483276 442
1723914121655 0.7499537467956543 443
1723914142047 0.622712254524231 444
1723914162143 0.6875369548797607 445
1723914182416 0.5855312943458557 446
1723914202682 0.7377004623413086 447
1723914222735 0.5550546646118164 448
1723914242996 0.5581839084625244 449
1723914263268 0.7753642797470093 450
1723914283673 0.7769615650177002 451
1723914304052 0.6125041246414185 452
1723914324268 0.8253154754638672 453
1723914344631 0.640223503112793 454
1723914364867 0.6453852653503418 455
1723914385098 0.5905680656433105 456
1723914405244 0.7316316366195679 457
1723914425414 0.6408237218856812 458
1723914445485 0.6737151145935059 459
1723914465714 0.5401173830032349 460
1723914485997 0.5496487617492676 461
1723914506287 0.6940591335296631 462
1723914527009 0.750586748123169 463
1723914547517 0.5026082396507263 464
1723914567686 0.5433496236801147 465
1723914587920 0.5556173324584961 466
1723914608151 0.6218701004981995 467
1723914628307 0.7007924914360046 468
1723914648480 0.5526626706123352 469
1723914668602 0.7168643474578857 470
1723914688658 0.5937310457229614 471
1723914708843 0.6985752582550049 472
1723914729227 0.6214565634727478 473
1723914749523 0.5906015634536743 474
1723914769801 0.580285906791687 475
1723914790104 0.5316997766494751 476
1723914810178 0.7369941473007202 477
1723914831108 0.6571220755577087 478
1723914853774 0.5610061883926392 479
1723914875996 0.6878594160079956 480
1723914899713 0.5614047050476074 481
