1724510177171 1.1590725183486938 0
1724510178687 0.30299729108810425 1
1724510180106 0.16437490284442902 2
1724510181562 0.2388572245836258 3
1724510183978 0.2008208930492401 4
1724510185807 0.2286461591720581 5
1724510187696 0.18424400687217712 6
1724510189485 0.2462480068206787 7
1724510191428 0.21646708250045776 8
1724510193234 0.21008825302124023 9
1724510195236 0.2322775423526764 10
1724510197189 0.21008867025375366 11
1724510199223 0.19834327697753906 12
1724510201139 0.23120784759521484 13
1724510203176 0.21002745628356934 14
