1723814063613 0.5661622285842896 0
1723814083805 0.3784310519695282 1
1723814104075 0.26362332701683044 2
1723814124061 0.26069071888923645 3
1723814144174 0.2156524360179901 4
1723814164208 0.26879122853279114 5
1723814184225 0.2533169090747833 6
1723814204518 0.17146021127700806 7
1723814224998 0.16788090765476227 8
1723814245038 0.25172919034957886 9
1723814265095 0.28629112243652344 10
1723814285184 0.24295473098754883 11
1723814305313 0.18590420484542847 12
1723814325456 0.17514824867248535 13
1723814345655 0.2156265676021576 14
1723814365730 0.2030954360961914 15
1723814386029 0.18769529461860657 16
1723814406294 0.19823655486106873 17
1723814426215 0.18333715200424194 18
1723814446298 0.18694961071014404 19
1723814466319 0.17771948873996735 20
1723814486625 0.1972580999135971 21
1723814507133 0.19109030067920685 22
1723814527151 0.14268968999385834 23
1723814547177 0.1853104829788208 24
1723814567329 0.14206463098526 25
1723814587408 0.2012748122215271 26
1723814607786 0.2029874622821808 27
1723814628206 0.16872893273830414 28
1723814648401 0.2202514410018921 29
1723814668548 0.19828879833221436 30
1723814688781 0.11872371286153793 31
1723814708897 0.20742350816726685 32
1723814729037 0.15308290719985962 33
1723814749428 0.18548326194286346 34
1723814769609 0.14107143878936768 35
1723814789723 0.19754108786582947 36
1723814809859 0.18861937522888184 37
1723814829828 0.16297975182533264 38
1723814849874 0.15250490605831146 39
1723814870062 0.15683287382125854 40
1723814890082 0.19079837203025818 41
1723814910332 0.12207308411598206 42
1723814930361 0.24704310297966003 43
1723814950524 0.23116551339626312 44
1723814970596 0.21049529314041138 45
1723814990723 0.26248404383659363 46
1723815010852 0.15828587114810944 47
1723815031297 0.23792141675949097 48
1723815051352 0.13886919617652893 49
1723815071337 0.15923817455768585 50
1723815091378 0.16996610164642334 51
1723815111541 0.21118883788585663 52
1723815131822 0.19574256241321564 53
1723815151876 0.18536557257175446 54
1723815171911 0.1508139818906784 55
1723815191888 0.21072925627231598 56
1723815212200 0.16842295229434967 57
1723815232229 0.14688906073570251 58
1723815252232 0.1732412874698639 59
1723815272317 0.24116317927837372 60
1723815292312 0.17887800931930542 61
1723815312685 0.1355026364326477 62
1723815332700 0.1478121429681778 63
1723815352524 0.14166033267974854 64
1723815372612 0.14912140369415283 65
1723815392800 0.1441151201725006 66
1723815412880 0.15421469509601593 67
1723815433165 0.1711645871400833 68
1723815453427 0.16480019688606262 69
1723815473361 0.17542114853858948 70
1723815493403 0.13441622257232666 71
1723815513749 0.12569323182106018 72
1723815533750 0.1351691335439682 73
1723815553935 0.14095528423786163 74
1723815574142 0.22123399376869202 75
1723815594322 0.20131422579288483 76
1723815614600 0.16106875240802765 77
1723815634616 0.18660256266593933 78
1723815654740 0.1804300844669342 79
1723815674813 0.16533425450325012 80
1723815695311 0.11864994466304779 81
1723815715615 0.18175055086612701 82
1723815735903 0.17865251004695892 83
1723815756176 0.1753751039505005 84
1723815776396 0.14071416854858398 85
1723815796787 0.18227486312389374 86
1723815816957 0.14879733324050903 87
1723815837166 0.21421797573566437 88
1723815858235 0.19768480956554413 89
1723815878855 0.2018900215625763 90
1723815898808 0.20206592977046967 91
1723815919148 0.19429020583629608 92
1723815939403 0.19595864415168762 93
1723815959701 0.16121695935726166 94
1723815979859 0.2040589302778244 95
1723815999916 0.14823336899280548 96
1723816020098 0.15440146625041962 97
1723816040473 0.15638823807239532 98
1723816060549 0.15954414010047913 99
1723816080786 0.19619625806808472 100
1723816101092 0.19155676662921906 101
1723816121478 0.14535211026668549 102
1723816141820 0.15384021401405334 103
1723816162250 0.17194634675979614 104
1723816182348 0.14184632897377014 105
1723816202643 0.18059368431568146 106
1723816222877 0.20558272302150726 107
1723816243295 0.12541474401950836 108
1723816263676 0.16115905344486237 109
1723816284062 0.15542945265769958 110
1723816304387 0.16990303993225098 111
1723816324828 0.2218663990497589 112
1723816345064 0.20662836730480194 113
1723816365503 0.20231308043003082 114
1723816385796 0.2065163403749466 115
1723816406453 0.2878236174583435 116
1723816426865 0.22557075321674347 117
1723816447150 0.16806142032146454 118
1723816467400 0.2143237590789795 119
1723816487619 0.20429342985153198 120
1723816507808 0.20946890115737915 121
1723816527826 0.17687615752220154 122
1723816548071 0.1945316046476364 123
1723816568366 0.17950718104839325 124
1723816588527 0.21216489374637604 125
1723816608811 0.14839738607406616 126
1723816629013 0.18992507457733154 127
1723816649324 0.16621486842632294 128
1723816669790 0.22609777748584747 129
1723816689901 0.12730015814304352 130
1723816710044 0.1796116828918457 131
1723816730253 0.22058247029781342 132
1723816750235 0.1732594519853592 133
1723816770699 0.18083959817886353 134
1723816790895 0.20099908113479614 135
1723816810853 0.12266676872968674 136
1723816831278 0.1771877557039261 137
1723816851418 0.1436731368303299 138
1723816871602 0.22089098393917084 139
1723816891759 0.1775183528661728 140
1723816912304 0.19671401381492615 141
1723816932218 0.16628742218017578 142
1723816952482 0.1747456043958664 143
1723816972658 0.17288438975811005 144
1723816992854 0.17270854115486145 145
1723817013206 0.17569299042224884 146
1723817033479 0.16080638766288757 147
1723817053550 0.1738397628068924 148
1723817073897 0.13465756177902222 149
1723817094199 0.21476410329341888 150
1723817114218 0.17354512214660645 151
1723817134449 0.15920861065387726 152
1723817154608 0.14365683495998383 153
1723817174856 0.18419934809207916 154
1723817195148 0.13917608559131622 155
1723817215394 0.24253182113170624 156
1723817235708 0.18423669040203094 157
1723817256086 0.1686730980873108 158
1723817276171 0.20750445127487183 159
1723817296363 0.18104064464569092 160
1723817317180 0.18875515460968018 161
1723817337335 0.15023133158683777 162
1723817357451 0.1458088904619217 163
1723817377872 0.17884445190429688 164
1723817398051 0.22014816105365753 165
1723817418422 0.13778549432754517 166
1723817438687 0.17835277318954468 167
1723817459096 0.19643984735012054 168
1723817479673 0.18422318994998932 169
1723817500027 0.1575741022825241 170
1723817520231 0.15134386718273163 171
1723817540632 0.15553805232048035 172
1723817560638 0.155838280916214 173
1723817580776 0.1576075553894043 174
1723817601255 0.12360204011201859 175
1723817621624 0.21023808419704437 176
1723817642145 0.13273775577545166 177
1723817662419 0.18666833639144897 178
1723817682803 0.1818748563528061 179
1723817703185 0.17398568987846375 180
1723817723504 0.10472244024276733 181
1723817743717 0.16779747605323792 182
1723817763895 0.18744271993637085 183
1723817784443 0.20778685808181763 184
1723817804827 0.19821447134017944 185
1723817824968 0.16324551403522491 186
1723817845309 0.1491672247648239 187
1723817865591 0.16820122301578522 188
1723817885830 0.13506223261356354 189
1723817905981 0.1672118455171585 190
1723817926210 0.20360003411769867 191
1723817946482 0.18678094446659088 192
1723817966999 0.15736599266529083 193
1723817987097 0.15773582458496094 194
1723818007347 0.17038413882255554 195
1723818027678 0.1692275106906891 196
1723818048002 0.25686439871788025 197
1723818068332 0.17307814955711365 198
1723818088436 0.15925444662570953 199
1723818108592 0.11239729076623917 200
1723818128861 0.13868288695812225 201
1723818149193 0.13910506665706635 202
1723818169375 0.10291432589292526 203
1723818189796 0.21213680505752563 204
1723818209955 0.19798223674297333 205
1723818230359 0.12017762660980225 206
1723818250809 0.1815800666809082 207
1723818271037 0.17763546109199524 208
1723818291309 0.14305926859378815 209
1723818311655 0.16913461685180664 210
1723818331670 0.18674394488334656 211
1723818352011 0.15035751461982727 212
1723818372259 0.1628776490688324 213
1723818392344 0.16699697077274323 214
1723818412604 0.1556805670261383 215
1723818432684 0.1476096361875534 216
1723818452843 0.20216068625450134 217
1723818472955 0.1313800811767578 218
1723818493336 0.2283010333776474 219
1723818513664 0.14921678602695465 220
1723818534133 0.11307615786790848 221
1723818554398 0.16422191262245178 222
1723818574610 0.15738196671009064 223
1723818594918 0.14256651699543 224
1723818615044 0.15353788435459137 225
1723818635262 0.1297713667154312 226
1723818655410 0.1797393411397934 227
1723818675805 0.1825711578130722 228
1723818696072 0.1547234058380127 229
1723818716111 0.17273582518100739 230
1723818736307 0.17358922958374023 231
1723818756696 0.19573098421096802 232
1723818777142 0.16119657456874847 233
1723818797143 0.1864989548921585 234
1723818817438 0.21078749001026154 235
1723818837600 0.17522509396076202 236
1723818857987 0.1667783558368683 237
1723818878148 0.25441545248031616 238
1723818898189 0.18481074273586273 239
1723818918439 0.1461668610572815 240
1723818938890 0.21400028467178345 241
1723818958931 0.1651151180267334 242
1723818979213 0.21120645105838776 243
1723818999520 0.17070239782333374 244
1723819019665 0.15687641501426697 245
1723819039764 0.15325532853603363 246
1723819060091 0.21964189410209656 247
1723819080260 0.1593298465013504 248
1723819100428 0.17788253724575043 249
1723819120921 0.12389451265335083 250
1723819141136 0.13966336846351624 251
1723819161564 0.17499946057796478 252
1723819181853 0.21318824589252472 253
1723819202087 0.143967404961586 254
1723819222422 0.14076881110668182 255
1723819242701 0.16532620787620544 256
1723819263057 0.13810500502586365 257
1723819283374 0.18697728216648102 258
1723819303665 0.23943455517292023 259
1723819323979 0.11855165660381317 260
1723819344381 0.14995379745960236 261
1723819364548 0.20777082443237305 262
1723819384643 0.15772804617881775 263
1723819405068 0.19958223402500153 264
1723819425377 0.21806025505065918 265
1723819445645 0.20175814628601074 266
1723819465835 0.18678957223892212 267
1723819485915 0.13130423426628113 268
1723819506032 0.21786226332187653 269
1723819526596 0.188482403755188 270
1723819546840 0.1757482886314392 271
1723819566870 0.15584038197994232 272
1723819587234 0.1527162343263626 273
1723819607557 0.18036086857318878 274
1723819627935 0.1688513457775116 275
1723819648334 0.15824757516384125 276
1723819668509 0.16543227434158325 277
1723819688823 0.19734852015972137 278
1723819708921 0.20018282532691956 279
1723819729282 0.15973080694675446 280
1723819749547 0.10088983178138733 281
1723819769494 0.1643802970647812 282
1723819789663 0.2026737779378891 283
1723819809990 0.1292368471622467 284
1723819830077 0.15514422953128815 285
1723819850236 0.12394094467163086 286
1723819870611 0.12673789262771606 287
1723819890508 0.12468859553337097 288
1723819910848 0.19035975635051727 289
1723819931024 0.12306257337331772 290
1723819951167 0.15185241401195526 291
1723819971445 0.20833571255207062 292
1723819991661 0.1472155600786209 293
1723820011725 0.13930121064186096 294
1723820032126 0.18157827854156494 295
1723820052530 0.206053227186203 296
1723820072814 0.19233901798725128 297
1723820093221 0.15450718998908997 298
1723820113669 0.1522478461265564 299
1723820133793 0.16072458028793335 300
1723820153947 0.1725957840681076 301
1723820174329 0.21967796981334686 302
1723820194596 0.2143200933933258 303
1723820214908 0.22498753666877747 304
1723820234941 0.2124793529510498 305
1723820255218 0.191410094499588 306
1723820275518 0.17403799295425415 307
1723820295506 0.173204243183136 308
1723820315633 0.203421488404274 309
1723820335737 0.14636299014091492 310
1723820355675 0.17813536524772644 311
1723820375934 0.17068061232566833 312
1723820396063 0.16992351412773132 313
1723820416114 0.20088645815849304 314
1723820436312 0.19485582411289215 315
1723820456531 0.1724673956632614 316
1723820476779 0.19448880851268768 317
1723820497035 0.16873890161514282 318
1723820517317 0.19044581055641174 319
1723820537446 0.17508728802204132 320
1723820557982 0.15978342294692993 321
1723820578247 0.19086779654026031 322
1723820598269 0.19330167770385742 323
1723820618363 0.1148671880364418 324
1723820638616 0.15617868304252625 325
1723820658970 0.15586654841899872 326
1723820679150 0.17865054309368134 327
1723820699532 0.16424289345741272 328
1723820719694 0.12446904182434082 329
1723820739781 0.17876026034355164 330
1723820759911 0.18136410415172577 331
1723820780046 0.18172353506088257 332
1723820800126 0.21247506141662598 333
1723820820175 0.16309010982513428 334
1723820840401 0.16749832034111023 335
1723820860609 0.2173520028591156 336
1723820880952 0.15839432179927826 337
1723820901165 0.16482029855251312 338
1723820921589 0.21744921803474426 339
1723820941835 0.1657358855009079 340
1723820961987 0.1312749683856964 341
1723820982301 0.12960520386695862 342
1723821002356 0.14473912119865417 343
1723821022455 0.20930807292461395 344
1723821042934 0.20220209658145905 345
1723821063071 0.1574431210756302 346
1723821083373 0.1417565792798996 347
1723821103739 0.16507640480995178 348
1723821123940 0.20670866966247559 349
1723821144012 0.147613987326622 350
1723821164360 0.21314164996147156 351
1723821184514 0.25743070244789124 352
1723821205048 0.21013370156288147 353
1723821225164 0.13877977430820465 354
1723821245177 0.21699416637420654 355
1723821265394 0.23966705799102783 356
1723821285487 0.13382257521152496 357
1723821305710 0.1444990187883377 358
1723821326088 0.21407672762870789 359
1723821346596 0.1499248594045639 360
1723821366562 0.16357506811618805 361
1723821386979 0.15860776603221893 362
1723821407266 0.21998554468154907 363
1723821427375 0.16545885801315308 364
1723821447426 0.170636385679245 365
1723821467682 0.15084701776504517 366
1723821487709 0.16419948637485504 367
1723821507844 0.17930544912815094 368
1723821527854 0.16289061307907104 369
1723821547926 0.18225769698619843 370
1723821568203 0.16485461592674255 371
1723821588468 0.12530237436294556 372
1723821608547 0.24527588486671448 373
1723821628735 0.2500280737876892 374
1723821648820 0.15319256484508514 375
1723821669112 0.13806447386741638 376
1723821689531 0.1274401694536209 377
1723821709667 0.18790669739246368 378
1723821729885 0.1835116744041443 379
1723821750181 0.16392304003238678 380
1723821770437 0.14927378296852112 381
1723821790942 0.15451431274414062 382
1723821811089 0.18295307457447052 383
1723821831374 0.19515810906887054 384
1723821851759 0.1320251226425171 385
1723821871923 0.23983608186244965 386
1723821892211 0.15731199085712433 387
1723821912481 0.13782918453216553 388
1723821932540 0.21437516808509827 389
1723821952695 0.16527166962623596 390
1723821972850 0.15409675240516663 391
1723821993564 0.2179798185825348 392
1723822013775 0.14734944701194763 393
1723822034087 0.180694118142128 394
1723822054555 0.2509844899177551 395
1723822074702 0.13885319232940674 396
1723822094821 0.16881915926933289 397
1723822115064 0.18697504699230194 398
1723822135478 0.12695570290088654 399
1723822155811 0.16172051429748535 400
1723822176157 0.1445493996143341 401
1723822196652 0.16135983169078827 402
1723822216805 0.17494556307792664 403
1723822237035 0.2287735939025879 404
1723822257199 0.1531679481267929 405
1723822277288 0.11108017712831497 406
1723822297458 0.11952286213636398 407
1723822317760 0.2228175699710846 408
1723822337957 0.1201857253909111 409
1723822358348 0.2213699221611023 410
1723822378740 0.25742653012275696 411
1723822398701 0.18356461822986603 412
1723822418967 0.1275140941143036 413
1723822439291 0.1675882786512375 414
1723822459408 0.16386939585208893 415
1723822479530 0.13730363547801971 416
1723822499748 0.1722540408372879 417
1723822520188 0.12497328221797943 418
1723822540264 0.17476481199264526 419
1723822560463 0.15059038996696472 420
1723822580591 0.10197507590055466 421
1723822600780 0.15569724142551422 422
1723822621201 0.21417437493801117 423
1723822641366 0.13751403987407684 424
1723822661686 0.1669439971446991 425
1723822681891 0.19089387357234955 426
1723822701968 0.21707460284233093 427
1723822722281 0.15290498733520508 428
1723822742358 0.163949653506279 429
1723822762552 0.11830129474401474 430
1723822782676 0.16614511609077454 431
1723822803014 0.21622799336910248 432
1723822823165 0.19463254511356354 433
1723822843586 0.19319550693035126 434
1723822863618 0.1945493221282959 435
1723822883741 0.18360748887062073 436
1723822903939 0.22862963378429413 437
1723822924240 0.18679527938365936 438
1723822944616 0.13971862196922302 439
1723822964758 0.16780510544776917 440
1723822984869 0.18598829209804535 441
1723823005244 0.1866174042224884 442
1723823025373 0.1398445963859558 443
1723823045627 0.17164386808872223 444
1723823066049 0.19097043573856354 445
1723823086579 0.1472344994544983 446
1723823106894 0.16795027256011963 447
1723823126985 0.139361172914505 448
1723823147382 0.17136746644973755 449
1723823167686 0.20010705292224884 450
1723823188017 0.1709117889404297 451
1723823208169 0.2097020447254181 452
1723823228620 0.19326388835906982 453
1723823248905 0.180697500705719 454
1723823268955 0.30452805757522583 455
1723823289329 0.23765605688095093 456
1723823309632 0.13197089731693268 457
1723823329833 0.1406487673521042 458
1723823350163 0.18663251399993896 459
1723823370477 0.15171070396900177 460
1723823390488 0.24734443426132202 461
1723823410834 0.1309739053249359 462
1723823430966 0.13909119367599487 463
1723823450992 0.24291977286338806 464
1723823471431 0.23138968646526337 465
1723823491721 0.2042786031961441 466
1723823512073 0.18110942840576172 467
1723823532288 0.18693287670612335 468
1723823552539 0.2101193368434906 469
1723823572593 0.17343288660049438 470
1723823592725 0.21686163544654846 471
1723823613030 0.23268228769302368 472
1723823633237 0.13839030265808105 473
1723823653418 0.13048484921455383 474
1723823673612 0.13584503531455994 475
1723823694148 0.15253564715385437 476
1723823714256 0.13681556284427643 477
1723823734373 0.17784608900547028 478
1723823754684 0.16014985740184784 479
1723823775163 0.21165986359119415 480
1723823795635 0.16141875088214874 481
1723823815793 0.24569088220596313 482
1723823836186 0.2177567034959793 483
1723823856198 0.13891583681106567 484
1723823876587 0.14912919700145721 485
1723823896647 0.2044331133365631 486
1723823916840 0.17695532739162445 487
1723823936993 0.2471754550933838 488
1723823957235 0.19260907173156738 489
1723823977316 0.1372189074754715 490
1723823997359 0.13838794827461243 491
1723824017686 0.17039158940315247 492
1723824037779 0.19900164008140564 493
1723824058067 0.1524622142314911 494
1723824078354 0.19542241096496582 495
1723824098752 0.13818059861660004 496
1723824118961 0.1337428241968155 497
1723824139272 0.13907209038734436 498
1723824159622 0.15465283393859863 499
