1723729064365 0.12060181796550751 0
1723729084591 0.13413335382938385 1
1723729104654 0.1275189369916916 2
1723729124931 0.12301498651504517 3
1723729145040 0.12534034252166748 4
1723729165038 0.12729471921920776 5
1723729185405 0.12256328016519547 6
1723729205643 0.12095479667186737 7
1723729225938 0.12752702832221985 8
1723729246224 0.12385772913694382 9
1723729266523 0.11258604377508163 10
1723729286713 0.10609211772680283 11
1723729306841 0.12071476876735687 12
1723729326888 0.11869394779205322 13
1723729346933 0.12256815284490585 14
1723729367220 0.11452449858188629 15
1723729387331 0.11254539340734482 16
1723729407304 0.11342775076627731 17
1723729427520 0.10695984959602356 18
1723729447887 0.11135198920965195 19
1723729468070 0.1299467831850052 20
1723729488234 0.09872477501630783 21
1723729508427 0.10008994489908218 22
1723729528440 0.10036653280258179 23
1723729548768 0.10451456159353256 24
1723729568887 0.11303804814815521 25
1723729588971 0.11370748281478882 26
1723729609363 0.1146187037229538 27
1723729629650 0.10085374861955643 28
1723729649879 0.11083387583494186 29
1723729670042 0.10431081056594849 30
1723729690187 0.10464024543762207 31
1723729710250 0.10165198147296906 32
1723729730464 0.08905120939016342 33
1723729750616 0.09409616142511368 34
1723729770658 0.09027127176523209 35
1723729790872 0.08000756055116653 36
1723729811063 0.0843370333313942 37
1723729831260 0.08205752819776535 38
1723729851379 0.08933275938034058 39
1723729871634 0.07113388925790787 40
1723729891829 0.07591475546360016 41
1723729912004 0.07465767860412598 42
1723729932202 0.08336044102907181 43
1723729952559 0.08177412301301956 44
1723729972695 0.08119282126426697 45
1723729992658 0.0812622532248497 46
1723730012985 0.07485944777727127 47
1723730033082 0.07134827971458435 48
1723730053297 0.0854882299900055 49
1723730073599 0.06732720136642456 50
1723730093749 0.0736038088798523 51
1723730113818 0.07339862734079361 52
1723730134004 0.07250754535198212 53
1723730154259 0.0675743818283081 54
1723730174302 0.05696636065840721 55
1723730194542 0.08187262713909149 56
1723730214702 0.06438731402158737 57
1723730234692 0.05759872496128082 58
1723730254957 0.06416177749633789 59
1723730274944 0.07287866622209549 60
1723730294926 0.06191734969615936 61
1723730315173 0.05924408510327339 62
1723730335447 0.0668165311217308 63
1723730355676 0.06373603641986847 64
1723730375800 0.06622873991727829 65
1723730395959 0.061528176069259644 66
1723730416154 0.060336630791425705 67
1723730436420 0.06466939300298691 68
1723730456439 0.07708054035902023 69
1723730476394 0.05304838716983795 70
1723730496598 0.06517034024000168 71
1723730516596 0.061990708112716675 72
1723730536671 0.06606850773096085 73
1723730556813 0.06688502430915833 74
1723730577007 0.05402146279811859 75
1723730596991 0.05922286957502365 76
1723730617339 0.04673082008957863 77
1723730637396 0.05642804875969887 78
1723730657595 0.055612605065107346 79
1723730677834 0.06420881301164627 80
1723730698140 0.05749032646417618 81
1723730718235 0.05427243188023567 82
1723730738392 0.0581473633646965 83
1723730758488 0.0620499886572361 84
1723730778678 0.06500796228647232 85
1723730799020 0.049744848161935806 86
1723730819067 0.06289081275463104 87
1723730839087 0.05929766595363617 88
1723730859287 0.04624027758836746 89
1723730879530 0.059839196503162384 90
1723730899596 0.05422139912843704 91
1723730919652 0.04195172339677811 92
1723730939703 0.05428137257695198 93
1723730959829 0.05040508136153221 94
1723730979887 0.057775478810071945 95
1723731000040 0.05490937456488609 96
1723731020197 0.04820007085800171 97
1723731040336 0.054496996104717255 98
1723731060433 0.05627010762691498 99
1723731080508 0.044237956404685974 100
1723731100691 0.062334638088941574 101
1723731120726 0.05304791405797005 102
1723731140943 0.05094057321548462 103
1723731161206 0.057134293019771576 104
1723731181386 0.048121221363544464 105
1723731201453 0.06067889556288719 106
1723731221721 0.0631820559501648 107
1723731241966 0.04366740584373474 108
1723731262091 0.06123010441660881 109
1723731282038 0.058619435876607895 110
1723731302025 0.04753143712878227 111
1723731322199 0.05075009912252426 112
1723731342381 0.05491334944963455 113
1723731362586 0.04723499342799187 114
1723731382589 0.054362937808036804 115
1723731402599 0.051905564963817596 116
1723731422767 0.0440438948571682 117
1723731442841 0.05336523428559303 118
1723731463251 0.05338708311319351 119
1723731483804 0.051185242831707 120
1723731504017 0.03865177184343338 121
1723731524229 0.05566050112247467 122
1723731544365 0.04562503099441528 123
1723731564461 0.05630131810903549 124
1723731584688 0.050214625895023346 125
1723731604754 0.05158013850450516 126
1723731624969 0.04821141064167023 127
1723731645087 0.05605951324105263 128
1723731665095 0.0611538290977478 129
1723731685244 0.042473144829273224 130
1723731705450 0.04552547261118889 131
1723731725715 0.046268947422504425 132
1723731745941 0.057396672666072845 133
1723731765952 0.04562768340110779 134
1723731785990 0.04733483865857124 135
1723731806145 0.047994501888751984 136
1723731826430 0.04187183827161789 137
1723731846487 0.05470652133226395 138
1723731866460 0.0474466048181057 139
1723731886551 0.04991597682237625 140
1723731906907 0.0497143492102623 141
1723731927042 0.04265972599387169 142
1723731947114 0.03935031592845917 143
1723731967473 0.05475888028740883 144
1723731987534 0.049228109419345856 145
1723732007551 0.047230713069438934 146
1723732027780 0.050663720816373825 147
1723732048536 0.05257657170295715 148
1723732068510 0.0473397895693779 149
1723732088561 0.04739253222942352 150
1723732108764 0.04598201438784599 151
1723732128747 0.04357290267944336 152
1723732148799 0.043910641223192215 153
1723732168931 0.045662201941013336 154
1723732189122 0.041583795100450516 155
1723732209253 0.050752438604831696 156
1723732229362 0.05625332146883011 157
1723732249317 0.04664335399866104 158
1723732269441 0.055906765162944794 159
1723732289629 0.052139319479465485 160
1723732309827 0.04491546377539635 161
1723732329901 0.06012928485870361 162
1723732349937 0.0498935803771019 163
1723732370103 0.05095323920249939 164
1723732390285 0.04582618921995163 165
1723732410229 0.05812148004770279 166
1723732430459 0.04697783291339874 167
1723732450491 0.04393836855888367 168
1723732470533 0.043498776853084564 169
1723732490547 0.04767896234989166 170
1723732510549 0.050975024700164795 171
1723732530538 0.0377357080578804 172
1723732550735 0.042595744132995605 173
1723732570888 0.04309988394379616 174
1723732590871 0.0438695028424263 175
1723732610998 0.04564345255494118 176
1723732631230 0.04896003380417824 177
1723732651239 0.0497015044093132 178
1723732671287 0.047966085374355316 179
1723732691383 0.03751596435904503 180
1723732711546 0.04769446700811386 181
1723732731680 0.051555126905441284 182
1723732751964 0.0437166690826416 183
1723732771983 0.04153655096888542 184
1723732792400 0.04162479192018509 185
1723732812585 0.0398554727435112 186
1723732832641 0.04604990780353546 187
1723732853017 0.04428550601005554 188
1723732873249 0.05211733281612396 189
1723732893350 0.04063590615987778 190
1723732913424 0.03750032186508179 191
1723732933505 0.051642946898937225 192
1723732953416 0.049348946660757065 193
1723732973576 0.046353843063116074 194
1723732993669 0.04144800081849098 195
1723733013960 0.057839155197143555 196
1723733034013 0.04540279880166054 197
1723733054193 0.05745449662208557 198
1723733074159 0.03326195105910301 199
1723733094222 0.045077063143253326 200
1723733114811 0.050416115671396255 201
1723733135335 0.04024502635002136 202
1723733155389 0.04109540581703186 203
1723733175647 0.036716435104608536 204
1723733195645 0.043808091431856155 205
1723733215830 0.03635961562395096 206
1723733236125 0.035754911601543427 207
1723733256277 0.04309718683362007 208
1723733276403 0.03735955059528351 209
1723733296529 0.0455755740404129 210
1723733316540 0.04006824269890785 211
1723733336692 0.046208705753088 212
1723733356746 0.051095232367515564 213
1723733376794 0.04419642314314842 214
1723733396996 0.04119069129228592 215
1723733417144 0.045808129012584686 216
1723733437175 0.03567158058285713 217
1723733457385 0.03039051592350006 218
1723733477315 0.046189408749341965 219
1723733497415 0.04611227661371231 220
1723733517502 0.052306562662124634 221
1723733537533 0.038259632885456085 222
1723733557559 0.03959709778428078 223
1723733577692 0.04877824708819389 224
1723733597811 0.047413259744644165 225
1723733617847 0.04725331813097 226
1723733637934 0.04655873775482178 227
1723733657978 0.056481972336769104 228
1723733678062 0.045015960931777954 229
1723733698297 0.04603883996605873 230
1723733718261 0.04519274830818176 231
1723733738329 0.038437869399785995 232
1723733758460 0.03784614056348801 233
1723733778586 0.0419333353638649 234
1723733798808 0.03962057828903198 235
1723733818896 0.03849058225750923 236
1723733838839 0.04153198376297951 237
1723733858898 0.038964446634054184 238
1723733879004 0.052533652633428574 239
1723733898976 0.03494090214371681 240
1723733919441 0.046709802001714706 241
1723733939620 0.031438879668712616 242
1723733959674 0.047557756304740906 243
1723733979785 0.04240330681204796 244
1723733999818 0.044525839388370514 245
1723734019869 0.043234821408987045 246
1723734040035 0.04351728782057762 247
1723734060149 0.05163015425205231 248
1723734080501 0.04153638333082199 249
1723734100570 0.055896759033203125 250
1723734120675 0.042239703238010406 251
1723734140720 0.04103677719831467 252
1723734160907 0.04561633989214897 253
1723734181223 0.05205274373292923 254
1723734201582 0.0573766715824604 255
1723734221655 0.04076124355196953 256
1723734241726 0.045790642499923706 257
1723734261693 0.0351429246366024 258
1723734282037 0.05006295442581177 259
1723734302054 0.04096826910972595 260
1723734321963 0.04794997349381447 261
1723734342062 0.04628114774823189 262
1723734362163 0.036631546914577484 263
1723734382691 0.03261356055736542 264
1723734403142 0.03603009507060051 265
1723734423197 0.04929684102535248 266
1723734443284 0.03889314457774162 267
1723734463428 0.039648909121751785 268
1723734483562 0.041284769773483276 269
1723734503584 0.039460331201553345 270
1723734523739 0.04098011180758476 271
1723734543853 0.046541083604097366 272
1723734564010 0.046555452048778534 273
1723734584350 0.043058983981609344 274
1723734604338 0.04315388202667236 275
1723734624466 0.04838920757174492 276
1723734644662 0.04332735762000084 277
1723734664696 0.040863342583179474 278
1723734685132 0.0497242696583271 279
1723734705147 0.03895578533411026 280
1723734725221 0.03720090165734291 281
1723734745260 0.04262818396091461 282
1723734765573 0.04154259338974953 283
1723734785688 0.038116294890642166 284
1723734805877 0.04546261578798294 285
1723734825858 0.040495146065950394 286
1723734845930 0.036016691476106644 287
1723734866055 0.058523762971162796 288
1723734886029 0.027062444016337395 289
1723734906516 0.031089983880519867 290
1723734926898 0.04303642734885216 291
1723734947138 0.05213220790028572 292
1723734967301 0.05418911203742027 293
1723734987618 0.04407250136137009 294
1723735007862 0.04547502472996712 295
1723735027933 0.03925856947898865 296
1723735048177 0.038999736309051514 297
1723735068263 0.04259493201971054 298
1723735088324 0.041677914559841156 299
1723735108580 0.04436924308538437 300
1723735128783 0.04512801021337509 301
1723735148914 0.04024234414100647 302
1723735168928 0.038855429738759995 303
1723735189181 0.04764062166213989 304
1723735209386 0.04176584631204605 305
1723735229674 0.032441481947898865 306
1723735249935 0.04562012851238251 307
1723735270158 0.0351860411465168 308
1723735290395 0.05712543800473213 309
1723735310403 0.03985752910375595 310
1723735330655 0.03842911496758461 311
1723735350796 0.046787358820438385 312
1723735371032 0.035119201987981796 313
1723735391166 0.03157920390367508 314
1723735411439 0.04165634140372276 315
1723735431627 0.043658606708049774 316
1723735451779 0.05693601444363594 317
1723735472021 0.034922659397125244 318
1723735492125 0.03820713609457016 319
1723735512234 0.04275096207857132 320
1723735532607 0.03320245444774628 321
1723735552746 0.039141856133937836 322
1723735572839 0.0381445586681366 323
1723735593012 0.04084509238600731 324
1723735613067 0.04022933915257454 325
1723735633422 0.04445946216583252 326
1723735653534 0.041642725467681885 327
1723735673636 0.049821607768535614 328
1723735693750 0.04730668663978577 329
1723735714282 0.04528261721134186 330
1723735734286 0.04169168323278427 331
1723735754528 0.052954912185668945 332
1723735774683 0.05133914574980736 333
1723735794718 0.034194353967905045 334
1723735815140 0.03900914639234543 335
1723735835213 0.03544073551893234 336
1723735855418 0.030571579933166504 337
1723735875635 0.03866151347756386 338
1723735895997 0.037656839936971664 339
1723735916217 0.04432254657149315 340
1723735936359 0.03371148928999901 341
1723735956490 0.03809719160199165 342
1723735976562 0.052496183663606644 343
1723735996774 0.04925158992409706 344
1723736016849 0.035739749670028687 345
1723736037101 0.04429323226213455 346
1723736057169 0.0410943441092968 347
1723736077420 0.047714315354824066 348
1723736097632 0.0402211993932724 349
1723736117706 0.04414220154285431 350
1723736137871 0.037914179265499115 351
1723736158185 0.043688274919986725 352
1723736178363 0.05089271813631058 353
1723736198462 0.044824160635471344 354
1723736218904 0.044257573783397675 355
1723736239127 0.04375031217932701 356
1723736259518 0.03473377227783203 357
1723736279808 0.03609819337725639 358
1723736300105 0.043730176985263824 359
1723736320130 0.03904980048537254 360
1723736340365 0.039145901799201965 361
1723736360507 0.0442335270345211 362
1723736380581 0.04459396004676819 363
1723736400661 0.05041341483592987 364
1723736421535 0.04778842628002167 365
1723736441613 0.039667896926403046 366
1723736461707 0.03857899457216263 367
1723736481794 0.046684689819812775 368
1723736501951 0.04166077449917793 369
1723736522198 0.05177745968103409 370
1723736542317 0.02948838658630848 371
1723736562559 0.056585706770420074 372
1723736582747 0.044330842792987823 373
1723736602834 0.03347552567720413 374
1723736623143 0.033546868711709976 375
1723736643335 0.04478272795677185 376
1723736663444 0.0353105328977108 377
1723736683570 0.035706475377082825 378
1723736703970 0.04223695397377014 379
1723736724319 0.03576695919036865 380
1723736744531 0.036233361810445786 381
1723736764659 0.04748176038265228 382
1723736784858 0.04380538687109947 383
1723736805117 0.041324544697999954 384
1723736825304 0.03937184810638428 385
1723736845362 0.035014353692531586 386
1723736865515 0.04312950372695923 387
1723736885656 0.048982877284288406 388
1723736905665 0.046558596193790436 389
1723736925873 0.04254776984453201 390
1723736945955 0.047531429678201675 391
1723736966064 0.04057370871305466 392
1723736986458 0.042744580656290054 393
1723737006908 0.03230520337820053 394
1723737027049 0.03611256927251816 395
1723737047363 0.03675790876150131 396
1723737067436 0.0356973335146904 397
1723737087408 0.03878963366150856 398
1723737107703 0.03077160194516182 399
1723737127926 0.04263101518154144 400
1723737148330 0.0430038645863533 401
1723737168472 0.041194599121809006 402
1723737188649 0.03992168977856636 403
1723737208731 0.040819618850946426 404
1723737229218 0.051043905317783356 405
1723737249316 0.035215266048908234 406
1723737269365 0.05121762305498123 407
1723737289478 0.04198816046118736 408
1723737309578 0.04201802238821983 409
1723737329666 0.03562840446829796 410
1723737349821 0.035963863134384155 411
1723737370207 0.04697060585021973 412
1723737390820 0.04674112796783447 413
1723737411619 0.029839960858225822 414
1723737432565 0.033633455634117126 415
1723737453360 0.03764741122722626 416
1723737474148 0.050134073942899704 417
1723737495291 0.03347359970211983 418
1723737515524 0.04689104110002518 419
1723737535779 0.0416264533996582 420
1723737555915 0.03519292548298836 421
1723737576299 0.029572350904345512 422
1723737596713 0.03944024443626404 423
1723737616908 0.04818139970302582 424
1723737637173 0.040539614856243134 425
1723737657184 0.039783865213394165 426
1723737677341 0.042201463133096695 427
1723737697453 0.03933684527873993 428
1723737717506 0.04049127921462059 429
1723737737837 0.04537169262766838 430
1723737758222 0.041762370616197586 431
1723737778300 0.040956199169158936 432
1723737798444 0.035947784781455994 433
1723737818610 0.04148326814174652 434
1723737838702 0.04578210413455963 435
1723737859052 0.03307700902223587 436
1723737879233 0.039515454322099686 437
1723737899608 0.037961266934871674 438
1723737919679 0.05209268629550934 439
1723737939852 0.041988905519247055 440
1723737960096 0.039749398827552795 441
1723737980497 0.032256294041872025 442
1723738000607 0.05129912495613098 443
1723738020729 0.02961454540491104 444
1723738041056 0.03400546312332153 445
1723738061255 0.056447044014930725 446
1723738081377 0.03783426433801651 447
1723738101737 0.034885223954916 448
1723738121988 0.043471887707710266 449
1723738142088 0.046991072595119476 450
1723738162177 0.04433092102408409 451
1723738182308 0.03699696063995361 452
1723738202476 0.042074862867593765 453
1723738222645 0.0368088036775589 454
1723738242823 0.046877000480890274 455
1723738263198 0.05462982878088951 456
1723738284249 0.053800296038389206 457
1723738304610 0.034856684505939484 458
1723738324671 0.036540549248456955 459
1723738344892 0.04086099937558174 460
1723738365217 0.04006369411945343 461
1723738385616 0.04169851541519165 462
1723738405758 0.0433461032807827 463
1723738426032 0.03817625343799591 464
1723738446223 0.04651280865073204 465
1723738466294 0.03386838734149933 466
1723738486491 0.03108960948884487 467
1723738506635 0.06609006971120834 468
1723738526813 0.036187272518873215 469
1723738546943 0.041124194860458374 470
1723738567132 0.04255109280347824 471
1723738587313 0.036917995661497116 472
1723738607438 0.044153522700071335 473
1723738627664 0.03596055880188942 474
1723738647878 0.03229442983865738 475
1723738668219 0.05521000921726227 476
1723738688658 0.036855366080999374 477
1723738708993 0.04413342848420143 478
1723738729084 0.03857303410768509 479
1723738749407 0.03254477307200432 480
1723738769895 0.03819594532251358 481
1723738790396 0.04515955597162247 482
1723738810607 0.04433675855398178 483
1723738830749 0.039456628262996674 484
1723738851032 0.03958775848150253 485
1723738871229 0.03433215618133545 486
1723738891441 0.04224186763167381 487
1723738911788 0.032844237983226776 488
1723738931826 0.04034309461712837 489
1723738951982 0.0407809317111969 490
1723738972220 0.0339411161839962 491
1723738992466 0.04353506863117218 492
1723739012628 0.052759185433387756 493
1723739032889 0.029297875240445137 494
1723739053067 0.038110725581645966 495
1723739073237 0.03890044242143631 496
1723739093315 0.041777703911066055 497
1723739113514 0.044030237942934036 498
1723739133949 0.03987336903810501 499
