1723834297167 0.5787078142166138 0
1723834318293 0.4528193771839142 1
1723834338822 0.3997824490070343 2
1723834359002 0.3175866901874542 3
1723834379289 0.2951752543449402 4
1723834399545 0.2454993724822998 5
1723834419636 0.22521531581878662 6
1723834440138 0.21202342212200165 7
1723834460324 0.1894577443599701 8
1723834480491 0.19037741422653198 9
1723834500611 0.16229261457920074 10
1723834520909 0.14651979506015778 11
1723834541231 0.15440617501735687 12
1723834561394 0.14189746975898743 13
1723834581734 0.12776194512844086 14
1723834601616 0.1384449303150177 15
1723834621753 0.13286742568016052 16
1723834641838 0.12562525272369385 17
1723834662120 0.11768919974565506 18
1723834682272 0.11010551452636719 19
1723834702234 0.13170413672924042 20
1723834722573 0.10124441236257553 21
1723834742766 0.14668922126293182 22
1723834762881 0.11644940078258514 23
1723834782967 0.09923801571130753 24
1723834803211 0.09788250178098679 25
1723834823267 0.09870888292789459 26
1723834843474 0.11745022237300873 27
1723834863561 0.09675726294517517 28
1723834883733 0.08677072823047638 29
1723834904169 0.09800322353839874 30
1723834924453 0.09511315077543259 31
1723834944542 0.09369193762540817 32
1723834964598 0.09021255373954773 33
1723834984881 0.08162428438663483 34
1723835004866 0.08838249742984772 35
1723835025240 0.07817037403583527 36
1723835045591 0.09377657622098923 37
1723835065685 0.09046178311109543 38
1723835085935 0.08091504126787186 39
1723835106105 0.09115401655435562 40
1723835126356 0.08285661041736603 41
1723835146384 0.0890892967581749 42
1723835166399 0.0899210199713707 43
1723835186484 0.07323423027992249 44
1723835206543 0.07666229456663132 45
1723835226749 0.08544838428497314 46
1723835247008 0.07961487025022507 47
1723835267134 0.08107585459947586 48
1723835287250 0.08278892189264297 49
1723835307536 0.0762011855840683 50
1723835327766 0.0777374804019928 51
1723835348146 0.08482500165700912 52
1723835368292 0.07846398651599884 53
1723835388406 0.07662700116634369 54
1723835408562 0.07153547555208206 55
1723835428846 0.07482316344976425 56
1723835449267 0.07833347469568253 57
1723835469373 0.08088918775320053 58
1723835489544 0.07376280426979065 59
1723835509752 0.07321294397115707 60
1723835529966 0.07961329072713852 61
1723835550109 0.0792393609881401 62
1723835570200 0.07249248772859573 63
1723835590349 0.07476656138896942 64
1723835610569 0.06700924783945084 65
1723835630846 0.07598976045846939 66
1723835650899 0.07827173173427582 67
1723835671076 0.0657082051038742 68
1723835691275 0.06320004165172577 69
1723835711315 0.06360643357038498 70
1723835731648 0.06904374063014984 71
1723835751951 0.062048446387052536 72
1723835772145 0.0692528486251831 73
1723835792441 0.07243131101131439 74
1723835812664 0.05624177306890488 75
1723835832771 0.06408432126045227 76
1723835853074 0.06782606244087219 77
1723835873283 0.06596792489290237 78
1723835893538 0.06137583404779434 79
1723835913838 0.07455423474311829 80
1723835934371 0.06266878545284271 81
1723835954330 0.06799045950174332 82
1723835974536 0.05981570482254028 83
1723835994634 0.07211429625749588 84
1723836014926 0.06607941538095474 85
1723836035006 0.06465575844049454 86
1723836055260 0.061398670077323914 87
1723836075626 0.07113183289766312 88
1723836095948 0.06576266139745712 89
1723836116096 0.056288789957761765 90
1723836136231 0.05879358947277069 91
1723836156538 0.062089405953884125 92
1723836176796 0.06117189675569534 93
1723836197153 0.057452261447906494 94
1723836217383 0.06623505800962448 95
1723836237655 0.0654333233833313 96
1723836257746 0.0561474934220314 97
1723836277975 0.0667918249964714 98
1723836298045 0.060817256569862366 99
1723836318056 0.061588700860738754 100
1723836338164 0.062446631491184235 101
1723836358135 0.05300107225775719 102
1723836378249 0.06315959990024567 103
1723836398314 0.055571965873241425 104
1723836418302 0.06499900668859482 105
1723836438568 0.05017543584108353 106
1723836458847 0.06134093180298805 107
1723836479065 0.05680433660745621 108
1723836499196 0.06318846344947815 109
1723836519439 0.059936169534921646 110
1723836539458 0.04985634610056877 111
1723836559967 0.06262847036123276 112
1723836580193 0.058047279715538025 113
1723836600271 0.06027636304497719 114
1723836620476 0.0525750108063221 115
1723836640663 0.05684388801455498 116
1723836660963 0.05669486150145531 117
1723836681556 0.059930380433797836 118
1723836701581 0.06431674212217331 119
1723836721894 0.05426755174994469 120
1723836741929 0.06241024285554886 121
1723836762155 0.05966078117489815 122
1723836782208 0.06299854069948196 123
1723836802235 0.05765105038881302 124
1723836822459 0.05973220616579056 125
1723836842574 0.06056319922208786 126
1723836862783 0.052043475210666656 127
1723836882903 0.049639977514743805 128
1723836903163 0.056825146079063416 129
1723836923422 0.05225037410855293 130
1723836943275 0.05621230602264404 131
1723836963576 0.05845445394515991 132
1723836983750 0.063128262758255 133
1723837003931 0.05340723320841789 134
1723837024213 0.051403410732746124 135
1723837044424 0.05526944622397423 136
1723837064421 0.05857084318995476 137
1723837084594 0.055915266275405884 138
1723837104747 0.05322353541851044 139
1723837125552 0.04904947429895401 140
1723837145709 0.06088411062955856 141
1723837165769 0.05613406375050545 142
1723837185854 0.056087758392095566 143
1723837205921 0.05590979382395744 144
1723837225992 0.056478433310985565 145
1723837245946 0.0529857762157917 146
1723837265922 0.05510606989264488 147
1723837286260 0.05807826295495033 148
1723837306258 0.04991364851593971 149
1723837326658 0.049324098974466324 150
1723837346700 0.05772579833865166 151
1723837366829 0.04591580480337143 152
1723837387089 0.04961983114480972 153
1723837407096 0.05054386332631111 154
1723837427167 0.05372411012649536 155
1723837447280 0.042348895221948624 156
1723837467448 0.05763495713472366 157
1723837487647 0.048305049538612366 158
1723837507793 0.05969024449586868 159
1723837527939 0.05281217768788338 160
1723837548261 0.05790796875953674 161
1723837568260 0.046841543167829514 162
1723837588211 0.05219179019331932 163
1723837608385 0.049122802913188934 164
1723837628613 0.047489769756793976 165
1723837648845 0.046084702014923096 166
1723837669260 0.05105394124984741 167
1723837689442 0.05202409625053406 168
1723837709748 0.05261671915650368 169
1723837731147 0.04332263022661209 170
1723837752748 0.050592996180057526 171
1723837772964 0.051691487431526184 172
1723837793178 0.051628291606903076 173
1723837813358 0.049098312854766846 174
1723837833372 0.04856808856129646 175
1723837853602 0.043398212641477585 176
1723837873688 0.050180383026599884 177
1723837893993 0.045871246606111526 178
1723837914431 0.05139216408133507 179
1723837934803 0.06012197583913803 180
1723837954802 0.044341959059238434 181
1723837974964 0.054205283522605896 182
1723837995071 0.05409572646021843 183
1723838015342 0.05205540359020233 184
1723838035286 0.050061702728271484 185
1723838055483 0.05360889062285423 186
1723838075496 0.0523354671895504 187
1723838095497 0.048048507422208786 188
1723838115546 0.04868616908788681 189
1723838135899 0.05692417919635773 190
1723838155924 0.05100248381495476 191
1723838176033 0.04864833131432533 192
1723838196093 0.05944810435175896 193
1723838216487 0.05445132404565811 194
1723838236530 0.05087697505950928 195
1723838256596 0.051939912140369415 196
1723838276648 0.0563865527510643 197
1723838296534 0.050576429814100266 198
1723838316746 0.04426996037364006 199
1723838336871 0.058869097381830215 200
1723838357088 0.05645608901977539 201
1723838377216 0.04741214960813522 202
1723838397318 0.05246543511748314 203
1723838417577 0.05119937285780907 204
1723838438045 0.05040724202990532 205
1723838458675 0.04951567202806473 206
1723838478886 0.048437487334012985 207
1723838498914 0.050981126725673676 208
1723838519160 0.04771818593144417 209
1723838539142 0.05668738856911659 210
1723838559290 0.051769547164440155 211
1723838579377 0.05496623367071152 212
1723838599311 0.049443695694208145 213
1723838619825 0.05255148559808731 214
1723838639853 0.05173632502555847 215
1723838659829 0.049336377531290054 216
1723838680084 0.04884861782193184 217
1723838700091 0.05602642893791199 218
1723838720059 0.049012139439582825 219
1723838740314 0.0464584156870842 220
1723838760594 0.04836968332529068 221
1723838780580 0.05556792393326759 222
1723838800690 0.05303794518113136 223
1723838820964 0.048932597041130066 224
1723838841056 0.04470411315560341 225
1723838861192 0.05681771785020828 226
1723838881078 0.049275003373622894 227
1723838901375 0.04847874864935875 228
1723838921634 0.04859531298279762 229
1723838941762 0.055744245648384094 230
1723838961906 0.046762071549892426 231
1723838981990 0.04862719774246216 232
1723839002070 0.04819820076227188 233
1723839022427 0.04674161970615387 234
1723839042482 0.05167657509446144 235
1723839062609 0.05240338668227196 236
1723839082698 0.047280214726924896 237
1723839102725 0.04408741742372513 238
1723839122843 0.05121377855539322 239
1723839142964 0.048726070672273636 240
1723839163387 0.04344726353883743 241
1723839183620 0.054861780256032944 242
1723839203841 0.052250005304813385 243
1723839223848 0.04769238829612732 244
1723839243758 0.05206991732120514 245
1723839263917 0.04828782379627228 246
1723839284195 0.0512816421687603 247
1723839304458 0.05163402110338211 248
1723839324723 0.05759177729487419 249
1723839344801 0.05648506432771683 250
1723839364742 0.0510375089943409 251
1723839384933 0.046383023262023926 252
1723839405065 0.04331519827246666 253
1723839425115 0.050040386617183685 254
1723839445177 0.04967350512742996 255
1723839465215 0.048961251974105835 256
1723839485360 0.057009853422641754 257
1723839505507 0.0557342953979969 258
1723839525478 0.048031460493803024 259
1723839545484 0.04624737799167633 260
1723839565548 0.05364016070961952 261
1723839585632 0.047044891864061356 262
1723839606150 0.057244572788476944 263
1723839626257 0.04689176380634308 264
1723839646316 0.04754433035850525 265
1723839666377 0.05241475999355316 266
1723839686459 0.04531478136777878 267
1723839706686 0.04617084190249443 268
1723839726682 0.04900335520505905 269
1723839746964 0.05018407851457596 270
1723839767096 0.046184755861759186 271
1723839787180 0.04214790463447571 272
1723839807279 0.05047810077667236 273
1723839827505 0.04934730753302574 274
1723839847725 0.0487523153424263 275
1723839867831 0.05291926860809326 276
1723839888236 0.05478352680802345 277
1723839908307 0.058643341064453125 278
1723839928389 0.045498404651880264 279
1723839948439 0.04991181567311287 280
1723839968427 0.042934879660606384 281
1723839988538 0.04439127817749977 282
1723840008692 0.04131098464131355 283
1723840028896 0.043255046010017395 284
1723840049022 0.04939107224345207 285
1723840069026 0.04652244225144386 286
1723840089086 0.0446891151368618 287
1723840109823 0.04960384964942932 288
1723840129688 0.051872529089450836 289
1723840149669 0.041295748203992844 290
1723840169630 0.04123307019472122 291
1723840189607 0.046063169836997986 292
1723840209656 0.04876033589243889 293
1723840229700 0.05015164241194725 294
1723840249822 0.05313338339328766 295
1723840269984 0.048929423093795776 296
1723840290184 0.05085146054625511 297
1723840310125 0.04332762956619263 298
1723840330368 0.05230453982949257 299
1723840350433 0.051163673400878906 300
1723840370628 0.0441766083240509 301
1723840390970 0.05533018708229065 302
1723840411292 0.048162203282117844 303
1723840431478 0.04577702283859253 304
1723840451621 0.04867523908615112 305
1723840471664 0.04590311646461487 306
1723840491606 0.04679010808467865 307
1723840511757 0.05989037826657295 308
1723840531678 0.0469823032617569 309
1723840551591 0.04416976869106293 310
1723840571705 0.044417932629585266 311
1723840591814 0.05024173483252525 312
1723840611841 0.04512031748890877 313
1723840631980 0.05536298081278801 314
1723840651967 0.050100214779376984 315
1723840672091 0.05315660312771797 316
1723840692441 0.051802054047584534 317
1723840712582 0.04839488863945007 318
1723840732478 0.051854707300662994 319
1723840752704 0.056955210864543915 320
1723840772890 0.04809638857841492 321
1723840792981 0.05087605118751526 322
1723840813036 0.0489334911108017 323
1723840833307 0.0554191991686821 324
1723840853266 0.04480143263936043 325
1723840873418 0.04874890297651291 326
1723840893541 0.04558796063065529 327
1723840914647 0.0461050420999527 328
1723840934879 0.04839888587594032 329
1723840955006 0.048176899552345276 330
1723840975334 0.05345429852604866 331
1723840996223 0.05226512253284454 332
1723841017213 0.05144849047064781 333
1723841038318 0.048649728298187256 334
1723841059201 0.05021029710769653 335
1723841080106 0.047175537794828415 336
1723841101046 0.04542548209428787 337
1723841121903 0.04925679787993431 338
1723841142150 0.04847772791981697 339
1723841162314 0.04707754775881767 340
1723841182535 0.048980679363012314 341
1723841203803 0.04539202153682709 342
1723841224680 0.051518309861421585 343
1723841244853 0.051677510142326355 344
1723841265000 0.049930453300476074 345
1723841285121 0.0490274503827095 346
1723841305205 0.046297624707221985 347
1723841325459 0.04908778518438339 348
1723841345630 0.04907231405377388 349
1723841365662 0.047981828451156616 350
1723841385667 0.048487450927495956 351
1723841405733 0.054800845682621 352
1723841425841 0.0518360398709774 353
1723841446202 0.05025266855955124 354
1723841466338 0.048535872250795364 355
1723841486458 0.04652383178472519 356
1723841506628 0.044423602521419525 357
1723841526868 0.051799923181533813 358
1723841547009 0.05142952501773834 359
1723841567385 0.050041407346725464 360
1723841587376 0.050697874277830124 361
1723841607821 0.05132841318845749 362
1723841628043 0.04604477062821388 363
1723841648053 0.047785237431526184 364
1723841668132 0.05434800311923027 365
1723841688230 0.04995838925242424 366
1723841708179 0.04771912470459938 367
1723841728332 0.04198980703949928 368
1723841748284 0.047405507415533066 369
1723841768686 0.0469633974134922 370
1723841788753 0.04904111474752426 371
1723841808924 0.04874379560351372 372
1723841829134 0.041184764355421066 373
1723841849231 0.03829265013337135 374
1723841869392 0.04754725471138954 375
1723841889678 0.05181875824928284 376
1723841909870 0.05336201563477516 377
1723841929956 0.04591156542301178 378
1723841949908 0.042381033301353455 379
1723841970091 0.05092915892601013 380
1723841990116 0.04741745442152023 381
1723842010118 0.046050768345594406 382
1723842030131 0.046851422637701035 383
1723842050123 0.046147577464580536 384
1723842070107 0.05355829373002052 385
1723842090250 0.052352629601955414 386
1723842110439 0.043854281306266785 387
1723842130409 0.051356565207242966 388
1723842150457 0.04390215873718262 389
1723842170423 0.044388920068740845 390
1723842190437 0.05428840219974518 391
1723842210619 0.05356902256608009 392
1723842230668 0.04627576097846031 393
1723842250648 0.04518018290400505 394
1723842270817 0.043606773018836975 395
1723842290820 0.044656772166490555 396
1723842310819 0.048422276973724365 397
1723842331002 0.04984326660633087 398
1723842351072 0.04427061602473259 399
1723842371430 0.050985414534807205 400
1723842392079 0.04479140788316727 401
1723842412368 0.05172766372561455 402
1723842432594 0.050141945481300354 403
1723842452635 0.04678396135568619 404
1723842472728 0.049453433603048325 405
1723842492790 0.04411844164133072 406
1723842513086 0.045634496957063675 407
1723842532970 0.041787344962358475 408
1723842553113 0.04734829440712929 409
1723842573151 0.04558529704809189 410
1723842593123 0.045814305543899536 411
1723842613304 0.044711578637361526 412
1723842633475 0.04361048340797424 413
1723842653395 0.04562658444046974 414
1723842673641 0.05026187002658844 415
1723842693724 0.05004289001226425 416
1723842713732 0.046375252306461334 417
1723842734211 0.049857985228300095 418
1723842754585 0.04603519290685654 419
1723842774573 0.049645908176898956 420
1723842794644 0.05270634591579437 421
1723842814973 0.048762448132038116 422
1723842834920 0.04566756635904312 423
1723842855181 0.056072697043418884 424
1723842875347 0.04896353557705879 425
1723842895458 0.0629025474190712 426
1723842915909 0.04507802426815033 427
1723842936116 0.0523005947470665 428
1723842956324 0.047930892556905746 429
1723842976373 0.04578057676553726 430
1723842996656 0.04507101699709892 431
1723843016848 0.047936078161001205 432
1723843036967 0.049073293805122375 433
1723843057242 0.04544416442513466 434
1723843077370 0.06051415950059891 435
1723843097580 0.04579617455601692 436
1723843117763 0.05044595152139664 437
1723843137811 0.04411022365093231 438
1723843157991 0.04735701158642769 439
1723843178451 0.0482398122549057 440
1723843198465 0.04729568213224411 441
1723843218507 0.05518351122736931 442
1723843238629 0.04689532145857811 443
1723843258645 0.05584431812167168 444
1723843278808 0.042506348341703415 445
1723843298977 0.04285658523440361 446
1723843319054 0.04750494658946991 447
1723843339262 0.04976127669215202 448
1723843359437 0.039659108966588974 449
1723843379806 0.037999387830495834 450
1723843399964 0.044305186718702316 451
1723843420016 0.04081140458583832 452
1723843440024 0.04432852193713188 453
1723843460259 0.050661422312259674 454
1723843480218 0.049352407455444336 455
1723843500361 0.04860219731926918 456
1723843520508 0.05219566076993942 457
1723843540656 0.05642741173505783 458
1723843560765 0.04990463703870773 459
1723843580980 0.05270634964108467 460
1723843601277 0.044046103954315186 461
1723843621543 0.049246810376644135 462
1723843641686 0.04061663895845413 463
1723843661633 0.04141693189740181 464
1723843682075 0.043238118290901184 465
1723843702267 0.04273557662963867 466
1723843722425 0.04784709960222244 467
1723843742401 0.05006927624344826 468
1723843762347 0.045557137578725815 469
1723843782269 0.05136571079492569 470
1723843802378 0.052597980946302414 471
1723843822358 0.04892871156334877 472
1723843842343 0.05152134969830513 473
1723843862373 0.04968620464205742 474
1723843882380 0.04298856481909752 475
1723843902459 0.05149571970105171 476
1723843922573 0.04848695918917656 477
1723843943071 0.04028758034110069 478
1723843963092 0.04942367225885391 479
1723843983493 0.04779382795095444 480
1723844003976 0.051872096955776215 481
1723844024348 0.04133503884077072 482
1723844044415 0.052836231887340546 483
1723844064425 0.041281357407569885 484
1723844084500 0.05407405272126198 485
1723844104486 0.04372261092066765 486
1723844124680 0.041679903864860535 487
1723844144736 0.04794277250766754 488
1723844164838 0.05482881888747215 489
1723844184846 0.0393519252538681 490
1723844204899 0.044975437223911285 491
1723844225100 0.04757072776556015 492
1723844245488 0.056460920721292496 493
1723844265420 0.04499092325568199 494
1723844285529 0.05234123021364212 495
1723844305556 0.04800451174378395 496
1723844325655 0.051158130168914795 497
1723844345942 0.0571470782160759 498
1723844365908 0.04820232838392258 499
