1724531975524 0.16762810945510864 0
1724531976788 0.06942860782146454 1
1724531978118 0.06979887932538986 2
1724531979485 0.06953858584165573 3
1724531980827 0.06661514937877655 4
1724531982186 0.060740262269973755 5
1724531983517 0.05628308653831482 6
1724531984843 0.053539156913757324 7
1724531986173 0.05504249408841133 8
1724531987507 0.058142244815826416 9
1724531988849 0.05608358606696129 10
1724531990179 0.051458485424518585 11
1724531991512 0.056935857981443405 12
1724531992847 0.050807055085897446 13
1724531994169 0.05388514697551727 14
1724531995492 0.1445818692445755 15
1724531996831 0.05159774422645569 16
1724531998175 0.049930691719055176 17
1724531999519 0.04817591607570648 18
1724532000869 0.13496893644332886 19
1724532002202 0.050650715827941895 20
1724532003532 0.05050177127122879 21
1724532004857 0.04465993121266365 22
1724532006186 0.048764895647764206 23
1724532007511 0.0495755635201931 24
1724532008844 0.051832906901836395 25
1724532010169 0.04789159819483757 26
1724532011499 0.051672935485839844 27
1724532012831 0.045155737549066544 28
1724532014193 0.04509244114160538 29
1724532015527 0.046682585030794144 30
1724532016858 0.04667288064956665 31
1724532018183 0.04748166352510452 32
1724532019509 0.053406063467264175 33
1724532020832 0.046386346220970154 34
1724532022157 0.04250630736351013 35
1724532023477 0.04494785889983177 36
1724532024806 0.04482382908463478 37
1724532026136 0.04893863946199417 38
1724532027455 0.04085564613342285 39
1724532028794 0.04830647259950638 40
1724532030125 0.05033332109451294 41
1724532031466 0.046223875135183334 42
1724532032813 0.0476241298019886 43
1724532034148 0.04488818719983101 44
1724532035475 0.04572022706270218 45
1724532036794 0.04527675732970238 46
1724532038120 0.048952750861644745 47
1724532039439 0.04792880266904831 48
1724532040760 0.04648517444729805 49
1724532042083 0.046297550201416016 50
1724532043407 0.04526780918240547 51
1724532044748 0.045084159821271896 52
1724532046072 0.04409072920680046 53
1724532047389 0.0436321422457695 54
1724532048713 0.04957925155758858 55
1724532050047 0.04445262253284454 56
1724532051372 0.0524730384349823 57
1724532052693 0.045062802731990814 58
1724532054010 0.04216959327459335 59
1724532055333 0.0435405857861042 60
1724532056658 0.04665827751159668 61
1724532057997 0.04239145666360855 62
1724532059321 0.0409187413752079 63
1724532060646 0.04385625943541527 64
1724532061976 0.13279999792575836 65
1724532063306 0.044520411640405655 66
1724532064629 0.044588301330804825 67
1724532065965 0.04210173711180687 68
1724532067296 0.039244331419467926 69
1724532068623 0.04735718294978142 70
1724532069944 0.039224300533533096 71
1724532071279 0.037612270563840866 72
1724532072593 0.03819136694073677 73
1724532073914 0.04022468626499176 74
1724532075235 0.04602119326591492 75
1724532076564 0.04860345274209976 76
1724532077886 0.04563641548156738 77
1724532079203 0.04316860809922218 78
1724532080522 0.04179181531071663 79
1724532081851 0.04535721242427826 80
1724532084226 0.044312357902526855 81
1724532085376 0.04131382703781128 82
1724532086623 0.044017493724823 83
1724532087966 0.042805418372154236 84
1724532089345 0.04149987921118736 85
1724532090709 0.046054281294345856 86
1724532092042 0.04297104477882385 87
1724532093364 0.039424069225788116 88
1724532094682 0.0450529120862484 89
1724532095998 0.04214084520936012 90
1724532097313 0.0414903461933136 91
1724532098627 0.045586876571178436 92
1724532099949 0.04375460743904114 93
1724532101271 0.04527537524700165 94
1724532102601 0.04808862507343292 95
1724532103915 0.04006151482462883 96
1724532105235 0.049563150852918625 97
1724532106563 0.04010408744215965 98
1724532107885 0.04485907033085823 99
1724532109201 0.04239905998110771 100
1724532110519 0.04126518592238426 101
1724532111844 0.043145228177309036 102
1724532113160 0.04255314916372299 103
1724532114477 0.03826404735445976 104
1724532115803 0.04316442459821701 105
1724532117116 0.04413938894867897 106
1724532118436 0.03963866084814072 107
1724532119767 0.04609694331884384 108
1724532121086 0.04070564731955528 109
1724532122404 0.041197482496500015 110
1724532123723 0.04278840497136116 111
1724532125051 0.042358655482530594 112
1724532126366 0.03989873826503754 113
1724532127685 0.044494934380054474 114
1724532129000 0.04273640364408493 115
1724532130314 0.04404641315340996 116
1724532131633 0.039227429777383804 117
1724532132949 0.04301178455352783 118
1724532134271 0.04222311079502106 119
1724532135592 0.0431063137948513 120
1724532136904 0.044596266001462936 121
1724532138231 0.040928181260824203 122
1724532139549 0.039752472192049026 123
1724532140865 0.049718040972948074 124
1724532142190 0.04614908620715141 125
1724532143472 0.04248065873980522 126
1724532144866 0.043386928737163544 127
1724532146267 0.04419349133968353 128
1724532147659 0.03995249420404434 129
1724532149049 0.04164640232920647 130
1724532150394 0.04498584195971489 131
1724532151713 0.04355404153466225 132
1724532152969 0.0429827906191349 133
1724532154216 0.043622519820928574 134
1724532155607 0.04488074779510498 135
1724532157023 0.045904409140348434 136
1724532158425 0.04014160484075546 137
1724532159832 0.04015741124749184 138
1724532161228 0.0382242426276207 139
1724532162526 0.04404472932219505 140
1724532163870 0.040548428893089294 141
1724532165251 0.041320621967315674 142
1724532166545 0.044556211680173874 143
1724532167966 0.039749134331941605 144
1724532169345 0.0361967496573925 145
1724532170736 0.04767082259058952 146
1724532172031 0.040090274065732956 147
1724532173399 0.04159817472100258 148
1724532174754 0.046640779823064804 149
1724532176077 0.04113396629691124 150
1724532177396 0.0433027520775795 151
1724532178707 0.039709776639938354 152
1724532180028 0.04174526780843735 153
1724532181347 0.03874025493860245 154
1724532182668 0.0481925830245018 155
1724532183985 0.04432428628206253 156
1724532185310 0.043830905109643936 157
1724532186630 0.0452294647693634 158
1724532187946 0.042202144861221313 159
1724532189270 0.04087654873728752 160
1724532191542 0.03921743854880333 161
1724532192719 0.04586109519004822 162
1724532193999 0.03904946148395538 163
1724532195329 0.03833506256341934 164
1724532196688 0.045903682708740234 165
1724532198031 0.04272129386663437 166
1724532199364 0.0427711196243763 167
1724532200683 0.04137374088168144 168
1724532202007 0.04096221551299095 169
1724532203341 0.042788878083229065 170
1724532204670 0.03997063636779785 171
1724532206000 0.044675540179014206 172
1724532207325 0.04013904184103012 173
1724532208657 0.04021940752863884 174
1724532209977 0.040165212005376816 175
1724532211297 0.04326368495821953 176
1724532212619 0.0404898002743721 177
1724532213939 0.04086124897003174 178
1724532215266 0.03911222144961357 179
1724532216587 0.04021434858441353 180
1724532217918 0.04084973782300949 181
1724532219235 0.03986918181180954 182
1724532220554 0.03697515279054642 183
1724532221881 0.039259299635887146 184
1724532223205 0.036690931767225266 185
1724532224527 0.04322265088558197 186
1724532225855 0.040280863642692566 187
1724532227176 0.040709588676691055 188
1724532228496 0.04241489991545677 189
1724532229812 0.03923557326197624 190
1724532231135 0.04766102880239487 191
1724532232451 0.042884815484285355 192
1724532233772 0.046978339552879333 193
1724532235091 0.04018910601735115 194
1724532236410 0.0392402745783329 195
1724532237730 0.03741692379117012 196
1724532239055 0.04283789545297623 197
1724532240377 0.03960682451725006 198
1724532241689 0.041414592415094376 199
1724532243017 0.0416712611913681 200
1724532244341 0.04387596622109413 201
1724532245659 0.04114636778831482 202
1724532246991 0.044088102877140045 203
1724532248315 0.040562812238931656 204
1724532249637 0.03909243270754814 205
1724532250954 0.0416419617831707 206
1724532252268 0.041761934757232666 207
1724532253596 0.039202313870191574 208
1724532254922 0.04452655464410782 209
1724532256244 0.0370108000934124 210
1724532257564 0.04066948965191841 211
1724532258889 0.040109988301992416 212
1724532260206 0.04302498698234558 213
1724532261522 0.03976062312722206 214
1724532262836 0.04059538617730141 215
1724532264156 0.04011717438697815 216
1724532265472 0.03696867451071739 217
1724532266789 0.04829602688550949 218
1724532268103 0.04200538620352745 219
1724532269428 0.042261090129613876 220
1724532270744 0.04192405566573143 221
1724532272063 0.04536708444356918 222
1724532273387 0.041369255632162094 223
1724532274707 0.04147830605506897 224
1724532276025 0.041652701795101166 225
1724532277343 0.04227190837264061 226
1724532278653 0.04078521952033043 227
1724532279977 0.04078613966703415 228
1724532281291 0.03616577759385109 229
1724532282622 0.043909214437007904 230
1724532283938 0.04971257969737053 231
1724532285256 0.04058003053069115 232
1724532286577 0.039949651807546616 233
1724532287895 0.043661803007125854 234
1724532289214 0.04430583491921425 235
1724532290532 0.04234299436211586 236
1724532291848 0.03841935098171234 237
1724532293172 0.039801910519599915 238
1724532294479 0.03751150891184807 239
1724532295799 0.037887513637542725 240
1724532298126 0.04157286509871483 241
1724532299276 0.039476245641708374 242
1724532300532 0.03854183852672577 243
1724532301860 0.12913484871387482 244
1724532303226 0.03976329043507576 245
1724532304576 0.04113541916012764 246
1724532305893 0.042587634176015854 247
1724532307209 0.041742391884326935 248
1724532308519 0.043233707547187805 249
1724532309835 0.0426078625023365 250
1724532311154 0.046024683862924576 251
1724532312466 0.03584632650017738 252
1724532313779 0.04186325520277023 253
1724532315097 0.039816297590732574 254
1724532316411 0.04319794103503227 255
1724532317720 0.04307585582137108 256
1724532319034 0.04343332722783089 257
1724532320356 0.039117421954870224 258
1724532321670 0.04107595607638359 259
1724532322982 0.04091241583228111 260
1724532324294 0.04368745535612106 261
1724532325607 0.037122201174497604 262
1724532326922 0.041278183460235596 263
1724532328237 0.04296635836362839 264
1724532329555 0.04067034274339676 265
1724532330869 0.043258197605609894 266
1724532332195 0.04060571640729904 267
1724532333517 0.03728686273097992 268
1724532334840 0.04316568374633789 269
1724532336164 0.042189449071884155 270
1724532337474 0.04060486704111099 271
1724532338783 0.03753538802266121 272
1724532340105 0.03882984444499016 273
1724532341420 0.03743404522538185 274
1724532342736 0.042016178369522095 275
1724532344049 0.040710609406232834 276
1724532345361 0.037886843085289 277
1724532346667 0.04331447556614876 278
1724532347977 0.04379155486822128 279
1724532349299 0.03841426596045494 280
1724532350606 0.0465812012553215 281
1724532351922 0.042437370866537094 282
1724532353238 0.043700821697711945 283
1724532354545 0.04180906340479851 284
1724532355861 0.03881162405014038 285
1724532357172 0.04052906483411789 286
1724532358490 0.04078508913516998 287
1724532359801 0.03964560851454735 288
1724532361114 0.042989518493413925 289
1724532362428 0.04194966331124306 290
1724532363735 0.041822876781225204 291
1724532365049 0.04241730645298958 292
1724532366361 0.03919874131679535 293
1724532367678 0.038320593535900116 294
1724532368994 0.036754634231328964 295
1724532370301 0.04314490035176277 296
1724532371611 0.03843825310468674 297
1724532372920 0.037725429981946945 298
1724532374234 0.04058590531349182 299
1724532375545 0.04333900660276413 300
1724532376858 0.036931585520505905 301
1724532378160 0.03987039998173714 302
1724532379473 0.041468545794487 303
1724532380781 0.04164816066622734 304
1724532382091 0.036325111985206604 305
1724532383398 0.03885418921709061 306
1724532384730 0.039741966873407364 307
1724532386036 0.04154740273952484 308
1724532387351 0.0380636490881443 309
1724532388662 0.039897531270980835 310
1724532389971 0.03671242296695709 311
1724532391286 0.03822104632854462 312
1724532392590 0.13189198076725006 313
1724532393904 0.040975477546453476 314
1724532395211 0.038197387009859085 315
1724532396527 0.04407776519656181 316
1724532397840 0.04304536059498787 317
1724532399154 0.04164430871605873 318
1724532400471 0.040842700749635696 319
1724532401784 0.04733364284038544 320
1724532404165 0.04069424793124199 321
1724532405304 0.04065858572721481 322
1724532406543 0.04558508098125458 323
1724532407857 0.040670279413461685 324
1724532409191 0.041210804134607315 325
1724532410525 0.04327883943915367 326
1724532411843 0.03883606940507889 327
1724532413155 0.039907630532979965 328
1724532414457 0.04207999259233475 329
1724532415769 0.039813484996557236 330
1724532417079 0.04075787588953972 331
1724532418384 0.0406746007502079 332
1724532419692 0.03926865756511688 333
1724532421004 0.04298635944724083 334
1724532422315 0.041649479418992996 335
1724532423630 0.038059234619140625 336
1724532424934 0.045713525265455246 337
1724532426239 0.03825702145695686 338
1724532427542 0.04041159525513649 339
1724532428845 0.03664078935980797 340
1724532430156 0.043156519532203674 341
1724532431472 0.039281271398067474 342
1724532432788 0.04437602683901787 343
1724532434088 0.03933867812156677 344
1724532435404 0.03909791633486748 345
1724532436708 0.0405619740486145 346
1724532438013 0.04139651730656624 347
1724532439314 0.04320066049695015 348
1724532440624 0.04076944291591644 349
1724532441934 0.0401134192943573 350
1724532443244 0.03563395142555237 351
1724532444553 0.03771635517477989 352
1724532445867 0.12776564061641693 353
1724532447173 0.037396274507045746 354
1724532448496 0.03871028125286102 355
1724532449804 0.04095609486103058 356
1724532451125 0.04169975593686104 357
1724532452434 0.03987380862236023 358
1724532453740 0.03997265547513962 359
1724532455043 0.047109391540288925 360
1724532456353 0.0441473051905632 361
1724532457671 0.039913080632686615 362
1724532458972 0.0434659942984581 363
1724532460282 0.041142310947179794 364
1724532461587 0.04094737395644188 365
1724532462899 0.03782258555293083 366
1724532464203 0.04189271479845047 367
1724532465506 0.04166371375322342 368
1724532466813 0.036156997084617615 369
1724532468129 0.043750304728746414 370
1724532469429 0.0363401360809803 371
1724532470738 0.03963470458984375 372
1724532472047 0.04516373574733734 373
1724532473358 0.0459083616733551 374
1724532474662 0.03949477896094322 375
1724532475968 0.03990529477596283 376
1724532477272 0.039187848567962646 377
1724532478588 0.04350009188055992 378
1724532479896 0.04413558542728424 379
1724532481207 0.03947904333472252 380
1724532482523 0.04239179193973541 381
1724532483824 0.0392732098698616 382
1724532485126 0.04104588180780411 383
1724532486434 0.0412214957177639 384
1724532487750 0.04087860882282257 385
1724532489044 0.12777380645275116 386
1724532490358 0.04182811826467514 387
1724532491664 0.040843620896339417 388
1724532492968 0.04156038537621498 389
1724532494276 0.03972751647233963 390
1724532495583 0.03990329056978226 391
1724532496904 0.044431205838918686 392
1724532498199 0.040807753801345825 393
1724532499511 0.12812776863574982 394
1724532500813 0.12805543839931488 395
1724532502118 0.040788497775793076 396
1724532503423 0.036462560296058655 397
1724532504733 0.03916400298476219 398
1724532506035 0.040020521730184555 399
1724532507339 0.03740487992763519 400
1724532509717 0.041877053678035736 401
1724532510871 0.04143287613987923 402
1724532512109 0.04323536902666092 403
1724532513429 0.038308195769786835 404
1724532514769 0.037010323256254196 405
1724532516104 0.04251807928085327 406
1724532517416 0.04066218063235283 407
1724532518731 0.037807028740644455 408
1724532520035 0.0397937148809433 409
1724532521335 0.040632184594869614 410
1724532522643 0.04236352816224098 411
1724532523960 0.04115075245499611 412
1724532525266 0.03906508535146713 413
1724532526575 0.03554060682654381 414
1724532527881 0.0400264635682106 415
1724532529189 0.043523672968149185 416
1724532530500 0.03610408306121826 417
1724532531800 0.0379294753074646 418
1724532533101 0.038890108466148376 419
1724532534405 0.04065784439444542 420
1724532535712 0.03649991378188133 421
1724532537018 0.03673210367560387 422
1724532538335 0.04462749883532524 423
1724532539638 0.04038860648870468 424
1724532540940 0.04382449388504028 425
1724532542254 0.03799278289079666 426
1724532543563 0.043755676597356796 427
1724532544870 0.03870382532477379 428
1724532546196 0.040342364460229874 429
1724532547513 0.04099365696310997 430
1724532548830 0.04215139150619507 431
1724532550146 0.03948598727583885 432
1724532551454 0.034941576421260834 433
1724532552760 0.04232697933912277 434
1724532554062 0.03952064737677574 435
1724532555372 0.042624007910490036 436
1724532556681 0.12799666821956635 437
1724532557988 0.0355481319129467 438
1724532559293 0.038414642214775085 439
1724532560597 0.038431957364082336 440
1724532561911 0.040535926818847656 441
1724532563216 0.04232633486390114 442
1724532564521 0.036302804946899414 443
1724532565828 0.04208221286535263 444
1724532567139 0.03768326714634895 445
1724532568460 0.04018860682845116 446
1724532569773 0.040708430111408234 447
1724532571087 0.041457172483205795 448
1724532572393 0.038597121834754944 449
1724532573696 0.03948269039392471 450
1724532575000 0.044505178928375244 451
1724532576304 0.03870610520243645 452
1724532577616 0.04101270064711571 453
1724532578915 0.04239005595445633 454
1724532580224 0.041385240852832794 455
1724532581534 0.03912194073200226 456
1724532582840 0.039771128445863724 457
1724532584139 0.038061849772930145 458
1724532585442 0.03859930485486984 459
1724532586755 0.038569021970033646 460
1724532588051 0.040813446044921875 461
1724532589352 0.12782293558120728 462
1724532590660 0.039240650832653046 463
1724532591964 0.03709859400987625 464
1724532593267 0.03570174053311348 465
1724532594574 0.04071590676903725 466
1724532595887 0.04004541039466858 467
1724532597192 0.03972135856747627 468
1724532598493 0.03754524514079094 469
1724532599802 0.03714795410633087 470
1724532601111 0.03888687118887901 471
1724532602414 0.03454697132110596 472
1724532603719 0.04218962416052818 473
1724532605026 0.03986557573080063 474
1724532606333 0.04258084297180176 475
1724532607632 0.04082322493195534 476
1724532608936 0.03737008571624756 477
1724532610257 0.03553541749715805 478
1724532611564 0.038120925426483154 479
1724532612872 0.04318792372941971 480
1724532615226 0.04139736667275429 481
1724532616380 0.039417773485183716 482
1724532617610 0.04361703619360924 483
1724532618922 0.042938657104969025 484
1724532620275 0.0380280502140522 485
1724532621611 0.04156478866934776 486
1724532622928 0.04350726678967476 487
1724532624239 0.046913523226976395 488
1724532625546 0.04336659610271454 489
1724532626853 0.039529282599687576 490
1724532628149 0.039721548557281494 491
1724532629458 0.04144823178648949 492
1724532630765 0.04141249507665634 493
1724532632075 0.04163817688822746 494
1724532633397 0.0455191545188427 495
1724532634712 0.03965434059500694 496
1724532636017 0.039393406361341476 497
1724532637332 0.04250045865774155 498
1724532638629 0.039435144513845444 499
1724532639937 0.039214540272951126 500
1724532641257 0.04188543185591698 501
1724532642565 0.043549489229917526 502
1724532643879 0.04539111629128456 503
1724532645194 0.041358210146427155 504
1724532646504 0.03589651733636856 505
1724532647831 0.03709474951028824 506
1724532649143 0.04008187726140022 507
1724532650457 0.04224992170929909 508
1724532651772 0.040186505764722824 509
1724532653091 0.040352221578359604 510
1724532654419 0.04114575684070587 511
1724532655740 0.037427838891744614 512
1724532657061 0.04006427526473999 513
1724532658381 0.03608369082212448 514
1724532659688 0.039220746606588364 515
1724532660998 0.03984205797314644 516
1724532662311 0.04006992280483246 517
1724532663632 0.04151683673262596 518
1724532664938 0.04112372547388077 519
1724532666244 0.03910039737820625 520
1724532667546 0.041336871683597565 521
1724532668863 0.03741184622049332 522
1724532670172 0.03840086981654167 523
1724532671468 0.04263371601700783 524
1724532672774 0.039826586842536926 525
1724532674090 0.04120990261435509 526
1724532675390 0.037623330950737 527
1724532676694 0.04104232415556908 528
1724532678010 0.04231490194797516 529
1724532679313 0.03850693628191948 530
1724532680612 0.03738211467862129 531
1724532681922 0.0417105033993721 532
1724532683230 0.03921942785382271 533
1724532684536 0.04023474454879761 534
1724532685838 0.0395389087498188 535
1724532687146 0.03905593976378441 536
1724532688448 0.039969608187675476 537
1724532689744 0.0404326431453228 538
1724532691041 0.03744418919086456 539
1724532692341 0.04087061062455177 540
1724532693638 0.03806183114647865 541
1724532694950 0.038989316672086716 542
1724532696250 0.04128874093294144 543
1724532697544 0.03675054758787155 544
1724532698848 0.0381983257830143 545
1724532700150 0.03928894177079201 546
1724532701459 0.03858351707458496 547
1724532702768 0.03890146687626839 548
1724532704095 0.04185890406370163 549
1724532705426 0.04660513997077942 550
1724532706748 0.04380998760461807 551
1724532708080 0.04285779967904091 552
1724532709407 0.03961969539523125 553
1724532710719 0.03711505979299545 554
1724532712040 0.0392451174557209 555
1724532713371 0.036025311797857285 556
1724532714696 0.04264645278453827 557
1724532716018 0.041336458176374435 558
1724532717339 0.03898841142654419 559
1724532718667 0.03749747946858406 560
1724532719991 0.041935816407203674 561
1724532721314 0.041239481419324875 562
1724532722640 0.036943498998880386 563
1724532723962 0.03788011148571968 564
1724532725279 0.04010390862822533 565
1724532726592 0.04127226397395134 566
1724532727909 0.04063456133008003 567
1724532729224 0.03742077946662903 568
1724532730538 0.039654944092035294 569
1724532731855 0.041908640414476395 570
1724532733179 0.038377441465854645 571
1724532734489 0.04238840565085411 572
1724532735813 0.04156090319156647 573
1724532737126 0.04205172881484032 574
1724532738437 0.036458518356084824 575
1724532739750 0.040086112916469574 576
1724532741076 0.04209724813699722 577
1724532742388 0.03782655671238899 578
1724532743697 0.04081528261303902 579
1724532745013 0.0396641381084919 580
1724532747486 0.04018903896212578 581
1724532748628 0.038479458540678024 582
1724532749862 0.040353596210479736 583
1724532751181 0.03957192599773407 584
1724532752529 0.04070476442575455 585
1724532753865 0.04308851808309555 586
1724532755185 0.04025837406516075 587
1724532756499 0.04363714158535004 588
1724532757802 0.03834427893161774 589
1724532759123 0.04452896490693092 590
1724532760439 0.03511780872941017 591
1724532761752 0.04140293225646019 592
1724532763063 0.040449511259794235 593
1724532764376 0.03843780606985092 594
1724532765701 0.12688136100769043 595
1724532767007 0.03812708705663681 596
1724532768320 0.040530089288949966 597
1724532769640 0.039042163640260696 598
1724532770963 0.039540283381938934 599
1724532772272 0.04310418665409088 600
1724532773582 0.040746208280324936 601
1724532774902 0.03885430470108986 602
1724532776222 0.040452368557453156 603
1724532777534 0.04179801791906357 604
1724532778851 0.043362800031900406 605
1724532780176 0.04123147204518318 606
1724532781508 0.038359444588422775 607
1724532782829 0.03789243847131729 608
1724532784146 0.04384589195251465 609
1724532785462 0.04022940620779991 610
1724532786778 0.04285580292344093 611
1724532788095 0.04027466103434563 612
1724532789410 0.035731732845306396 613
1724532790732 0.03794793039560318 614
1724532792048 0.03825369104743004 615
1724532793365 0.03842956945300102 616
1724532794676 0.03930708020925522 617
1724532795990 0.03877132385969162 618
1724532797312 0.040915898978710175 619
1724532798631 0.03905554488301277 620
1724532799944 0.03821331262588501 621
1724532801259 0.03766162320971489 622
1724532802576 0.039315611124038696 623
1724532803897 0.04131022095680237 624
1724532805215 0.04010360687971115 625
1724532806534 0.044039640575647354 626
1724532807849 0.041027139872312546 627
1724532809167 0.044684864580631256 628
1724532810477 0.03787108510732651 629
1724532811792 0.03938056156039238 630
1724532813120 0.04187750443816185 631
1724532814434 0.037009671330451965 632
1724532815754 0.0391218475997448 633
1724532817070 0.038787342607975006 634
1724532818387 0.04110157489776611 635
1724532819706 0.04368291795253754 636
1724532821030 0.041247040033340454 637
1724532822345 0.0415889210999012 638
1724532823667 0.04353641718626022 639
1724532824980 0.04069312661886215 640
1724532826307 0.038943469524383545 641
1724532827617 0.03724680095911026 642
1724532828936 0.03978508338332176 643
1724532830258 0.0432453528046608 644
1724532831580 0.041540324687957764 645
1724532832894 0.03690965473651886 646
1724532834215 0.0391998216509819 647
1724532835544 0.03621046245098114 648
1724532836860 0.038247425109148026 649
1724532838186 0.0395931713283062 650
1724532839520 0.042119987308979034 651
1724532840837 0.03870248422026634 652
1724532842161 0.04121876135468483 653
1724532843489 0.034473616629838943 654
1724532844819 0.04358205944299698 655
1724532846144 0.04089169576764107 656
1724532847461 0.03916178643703461 657
1724532848773 0.03946385532617569 658
1724532850091 0.04118237644433975 659
1724532851421 0.03925907239317894 660
1724532853819 0.04223734140396118 661
1724532854971 0.03817533701658249 662
1724532856219 0.038795121014118195 663
1724532857545 0.045912161469459534 664
1724532858896 0.03716106340289116 665
1724532860240 0.03913901373744011 666
1724532861571 0.039818260818719864 667
1724532862897 0.04177223891019821 668
1724532864219 0.0393790639936924 669
1724532865532 0.037725623697042465 670
1724532866851 0.04339655116200447 671
1724532868178 0.03977666422724724 672
1724532869504 0.04102826863527298 673
1724532870829 0.04268820211291313 674
1724532872157 0.04070597141981125 675
1724532873480 0.036257099360227585 676
1724532874797 0.04031622037291527 677
1724532876111 0.04468133673071861 678
1724532877436 0.042844563722610474 679
1724532878749 0.032130781561136246 680
1724532880065 0.041089508682489395 681
1724532881390 0.04159782454371452 682
1724532882703 0.041107866913080215 683
1724532884029 0.03397639840841293 684
1724532885350 0.036333438009023666 685
1724532886669 0.03610040619969368 686
1724532887999 0.04351481422781944 687
1724532889316 0.04271303489804268 688
1724532890632 0.03991912305355072 689
1724532891955 0.04032650962471962 690
1724532893270 0.03817974030971527 691
1724532894591 0.04190116003155708 692
1724532895912 0.041002076119184494 693
1724532897239 0.036123424768447876 694
1724532898553 0.037464264780282974 695
1724532899884 0.042548712342977524 696
1724532901208 0.03944312781095505 697
1724532902537 0.03387260064482689 698
1724532903851 0.04091091826558113 699
1724532905164 0.040305089205503464 700
1724532906492 0.0402953065931797 701
1724532907816 0.04565855860710144 702
1724532909145 0.03798291087150574 703
1724532910465 0.0415361151099205 704
1724532911794 0.03672432154417038 705
1724532913108 0.03984474018216133 706
1724532914432 0.039518360048532486 707
1724532915745 0.036669302731752396 708
1724532917064 0.03561536595225334 709
1724532918384 0.0372602604329586 710
1724532919706 0.03722256049513817 711
1724532921029 0.03958309814333916 712
1724532922359 0.039075639098882675 713
1724532923673 0.039465077221393585 714
1724532924989 0.040008436888456345 715
1724532926315 0.037160079926252365 716
1724532927635 0.03734836354851723 717
1724532928952 0.0388694703578949 718
1724532930287 0.03863828256726265 719
1724532931621 0.03859064355492592 720
1724532932952 0.040705740451812744 721
1724532934285 0.03547094389796257 722
1724532935608 0.04041014611721039 723
1724532936934 0.03832913190126419 724
1724532938252 0.041144516319036484 725
1724532939575 0.03542661666870117 726
1724532940895 0.04263205826282501 727
1724532942220 0.041478365659713745 728
1724532943540 0.03935960307717323 729
1724532944853 0.036940429359674454 730
1724532946177 0.04171781241893768 731
1724532947500 0.04020896181464195 732
1724532948813 0.03964145854115486 733
1724532950141 0.04283343628048897 734
1724532951469 0.12726879119873047 735
1724532952786 0.04363279417157173 736
1724532954106 0.041592393070459366 737
1724532955419 0.03858207166194916 738
1724532956751 0.035383500158786774 739
1724532958061 0.03980225324630737 740
1724532960463 0.03846300020813942 741
1724532961616 0.03589025139808655 742
1724532962864 0.03746364265680313 743
1724532964198 0.03750047832727432 744
1724532965553 0.035214055329561234 745
1724532966897 0.04307350143790245 746
1724532968224 0.040836483240127563 747
1724532969550 0.04014036804437637 748
1724532970872 0.0342705100774765 749
1724532972186 0.036519091576337814 750
1724532973503 0.044475533068180084 751
1724532974817 0.036052096635103226 752
1724532976136 0.0406159907579422 753
1724532977449 0.03822682052850723 754
1724532978774 0.04243020713329315 755
1724532980093 0.03944489359855652 756
1724532981412 0.034671396017074585 757
1724532982732 0.03980742767453194 758
1724532984052 0.036218784749507904 759
1724532985374 0.03960293531417847 760
1724532986697 0.129819855093956 761
1724532988020 0.041985638439655304 762
1724532989348 0.03552127629518509 763
1724532990667 0.040267735719680786 764
1724532991987 0.0471900999546051 765
1724532993308 0.039435386657714844 766
1724532994626 0.039693642407655716 767
1724532995941 0.03914942592382431 768
1724532997257 0.037442103028297424 769
1724532998577 0.03987656533718109 770
1724532999894 0.040983907878398895 771
1724533001210 0.03767317160964012 772
1724533002525 0.041621673852205276 773
1724533003852 0.038503605872392654 774
1724533005165 0.04059822857379913 775
1724533006488 0.03708481416106224 776
1724533007804 0.04491351917386055 777
1724533009121 0.039841145277023315 778
1724533010444 0.03787817806005478 779
1724533011777 0.04013008996844292 780
1724533013097 0.04009781405329704 781
1724533014414 0.04118761047720909 782
1724533015731 0.03836352005600929 783
1724533017047 0.037929560989141464 784
1724533018371 0.03981579467654228 785
1724533019697 0.037976063787937164 786
1724533021029 0.039589133113622665 787
1724533022356 0.042434778064489365 788
1724533023677 0.03944859281182289 789
1724533024994 0.03751000389456749 790
1724533026313 0.039421144872903824 791
1724533027634 0.04059267416596413 792
1724533028955 0.03953125700354576 793
1724533030277 0.038835279643535614 794
1724533031606 0.04251684248447418 795
1724533032923 0.04021319001913071 796
1724533034243 0.042022887617349625 797
1724533035564 0.04166848585009575 798
1724533036886 0.043396927416324615 799
1724533038205 0.0404619537293911 800
1724533039526 0.04059381037950516 801
1724533040843 0.04339238256216049 802
1724533042162 0.03977804630994797 803
1724533043488 0.04630253463983536 804
1724533044811 0.03933918848633766 805
1724533046131 0.038499973714351654 806
1724533047446 0.03895452618598938 807
1724533048775 0.03295326977968216 808
1724533050097 0.03771141171455383 809
1724533051427 0.03839600086212158 810
1724533052753 0.03942015394568443 811
1724533054072 0.038055166602134705 812
1724533055397 0.03770997375249863 813
1724533056711 0.040344707667827606 814
1724533058036 0.036856867372989655 815
1724533059350 0.036616865545511246 816
1724533060673 0.03634997457265854 817
1724533061986 0.036670882254838943 818
1724533063308 0.0394158773124218 819
1724533064637 0.04344495013356209 820
1724533067061 0.03637148067355156 821
1724533068208 0.043111152946949005 822
1724533069457 0.04132964834570885 823
1724533070779 0.03985612839460373 824
1724533072124 0.03502854332327843 825
1724533073466 0.04065695032477379 826
1724533074796 0.03807056322693825 827
1724533076114 0.04292146861553192 828
1724533077433 0.03616291284561157 829
1724533078752 0.04005942493677139 830
1724533080080 0.03922306001186371 831
1724533081397 0.04182892292737961 832
1724533082710 0.042428553104400635 833
1724533084028 0.04379799962043762 834
1724533085347 0.03832099586725235 835
1724533086670 0.0389590710401535 836
1724533087984 0.04070284590125084 837
1724533089311 0.03457148000597954 838
1724533090644 0.037121035158634186 839
1724533091968 0.04101061075925827 840
1724533093285 0.04017164930701256 841
1724533094605 0.03686649724841118 842
1724533095927 0.03511238843202591 843
1724533097242 0.04507823660969734 844
1724533098555 0.041159264743328094 845
1724533099879 0.037153586745262146 846
1724533101201 0.03813067078590393 847
1724533102526 0.039186786860227585 848
1724533103840 0.03845619037747383 849
1724533105169 0.03857850283384323 850
1724533106483 0.043796539306640625 851
1724533107798 0.039471887052059174 852
1724533109117 0.03796656057238579 853
1724533110431 0.03751806542277336 854
1724533111746 0.12777191400527954 855
1724533113062 0.04014285281300545 856
1724533114382 0.040836453437805176 857
1724533115703 0.041297294199466705 858
1724533117020 0.03952901065349579 859
1724533118330 0.03803594037890434 860
1724533119642 0.04039343073964119 861
1724533120958 0.03935631737112999 862
1724533122279 0.0391584075987339 863
1724533123598 0.04153764992952347 864
1724533124914 0.03656402975320816 865
1724533126239 0.03587815538048744 866
1724533127552 0.04310805723071098 867
1724533128872 0.03758491948246956 868
1724533130194 0.04101623222231865 869
1724533131507 0.03809419274330139 870
1724533132822 0.037201669067144394 871
1724533134136 0.03890380635857582 872
1724533135451 0.03671470284461975 873
1724533136769 0.03862824663519859 874
1724533138099 0.039028916507959366 875
1724533139423 0.0464295893907547 876
1724533140747 0.03679191321134567 877
1724533142063 0.04155206307768822 878
1724533143392 0.03590141981840134 879
1724533144710 0.04135674610733986 880
1724533146023 0.040453337132930756 881
1724533147339 0.04366124048829079 882
1724533148658 0.040311407297849655 883
1724533149970 0.039214879274368286 884
1724533151289 0.04016358032822609 885
1724533152602 0.039690908044576645 886
1724533153919 0.03731073811650276 887
1724533155241 0.03896578028798103 888
1724533156558 0.04029397293925285 889
1724533157874 0.04212477058172226 890
1724533159191 0.03956848755478859 891
1724533160507 0.03847302496433258 892
1724533161822 0.03510143235325813 893
1724533163144 0.038450222462415695 894
1724533164462 0.040821146219968796 895
1724533165781 0.03401605784893036 896
1724533167096 0.044107601046562195 897
1724533168413 0.037763748317956924 898
1724533169739 0.039061885327100754 899
1724533171063 0.03604995086789131 900
1724533173855 0.04321678727865219 901
1724533174971 0.04043063521385193 902
1724533176188 0.03806750848889351 903
1724533177518 0.04155639931559563 904
1724533178901 0.03880828991532326 905
1724533180317 0.12718622386455536 906
1724533181706 0.04098038002848625 907
1724533183062 0.03848312795162201 908
1724533184452 0.03646685928106308 909
1724533185828 0.03900274261832237 910
1724533187203 0.04143237695097923 911
1724533188576 0.041371505707502365 912
1724533189947 0.04341975226998329 913
1724533191299 0.03906361386179924 914
1724533192673 0.04432328790426254 915
1724533194005 0.04155100882053375 916
1724533195320 0.03728974983096123 917
1724533196626 0.03803900629281998 918
1724533197939 0.034069597721099854 919
1724533199258 0.12811759114265442 920
1724533200578 0.03881525993347168 921
1724533201900 0.035275690257549286 922
1724533203223 0.03996787592768669 923
1724533204539 0.040116775780916214 924
1724533205860 0.037167735397815704 925
1724533207174 0.042508240789175034 926
1724533208500 0.03705024719238281 927
1724533209829 0.038728006184101105 928
1724533211171 0.03679686784744263 929
1724533212519 0.039281100034713745 930
1724533213872 0.042205072939395905 931
1724533215209 0.04085484519600868 932
1724533216536 0.03637386113405228 933
1724533217856 0.03990281745791435 934
1724533219175 0.03852494806051254 935
1724533220486 0.03783412277698517 936
1724533221808 0.04069697484374046 937
1724533223130 0.04001828655600548 938
1724533224453 0.03990598022937775 939
1724533225768 0.03887341544032097 940
1724533227089 0.03877812996506691 941
1724533228421 0.03584260120987892 942
1724533229744 0.04165078327059746 943
1724533231067 0.039668042212724686 944
1724533232406 0.03748616576194763 945
1724533233735 0.03495108336210251 946
1724533235061 0.041788339614868164 947
1724533236388 0.041003696620464325 948
1724533237713 0.04212122783064842 949
1724533239037 0.04113505035638809 950
1724533240359 0.03855651244521141 951
1724533241676 0.038926586508750916 952
1724533242992 0.04006175324320793 953
1724533244312 0.03747390955686569 954
1724533245633 0.03568226471543312 955
1724533246953 0.038671109825372696 956
1724533248277 0.037801843136548996 957
1724533249598 0.03704925999045372 958
1724533250926 0.03466993570327759 959
1724533252243 0.03901465982198715 960
1724533253562 0.04480370506644249 961
1724533254887 0.04395008832216263 962
1724533256203 0.03187577426433563 963
1724533257523 0.03897010535001755 964
1724533258845 0.03717852011322975 965
1724533260169 0.03974869102239609 966
1724533261490 0.03238014876842499 967
1724533262808 0.039454709738492966 968
1724533264126 0.03441967815160751 969
1724533265442 0.03952379152178764 970
1724533266773 0.03967496007680893 971
1724533268101 0.03901902213692665 972
1724533269423 0.1265321969985962 973
1724533270752 0.037316713482141495 974
1724533272072 0.03886495530605316 975
1724533273391 0.034718792885541916 976
1724533274710 0.03993846848607063 977
1724533276038 0.03577516973018646 978
1724533277361 0.03889426589012146 979
1724533278684 0.04162823036313057 980
1724533280828 0.041385337710380554 981
1724533282022 0.042509302496910095 982
1724533283302 0.040096789598464966 983
1724533284638 0.03788745403289795 984
1724533285984 0.04111810028553009 985
1724533287331 0.04052559658885002 986
1724533288657 0.0402132049202919 987
1724533289973 0.042206667363643646 988
1724533291301 0.03974079713225365 989
1724533292620 0.04266546666622162 990
1724533293945 0.044479236006736755 991
1724533295266 0.03859017789363861 992
1724533296586 0.038350410759449005 993
1724533297908 0.03715464845299721 994
1724533299227 0.03828176110982895 995
1724533300538 0.03704330325126648 996
1724533301860 0.04296441376209259 997
1724533303177 0.03963293507695198 998
1724533304492 0.037258367985486984 999
1724533305814 0.038307271897792816 1000
1724533307138 0.03741100803017616 1001
1724533308461 0.03664848208427429 1002
1724533309779 0.04076007008552551 1003
1724533311107 0.03542042896151543 1004
1724533312419 0.04585576057434082 1005
1724533313735 0.04263918101787567 1006
1724533315041 0.04211454465985298 1007
1724533316364 0.042657386511564255 1008
1724533317666 0.03818494826555252 1009
1724533318973 0.03847677260637283 1010
1724533320283 0.04071332886815071 1011
1724533321586 0.04001258313655853 1012
1724533322891 0.03613527491688728 1013
1724533324196 0.037229739129543304 1014
1724533325508 0.035267073661088943 1015
1724533326823 0.035921987146139145 1016
1724533328125 0.04308647662401199 1017
1724533329431 0.04401177540421486 1018
1724533330751 0.04053187370300293 1019
1724533332059 0.04152482748031616 1020
1724533333367 0.04069305211305618 1021
1724533334683 0.046310242265462875 1022
1724533335987 0.04235634580254555 1023
1724533337302 0.038524314761161804 1024
1724533338612 0.04169493913650513 1025
1724533339927 0.040441956371068954 1026
1724533341248 0.03649120405316353 1027
1724533342545 0.04082391783595085 1028
1724533343856 0.0397995263338089 1029
1724533345163 0.03961821272969246 1030
1724533346474 0.0390891507267952 1031
1724533347791 0.03937360644340515 1032
1724533349106 0.12674111127853394 1033
1724533350419 0.040153246372938156 1034
1724533351731 0.04006657004356384 1035
1724533353040 0.039893705397844315 1036
1724533354346 0.03893004730343819 1037
1724533355654 0.03658488020300865 1038
1724533356965 0.04224180057644844 1039
1724533358273 0.03793688118457794 1040
1724533359579 0.12745460867881775 1041
1724533360890 0.03858375921845436 1042
1724533362196 0.03918908163905144 1043
1724533363501 0.04408140107989311 1044
1724533364818 0.03768812492489815 1045
1724533366123 0.037003327161073685 1046
1724533367426 0.041344862431287766 1047
1724533368733 0.03757457435131073 1048
1724533370044 0.032924167811870575 1049
1724533371351 0.04211033135652542 1050
1724533372689 0.03853633999824524 1051
1724533374042 0.04405258595943451 1052
1724533375388 0.03788087144494057 1053
1724533376715 0.0387239083647728 1054
1724533378039 0.04177827388048172 1055
1724533379365 0.03769131749868393 1056
1724533380685 0.03723070025444031 1057
1724533381986 0.043626196682453156 1058
1724533383333 0.04026343300938606 1059
1724533384691 0.03992136940360069 1060
1724533386018 0.03841004520654678 1061
1724533387341 0.03750450164079666 1062
1724533388683 0.12619733810424805 1063
1724533390015 0.03893502056598663 1064
1724533391338 0.04130150005221367 1065
1724533392659 0.0407731756567955 1066
1724533393984 0.038771409541368484 1067
1724533395302 0.040167223662137985 1068
1724533396620 0.03842589631676674 1069
1724533397955 0.04195794463157654 1070
1724533399272 0.03809930011630058 1071
1724533400595 0.04270271584391594 1072
1724533401919 0.04191156104207039 1073
1724533403248 0.042798902839422226 1074
1724533404577 0.03981371968984604 1075
1724533405903 0.03851044923067093 1076
1724533407228 0.040095459669828415 1077
1724533408552 0.041701845824718475 1078
1724533409871 0.03550264239311218 1079
1724533411193 0.0353471115231514 1080
1724533413449 0.038718853145837784 1081
1724533414615 0.03946657478809357 1082
1724533415896 0.04021535813808441 1083
1724533417251 0.04080265387892723 1084
1724533418616 0.03825230151414871 1085
1724533419962 0.04218677058815956 1086
1724533421295 0.034910693764686584 1087
1724533422614 0.04063955321907997 1088
1724533423936 0.04716714844107628 1089
1724533425254 0.040869809687137604 1090
1724533426585 0.03939090296626091 1091
1724533427902 0.04111148789525032 1092
1724533429217 0.039422400295734406 1093
1724533430538 0.03694161772727966 1094
1724533431862 0.04252440109848976 1095
1724533433193 0.04014268144965172 1096
1724533434514 0.037886008620262146 1097
1724533435828 0.042453523725271225 1098
1724533437150 0.040076520293951035 1099
1724533438474 0.04188433662056923 1100
1724533439799 0.03808853030204773 1101
1724533441121 0.038657575845718384 1102
1724533442439 0.0346204899251461 1103
1724533443755 0.04116642847657204 1104
1724533445072 0.04055021330714226 1105
1724533446396 0.03959440439939499 1106
1724533447719 0.04040161892771721 1107
1724533449043 0.03970199078321457 1108
1724533450369 0.037645190954208374 1109
1724533451694 0.04076781123876572 1110
1724533453016 0.042672254145145416 1111
1724533454339 0.037915147840976715 1112
1724533455657 0.039431728422641754 1113
1724533456978 0.04068772867321968 1114
1724533458295 0.03401333466172218 1115
1724533459616 0.041386812925338745 1116
1724533460932 0.036657266318798065 1117
1724533462257 0.040187787264585495 1118
1724533463580 0.03876732662320137 1119
1724533464911 0.04074081778526306 1120
1724533466237 0.042184751480817795 1121
1724533467563 0.03943108022212982 1122
1724533468886 0.04061029106378555 1123
1724533470216 0.127897247672081 1124
1724533471526 0.03597716614603996 1125
1724533472842 0.038471002131700516 1126
1724533474165 0.03626714646816254 1127
1724533475494 0.037418484687805176 1128
1724533476810 0.03906257078051567 1129
1724533478136 0.04001784697175026 1130
1724533479458 0.03770427405834198 1131
1724533480782 0.042885348200798035 1132
1724533482104 0.038012098520994186 1133
1724533483443 0.037830937653779984 1134
1724533484755 0.03884156420826912 1135
1724533486081 0.03642842546105385 1136
1724533487405 0.03924759104847908 1137
1724533488721 0.04227714240550995 1138
1724533490045 0.03830129653215408 1139
1724533491365 0.0324527733027935 1140
1724533492683 0.038309577852487564 1141
1724533494007 0.1268114149570465 1142
1724533495334 0.0383128896355629 1143
1724533496659 0.04167749732732773 1144
1724533497980 0.040514156222343445 1145
1724533499311 0.041477400809526443 1146
1724533500630 0.037610847502946854 1147
1724533501948 0.03910784050822258 1148
1724533503268 0.03991568833589554 1149
1724533504593 0.040169499814510345 1150
1724533505918 0.043899647891521454 1151
1724533507233 0.03968212008476257 1152
1724533508563 0.03587253764271736 1153
1724533509884 0.041101835668087006 1154
1724533511208 0.03931080922484398 1155
1724533512541 0.03726090490818024 1156
1724533513857 0.038587335497140884 1157
1724533515177 0.03767198696732521 1158
1724533516497 0.03653299808502197 1159
1724533517819 0.040880974382162094 1160
1724533520231 0.04307778924703598 1161
1724533521409 0.03871804475784302 1162
1724533522722 0.04147641360759735 1163
1724533524116 0.04201998934149742 1164
1724533525527 0.035313721746206284 1165
1724533526813 0.03764331340789795 1166
1724533528278 0.03893350064754486 1167
1724533529674 0.04014166072010994 1168
1724533531060 0.1263643354177475 1169
1724533532429 0.03682824596762657 1170
1724533533787 0.034500427544116974 1171
1724533535125 0.03890746459364891 1172
1724533536473 0.0428599938750267 1173
1724533537797 0.04452210292220116 1174
1724533539152 0.0375693216919899 1175
1724533540382 0.03809191659092903 1176
1724533541757 0.038922060281038284 1177
1724533543100 0.04071808606386185 1178
1724533544423 0.03978949412703514 1179
1724533545759 0.03516366705298424 1180
1724533547103 0.03827045485377312 1181
1724533548424 0.03630705177783966 1182
1724533549739 0.039107438176870346 1183
1724533551048 0.042464084923267365 1184
1724533552352 0.035769931972026825 1185
1724533553653 0.03830105811357498 1186
1724533554969 0.040192581713199615 1187
1724533556282 0.03535979241132736 1188
1724533557594 0.03998370096087456 1189
1724533558908 0.037558164447546005 1190
1724533560221 0.03806617110967636 1191
1724533561540 0.03784777596592903 1192
1724533562847 0.040007639676332474 1193
1724533564157 0.0396297350525856 1194
1724533565469 0.03567954897880554 1195
1724533566791 0.041015028953552246 1196
1724533568098 0.03584563732147217 1197
1724533569418 0.03331146016716957 1198
1724533570736 0.038607485592365265 1199
1724533572045 0.03828814998269081 1200
1724533573356 0.03800960257649422 1201
1724533574668 0.037213392555713654 1202
1724533575993 0.03529471904039383 1203
1724533577315 0.04149245098233223 1204
1724533578626 0.03834358602762222 1205
1724533579940 0.03841697424650192 1206
1724533581258 0.04431580752134323 1207
1724533582567 0.03652752563357353 1208
1724533583879 0.037720534950494766 1209
1724533585203 0.037767987698316574 1210
1724533586511 0.03668311983346939 1211
1724533587827 0.037588462233543396 1212
1724533589142 0.038773953914642334 1213
1724533590454 0.03774496167898178 1214
1724533591769 0.035081204026937485 1215
1724533593089 0.04290040582418442 1216
1724533594402 0.041763048619031906 1217
1724533595711 0.04276261478662491 1218
1724533597028 0.04201251268386841 1219
1724533598339 0.04344988614320755 1220
1724533599653 0.03212770074605942 1221
1724533600969 0.03834357485175133 1222
1724533602284 0.03557855263352394 1223
1724533603594 0.04033063352108002 1224
1724533604907 0.035832349210977554 1225
1724533606231 0.03784450143575668 1226
1724533607542 0.034238580614328384 1227
1724533608857 0.03853286802768707 1228
1724533610169 0.03932402282953262 1229
1724533611488 0.04437056928873062 1230
1724533612800 0.030671626329421997 1231
1724533614124 0.03250972181558609 1232
1724533615437 0.03797224164009094 1233
1724533616746 0.04206915199756622 1234
1724533618062 0.030360925942659378 1235
1724533619382 0.0406360886991024 1236
1724533620696 0.03965147212147713 1237
1724533622015 0.03880354389548302 1238
1724533623326 0.039396222680807114 1239
1724533624643 0.03942660242319107 1240
1724533627014 0.037489619106054306 1241
1724533628157 0.039354681968688965 1242
1724533629401 0.03639930859208107 1243
1724533630721 0.03787523880600929 1244
1724533632076 0.03956344351172447 1245
1724533633421 0.03895183280110359 1246
1724533634743 0.03686603531241417 1247
1724533636066 0.04029736667871475 1248
1724533637375 0.12601137161254883 1249
1724533638687 0.04241626337170601 1250
1724533640012 0.03921293094754219 1251
1724533641324 0.04234682768583298 1252
1724533642641 0.04104510694742203 1253
1724533643955 0.03774033114314079 1254
1724533645274 0.039969149976968765 1255
1724533646593 0.03938717767596245 1256
1724533647893 0.03717034310102463 1257
1724533649213 0.038796454668045044 1258
1724533650530 0.0397636815905571 1259
1724533651847 0.04252447187900543 1260
1724533653166 0.03533858805894852 1261
1724533654479 0.03808310627937317 1262
1724533655791 0.037255026400089264 1263
1724533657109 0.039181485772132874 1264
1724533658418 0.03965825214982033 1265
1724533659738 0.040890105068683624 1266
1724533661048 0.043645720928907394 1267
1724533662365 0.03734755143523216 1268
1724533663674 0.038275014609098434 1269
1724533664985 0.0332113541662693 1270
1724533666297 0.04547319933772087 1271
1724533667614 0.03927994892001152 1272
1724533668921 0.037762053310871124 1273
1724533670232 0.04178498685359955 1274
1724533671543 0.03809462860226631 1275
1724533672853 0.03618786111474037 1276
1724533674168 0.036095764487981796 1277
1724533675483 0.03895587474107742 1278
1724533676800 0.03836194425821304 1279
1724533678110 0.04030444845557213 1280
1724533679415 0.0387023389339447 1281
1724533680727 0.040704481303691864 1282
1724533682039 0.04520314559340477 1283
1724533683355 0.0402105376124382 1284
1724533684670 0.03896073251962662 1285
1724533685978 0.03851199522614479 1286
1724533687287 0.04072558879852295 1287
1724533688603 0.03488140180706978 1288
1724533689914 0.03651263564825058 1289
1724533691220 0.03581122308969498 1290
1724533692534 0.03688691183924675 1291
1724533693842 0.03825872391462326 1292
1724533695161 0.03349127992987633 1293
1724533696473 0.03990559279918671 1294
1724533697783 0.038592252880334854 1295
1724533699087 0.03363725170493126 1296
1724533700398 0.03857159987092018 1297
1724533701719 0.042332831770181656 1298
1724533703036 0.04190901666879654 1299
1724533704343 0.03855525702238083 1300
1724533705656 0.04007181525230408 1301
1724533706985 0.03809007257223129 1302
1724533708292 0.03408850356936455 1303
1724533709601 0.03912428021430969 1304
1724533710912 0.03570486605167389 1305
1724533712223 0.03739664703607559 1306
1724533713535 0.03703164681792259 1307
1724533714848 0.03816824033856392 1308
1724533716165 0.03903554752469063 1309
1724533717477 0.03849897161126137 1310
1724533718797 0.03952288627624512 1311
1724533720105 0.04048634320497513 1312
1724533721413 0.039937831461429596 1313
1724533722727 0.04209550842642784 1314
1724533724035 0.03947341814637184 1315
1724533725352 0.04002818465232849 1316
1724533726677 0.03913469612598419 1317
1724533727995 0.036684587597846985 1318
1724533729300 0.04042135924100876 1319
1724533730611 0.03753761574625969 1320
1724533732992 0.03532012924551964 1321
1724533734132 0.0408606119453907 1322
1724533735372 0.04183455929160118 1323
1724533736685 0.0355207622051239 1324
1724533738037 0.03842814639210701 1325
1724533739369 0.040566109120845795 1326
1724533740698 0.03881124034523964 1327
1724533742011 0.03905068710446358 1328
1724533743317 0.03874199837446213 1329
1724533744626 0.036964669823646545 1330
1724533745940 0.03924575448036194 1331
1724533747252 0.03742044046521187 1332
1724533748568 0.038991864770650864 1333
1724533749875 0.03867552429437637 1334
1724533751185 0.04126228764653206 1335
1724533752493 0.03441329300403595 1336
1724533753801 0.0423068031668663 1337
1724533755116 0.04182339087128639 1338
1724533756432 0.041302237659692764 1339
1724533757740 0.0394754596054554 1340
1724533759044 0.04069100320339203 1341
1724533760350 0.0384456142783165 1342
1724533761660 0.03882502764463425 1343
1724533762981 0.0399039201438427 1344
1724533764294 0.03862075135111809 1345
1724533765598 0.04303589090704918 1346
1724533766920 0.038998864591121674 1347
1724533768227 0.12510345876216888 1348
1724533769542 0.04064140096306801 1349
1724533770849 0.03419267013669014 1350
1724533772163 0.040530599653720856 1351
1724533773475 0.03748543933033943 1352
1724533774779 0.04239913448691368 1353
1724533776096 0.03992563858628273 1354
1724533777409 0.03786366805434227 1355
1724533778720 0.03882512077689171 1356
1724533780035 0.03869573771953583 1357
1724533781348 0.03765220195055008 1358
1724533782655 0.1278715431690216 1359
1724533783963 0.04345806688070297 1360
1724533785273 0.03692444786429405 1361
1724533786589 0.037070486694574356 1362
1724533787914 0.04041881114244461 1363
1724533789216 0.036542635411024094 1364
1724533790521 0.0354892760515213 1365
1724533791835 0.040638040751218796 1366
1724533793162 0.04208330810070038 1367
1724533794475 0.04142828658223152 1368
1724533795781 0.04013198986649513 1369
1724533797095 0.04540088400244713 1370
1724533798413 0.04000258818268776 1371
1724533799723 0.04146949201822281 1372
1724533801042 0.03923971951007843 1373
1724533802362 0.03857723996043205 1374
1724533803680 0.03938079997897148 1375
1724533804990 0.03773375600576401 1376
1724533806303 0.03710448369383812 1377
1724533807620 0.03913221135735512 1378
1724533808926 0.04210611805319786 1379
1724533810233 0.03407055512070656 1380
1724533811539 0.03667110949754715 1381
1724533812851 0.043367885053157806 1382
1724533814163 0.042120371013879776 1383
1724533815470 0.0388612262904644 1384
1724533816776 0.042113400995731354 1385
1724533818083 0.03923887386918068 1386
1724533819391 0.03546728938817978 1387
1724533820703 0.03838162124156952 1388
1724533822013 0.03734772279858589 1389
1724533823323 0.03899582102894783 1390
1724533824632 0.04262060299515724 1391
1724533825936 0.03444328159093857 1392
1724533827247 0.03710418939590454 1393
1724533828557 0.03620624914765358 1394
1724533829865 0.03757845237851143 1395
1724533831172 0.03709493950009346 1396
1724533832492 0.04462562873959541 1397
1724533833813 0.04027643799781799 1398
1724533835134 0.040258489549160004 1399
1724533836458 0.04074855148792267 1400
1724533838906 0.04985634982585907 1401
1724533840061 0.03235715627670288 1402
1724533841312 0.03689059615135193 1403
1724533842639 0.03159726783633232 1404
1724533843993 0.03589511290192604 1405
1724533845348 0.041213370859622955 1406
1724533846688 0.04407687485218048 1407
1724533848011 0.038829255849123 1408
1724533849339 0.038176752626895905 1409
1724533850590 0.038715559989213943 1410
1724533851906 0.03776540979743004 1411
1724533853214 0.04542374610900879 1412
1724533854520 0.04055454209446907 1413
1724533855827 0.03939781337976456 1414
1724533857132 0.03689919039607048 1415
1724533858440 0.038841959089040756 1416
1724533859748 0.04205597937107086 1417
1724533861062 0.04055539146065712 1418
1724533862372 0.03951326385140419 1419
1724533863676 0.036089953035116196 1420
1724533864989 0.038751270622015 1421
1724533866295 0.03730527684092522 1422
1724533867604 0.03700611740350723 1423
1724533868913 0.03952554240822792 1424
1724533870224 0.03540974110364914 1425
1724533871540 0.03562769666314125 1426
1724533872848 0.04219893738627434 1427
1724533874157 0.038388416171073914 1428
1724533875468 0.03754637762904167 1429
1724533876783 0.03524179384112358 1430
1724533878090 0.0403873547911644 1431
1724533879394 0.04248276352882385 1432
1724533880695 0.03554217517375946 1433
1724533882001 0.043326035141944885 1434
1724533883315 0.036372628062963486 1435
1724533884622 0.03874311223626137 1436
1724533885926 0.03728652745485306 1437
1724533887239 0.036394163966178894 1438
1724533888552 0.03977441042661667 1439
1724533889861 0.04071355238556862 1440
1724533891170 0.03653094917535782 1441
1724533892477 0.03971260413527489 1442
1724533893780 0.03814215585589409 1443
1724533895083 0.03539622575044632 1444
1724533896391 0.037722524255514145 1445
1724533897701 0.036369625478982925 1446
1724533899013 0.04376879334449768 1447
1724533900317 0.04049106687307358 1448
1724533901627 0.0442701131105423 1449
1724533902940 0.034368518739938736 1450
1724533904249 0.03918348625302315 1451
1724533905564 0.0392325334250927 1452
1724533906867 0.038308437913656235 1453
1724533908182 0.037957653403282166 1454
1724533909493 0.040802713483572006 1455
1724533910810 0.0379575751721859 1456
1724533912114 0.03652586787939072 1457
1724533913426 0.03626929223537445 1458
1724533914731 0.12622666358947754 1459
1724533916036 0.03679465129971504 1460
1724533917336 0.038515813648700714 1461
1724533918659 0.03791585937142372 1462
1724533919972 0.03927008435130119 1463
1724533921278 0.044328611344099045 1464
1724533922581 0.040508661419153214 1465
1724533923890 0.03810243681073189 1466
1724533925198 0.04392511397600174 1467
1724533926513 0.041536156088113785 1468
1724533927819 0.0390203595161438 1469
1724533929122 0.03914531320333481 1470
1724533930427 0.039729055017232895 1471
1724533931735 0.1285482943058014 1472
1724533933056 0.04210301861166954 1473
1724533934359 0.04284299910068512 1474
1724533935682 0.037844251841306686 1475
1724533936982 0.04324379563331604 1476
1724533938284 0.04656871035695076 1477
1724533939587 0.04044796898961067 1478
1724533940897 0.03966549411416054 1479
1724533942205 0.03706451505422592 1480
1724533944601 0.04005538672208786 1481
1724533945741 0.03563453257083893 1482
1724533946977 0.040427908301353455 1483
1724533948298 0.03928719460964203 1484
1724533949643 0.04060418903827667 1485
1724533950978 0.03819027915596962 1486
1724533952295 0.040844835340976715 1487
1724533953608 0.040127187967300415 1488
1724533954912 0.037075892090797424 1489
1724533956213 0.03535692021250725 1490
1724533957516 0.03714362904429436 1491
1724533958819 0.038500234484672546 1492
1724533960132 0.04146566241979599 1493
1724533961439 0.03770765662193298 1494
1724533962759 0.04056773707270622 1495
1724533964062 0.03955414518713951 1496
1724533965367 0.03825912997126579 1497
1724533966680 0.034286629408597946 1498
1724533967986 0.04367052763700485 1499
