1724532083107 0.05305358252407592 80
1724532190447 0.042797483736649156 160
1724532297007 0.04130131234414876 240
1724532403007 0.043065067706629635 320
1724532508565 0.0451330388430506 400
1724532614103 0.04192849174141884 480
1724532746363 0.04028013952076435 580
1724532852690 0.04116670214571059 660
1724532959347 0.040649985522031785 740
1724533065943 0.04055434511974454 820
1724533172705 0.040482472209259865 900
1724533279724 0.04225969389081001 980
1724533412288 0.04239366475492716 1080
1724533519102 0.04155931323766708 1160
1724533625868 0.039563226792961356 1240
1724533731847 0.039915829664096236 1320
1724533837763 0.04140811245888472 1400
1724533943452 0.04136359253898263 1480
