1723844386515 0.6108764410018921 0
1723844406760 0.7449073791503906 1
1723844426694 0.5033091902732849 2
1723844446742 0.7932361364364624 3
1723844466815 0.479769229888916 4
1723844486961 0.46734607219696045 5
1723844507081 0.43558672070503235 6
1723844527239 0.4271634519100189 7
1723844547227 0.5331719517707825 8
1723844567247 0.4454314112663269 9
1723844587331 0.46079888939857483 10
1723844607392 0.40456828474998474 11
1723844627684 0.4457888901233673 12
1723844647766 0.4140785038471222 13
1723844667724 0.5363789796829224 14
1723844687736 0.38979649543762207 15
1723844707882 0.5085523128509521 16
1723844727822 0.38088732957839966 17
1723844747979 0.531782865524292 18
1723844768086 0.5953777432441711 19
1723844788202 0.4539899528026581 20
1723844808311 0.3497260510921478 21
1723844828579 0.40763285756111145 22
1723844848937 0.44288432598114014 23
1723844868943 0.4386950731277466 24
1723844889097 0.4410335421562195 25
1723844909545 0.38765427470207214 26
1723844929631 0.477834552526474 27
1723844949669 0.4533224105834961 28
1723844969732 0.48789870738983154 29
1723844989955 0.4149165451526642 30
1723845010041 0.3819220960140228 31
1723845029989 0.3826914131641388 32
1723845050169 0.46043825149536133 33
1723845070547 0.4075307548046112 34
1723845090546 0.4108375310897827 35
1723845110604 0.47069603204727173 36
1723845130958 0.394085556268692 37
1723845151058 0.42435818910598755 38
1723845171161 0.3844307065010071 39
1723845191303 0.35693809390068054 40
1723845211481 0.43893536925315857 41
1723845231770 0.37791699171066284 42
1723845251837 0.445961058139801 43
1723845272276 0.4303598701953888 44
1723845292348 0.3527500629425049 45
1723845312536 0.394450843334198 46
1723845333012 0.5223391056060791 47
1723845353214 0.4994538426399231 48
1723845373500 0.4091329574584961 49
1723845393816 0.45422181487083435 50
1723845414249 0.3786490261554718 51
1723845434291 0.46414926648139954 52
1723845454564 0.43797624111175537 53
1723845474627 0.4694351851940155 54
1723845494946 0.39890438318252563 55
1723845515072 0.4555371403694153 56
1723845535431 0.40427738428115845 57
1723845555532 0.41250231862068176 58
1723845575961 0.45184561610221863 59
1723845596154 0.46462491154670715 60
1723845616143 0.46146661043167114 61
1723845636318 0.3454728424549103 62
1723845656395 0.37032029032707214 63
1723845676383 0.4774898290634155 64
1723845696815 0.3743375241756439 65
1723845716881 0.41601669788360596 66
1723845736990 0.47304636240005493 67
1723845757296 0.39652734994888306 68
1723845777636 0.39317089319229126 69
1723845797849 0.4330867528915405 70
1723845818403 0.42366212606430054 71
1723845838518 0.39378872513771057 72
1723845858805 0.5090287923812866 73
1723845879099 0.3626376986503601 74
1723845899271 0.39222395420074463 75
1723845919355 0.39992305636405945 76
1723845939496 0.39519503712654114 77
1723845959589 0.38745659589767456 78
1723845979788 0.3730860948562622 79
1723846000056 0.36455127596855164 80
1723846020433 0.40666916966438293 81
1723846040582 0.3928487300872803 82
1723846060700 0.48788484930992126 83
1723846080662 0.4001254141330719 84
1723846100725 0.35384297370910645 85
1723846121079 0.5095521807670593 86
1723846140969 0.3775585889816284 87
1723846161161 0.33220893144607544 88
1723846181298 0.4448247253894806 89
1723846201598 0.4080934524536133 90
1723846221692 0.48924410343170166 91
1723846241739 0.46458733081817627 92
1723846261723 0.42237621545791626 93
1723846281986 0.4351537823677063 94
1723846302134 0.41541802883148193 95
1723846322187 0.4550713896751404 96
1723846342348 0.43565595149993896 97
1723846362473 0.49646222591400146 98
1723846382682 0.43126142024993896 99
1723846403011 0.4770994484424591 100
1723846423116 0.4447469413280487 101
1723846443251 0.5026950836181641 102
1723846463451 0.4481085240840912 103
1723846483499 0.38924440741539 104
1723846503673 0.3868800401687622 105
1723846523712 0.3465554714202881 106
1723846543796 0.3935670852661133 107
1723846564063 0.3902648091316223 108
1723846584548 0.3610292375087738 109
1723846604546 0.4145837724208832 110
1723846624695 0.5776457190513611 111
1723846644840 0.3483622372150421 112
1723846665060 0.44017288088798523 113
1723846685109 0.46035563945770264 114
1723846705130 0.41722291707992554 115
1723846725206 0.32612743973731995 116
1723846745329 0.42399802803993225 117
1723846765592 0.399215430021286 118
1723846785695 0.44048771262168884 119
1723846806028 0.39151692390441895 120
1723846826551 0.47065410017967224 121
1723846846566 0.4350888729095459 122
1723846866671 0.32596930861473083 123
1723846886909 0.348179429769516 124
1723846906918 0.3776523470878601 125
1723846927377 0.3442855477333069 126
1723846947406 0.40320149064064026 127
1723846967725 0.41274189949035645 128
1723846987814 0.34872740507125854 129
1723847007963 0.3825158178806305 130
1723847028172 0.3823620080947876 131
1723847048341 0.5663150548934937 132
1723847068445 0.3900265097618103 133
1723847088514 0.37808141112327576 134
1723847108742 0.4480137526988983 135
1723847128941 0.43267688155174255 136
1723847149150 0.42473527789115906 137
1723847169459 0.5200410485267639 138
1723847189591 0.43277302384376526 139
1723847209681 0.48211368918418884 140
1723847229897 0.3514981269836426 141
1723847249970 0.4722355604171753 142
1723847270329 0.41009095311164856 143
1723847290594 0.6218076944351196 144
1723847310701 0.4380744695663452 145
1723847331051 0.3392552137374878 146
1723847351144 0.48094481229782104 147
1723847371286 0.3816395401954651 148
1723847391546 0.37512293457984924 149
1723847411984 0.37527328729629517 150
1723847432095 0.4242671728134155 151
1723847452416 0.4429715871810913 152
1723847472732 0.43582794070243835 153
1723847492876 0.362869530916214 154
1723847513008 0.4525734782218933 155
1723847533212 0.402815043926239 156
1723847553316 0.39742204546928406 157
1723847573525 0.3573013246059418 158
1723847593885 0.414281964302063 159
1723847614220 0.4074767529964447 160
1723847634912 0.5474037528038025 161
1723847655012 0.4641931354999542 162
1723847675108 0.39848679304122925 163
1723847695205 0.44451475143432617 164
1723847715092 0.37219369411468506 165
1723847735319 0.4059585928916931 166
1723847755610 0.35573336482048035 167
1723847775665 0.40787097811698914 168
1723847796056 0.40494993329048157 169
1723847816164 0.39014932513237 170
1723847836365 0.4145934581756592 171
1723847856632 0.4757642447948456 172
1723847876811 0.4474009573459625 173
1723847896976 0.4051086902618408 174
1723847917208 0.3635038733482361 175
1723847937618 0.4156380295753479 176
1723847957899 0.40584155917167664 177
1723847978171 0.4023568034172058 178
1723847998219 0.43143054842948914 179
1723848018259 0.3488747775554657 180
1723848038571 0.48736968636512756 181
1723848058803 0.42480969429016113 182
1723848078822 0.520435094833374 183
1723848098919 0.3744082748889923 184
1723848119038 0.3812204599380493 185
1723848139175 0.39049673080444336 186
1723848159439 0.41047173738479614 187
1723848179723 0.4116452932357788 188
1723848199859 0.46383771300315857 189
1723848220111 0.4537576735019684 190
1723848240146 0.36750274896621704 191
1723848260641 0.40056362748146057 192
1723848280721 0.3800382614135742 193
1723848300619 0.4471956789493561 194
1723848320577 0.4048466682434082 195
1723848340655 0.4023819863796234 196
1723848360871 0.3689902722835541 197
1723848381130 0.4316556751728058 198
1723848401218 0.41379639506340027 199
1723848421450 0.43262240290641785 200
1723848441918 0.46352994441986084 201
1723848461933 0.35134100914001465 202
1723848481967 0.3802403211593628 203
1723848502015 0.4392983615398407 204
1723848522157 0.4322963356971741 205
1723848542200 0.42944997549057007 206
1723848562418 0.3990256190299988 207
1723848582434 0.38583922386169434 208
1723848602503 0.3977034091949463 209
1723848622921 0.5275635719299316 210
1723848643256 0.433369517326355 211
1723848663332 0.41318315267562866 212
1723848683591 0.4492163062095642 213
1723848703900 0.4124891459941864 214
1723848723933 0.4143032431602478 215
1723848744076 0.38162243366241455 216
1723848764371 0.4157978296279907 217
1723848784538 0.406777560710907 218
1723848804679 0.36795973777770996 219
1723848824843 0.4393867254257202 220
1723848845008 0.44743436574935913 221
1723848865109 0.4402257204055786 222
1723848885610 0.37171670794487 223
1723848905715 0.4304072856903076 224
1723848925988 0.38568225502967834 225
1723848946109 0.3405166268348694 226
1723848966384 0.4344669580459595 227
1723848986687 0.39757591485977173 228
1723849006711 0.4235338270664215 229
1723849026625 0.4237681031227112 230
1723849046903 0.38372737169265747 231
1723849067273 0.5101113319396973 232
1723849087239 0.3890930712223053 233
1723849107303 0.456971138715744 234
1723849127422 0.40462222695350647 235
1723849147384 0.34325525164604187 236
1723849167849 0.45553576946258545 237
1723849187970 0.3107849359512329 238
1723849208082 0.3877279460430145 239
1723849228188 0.38790756464004517 240
1723849248585 0.3844417929649353 241
1723849268754 0.4169101119041443 242
1723849288915 0.46881765127182007 243
1723849309129 0.4090844690799713 244
1723849329194 0.3861018419265747 245
1723849349361 0.3662506639957428 246
1723849369468 0.4977071285247803 247
1723849389525 0.4456948935985565 248
1723849409787 0.3965083956718445 249
1723849430070 0.5034993290901184 250
1723849450232 0.4285697340965271 251
1723849470412 0.38450556993484497 252
1723849490639 0.397342711687088 253
1723849510833 0.3594038188457489 254
1723849530827 0.36601465940475464 255
1723849550925 0.40179353952407837 256
1723849571095 0.4189468324184418 257
1723849591195 0.38977891206741333 258
1723849611224 0.5285530090332031 259
1723849631463 0.4583430290222168 260
1723849651838 0.4253154397010803 261
1723849672367 0.37927311658859253 262
1723849692631 0.3115081489086151 263
1723849712623 0.401466965675354 264
1723849732583 0.44337788224220276 265
1723849752831 0.4123324751853943 266
1723849773033 0.47223857045173645 267
1723849792982 0.3900912404060364 268
1723849813503 0.42351171374320984 269
1723849833471 0.4397394061088562 270
1723849853503 0.45906004309654236 271
1723849873864 0.409719318151474 272
1723849893819 0.39902520179748535 273
1723849914049 0.39544957876205444 274
1723849934195 0.42892390489578247 275
1723849954410 0.3525101840496063 276
1723849974694 0.5030564069747925 277
1723849995005 0.42509591579437256 278
1723850015082 0.5291964411735535 279
1723850035147 0.4192994236946106 280
1723850055260 0.3941115736961365 281
1723850075678 0.4323384463787079 282
1723850095771 0.40352603793144226 283
1723850115880 0.4119173288345337 284
1723850136072 0.4008498787879944 285
1723850156426 0.4288632273674011 286
1723850176796 0.36868056654930115 287
1723850197155 0.34401747584342957 288
1723850217615 0.41880178451538086 289
1723850237647 0.3842163681983948 290
1723850257882 0.33549535274505615 291
1723850278003 0.4327632784843445 292
1723850298213 0.41250497102737427 293
1723850318269 0.45727211236953735 294
1723850338377 0.4472929835319519 295
1723850358638 0.36556100845336914 296
1723850378862 0.4618128538131714 297
1723850398997 0.4761570692062378 298
1723850419016 0.3369925320148468 299
1723850439050 0.46302732825279236 300
1723850459230 0.4890735447406769 301
1723850479385 0.3713686168193817 302
1723850499643 0.3623771071434021 303
1723850521477 0.4481189548969269 304
1723850541417 0.44679421186447144 305
1723850561688 0.430461585521698 306
1723850581958 0.3829883635044098 307
1723850601875 0.3948774039745331 308
1723850622136 0.3414372205734253 309
1723850642402 0.4060192108154297 310
1723850662472 0.5651757717132568 311
1723850682989 0.3451414108276367 312
1723850703680 0.4522415101528168 313
1723850723803 0.34080228209495544 314
1723850744097 0.4058111011981964 315
1723850764288 0.4250911474227905 316
1723850784348 0.37355950474739075 317
1723850804708 0.42143532633781433 318
1723850824909 0.41332927346229553 319
1723850845015 0.440702885389328 320
1723850865508 0.5020192265510559 321
1723850885669 0.43599221110343933 322
1723850906092 0.48044273257255554 323
1723850926475 0.39933353662490845 324
1723850947576 0.39301374554634094 325
1723850968598 0.37845659255981445 326
1723850988915 0.37393221259117126 327
1723851009302 0.41791802644729614 328
1723851029609 0.3483886122703552 329
1723851051411 0.42542585730552673 330
1723851073231 0.3571513891220093 331
1723851094859 0.4130192995071411 332
1723851116363 0.4213249385356903 333
1723851138224 0.3635031580924988 334
1723851160028 0.38706082105636597 335
1723851180377 0.4755188524723053 336
1723851200596 0.4695558547973633 337
1723851220572 0.4169303774833679 338
1723851240784 0.37856507301330566 339
1723851260983 0.36828941106796265 340
1723851281118 0.4874463975429535 341
1723851301480 0.3904668092727661 342
1723851321723 0.4932977557182312 343
1723851341820 0.5045500993728638 344
1723851362010 0.4313724935054779 345
1723851382293 0.4481172561645508 346
1723851402459 0.4314722418785095 347
1723851422735 0.4469931721687317 348
1723851442783 0.354438841342926 349
1723851462997 0.35837802290916443 350
1723851483249 0.42057907581329346 351
1723851503545 0.4626270830631256 352
1723851523777 0.4442223012447357 353
1723851544049 0.40766358375549316 354
1723851564289 0.3877714276313782 355
1723851584422 0.379525363445282 356
1723851604676 0.4811241328716278 357
1723851624985 0.3953397870063782 358
1723851645222 0.4042273461818695 359
1723851665310 0.3300768733024597 360
1723851685436 0.4337921440601349 361
1723851705628 0.40859556198120117 362
1723851725711 0.3971741199493408 363
1723851745782 0.49571478366851807 364
1723851765953 0.43208640813827515 365
1723851786088 0.3539491891860962 366
1723851806429 0.4839072823524475 367
1723851826675 0.4625292420387268 368
1723851846836 0.4412657916545868 369
1723851867176 0.37080907821655273 370
1723851887532 0.43524396419525146 371
1723851907652 0.34787848591804504 372
1723851927907 0.4066943824291229 373
1723851948137 0.3748222589492798 374
1723851968351 0.5337622165679932 375
1723851988905 0.3667571246623993 376
1723852009060 0.4873414933681488 377
1723852029293 0.4093222916126251 378
1723852049611 0.3980380594730377 379
1723852069786 0.3850225508213043 380
1723852089952 0.3873159885406494 381
1723852110325 0.3879377841949463 382
1723852130534 0.5273675322532654 383
1723852150872 0.399581640958786 384
1723852171260 0.39054930210113525 385
1723852191456 0.4137311577796936 386
1723852211634 0.47573593258857727 387
1723852231979 0.47266054153442383 388
1723852251988 0.439840704202652 389
1723852272369 0.41415831446647644 390
1723852292603 0.48587942123413086 391
1723852312894 0.4955090582370758 392
1723852333296 0.4282350242137909 393
1723852353441 0.45751428604125977 394
1723852373573 0.4228189289569855 395
1723852393931 0.38866397738456726 396
1723852414245 0.42913052439689636 397
1723852434398 0.45334911346435547 398
1723852454811 0.35283902287483215 399
1723852475077 0.4028863310813904 400
1723852495612 0.43119046092033386 401
1723852515994 0.5093534588813782 402
1723852536227 0.40314358472824097 403
1723852556599 0.4144103229045868 404
1723852577111 0.42481139302253723 405
1723852597204 0.4212382137775421 406
1723852617350 0.4900771677494049 407
1723852637682 0.38892853260040283 408
1723852657616 0.3675607740879059 409
1723852677785 0.36531004309654236 410
1723852697945 0.4295949637889862 411
1723852718147 0.3483794331550598 412
1723852738248 0.42133691906929016 413
1723852758636 0.37718239426612854 414
1723852778704 0.38355040550231934 415
1723852798994 0.4351423978805542 416
1723852819402 0.36801254749298096 417
1723852839662 0.5100479125976562 418
1723852859895 0.42429378628730774 419
1723852880273 0.4565686583518982 420
1723852900328 0.35894328355789185 421
1723852920657 0.4442812204360962 422
1723852940926 0.4112871587276459 423
1723852961167 0.3658544719219208 424
1723852981407 0.4300135374069214 425
1723853001805 0.32885581254959106 426
1723853021869 0.5159424543380737 427
1723853042147 0.444073885679245 428
1723853062410 0.45286110043525696 429
1723853082666 0.5124635100364685 430
1723853102967 0.3612423241138458 431
1723853123146 0.3804524540901184 432
1723853143416 0.4007933437824249 433
1723853163739 0.39732348918914795 434
1723853183914 0.4904656708240509 435
1723853204085 0.4801996946334839 436
1723853224316 0.3873639404773712 437
1723853244471 0.36437663435935974 438
1723853264786 0.45078790187835693 439
1723853284987 0.3586099147796631 440
1723853305146 0.41231024265289307 441
1723853325410 0.38542863726615906 442
1723853345607 0.42520248889923096 443
1723853365751 0.48698920011520386 444
1723853385954 0.3600677251815796 445
1723853406303 0.4297884702682495 446
1723853426369 0.45500636100769043 447
1723853446503 0.3506419062614441 448
1723853466749 0.39536964893341064 449
1723853486802 0.3818996548652649 450
1723853507194 0.36289069056510925 451
1723853527530 0.3900265395641327 452
1723853547921 0.432717502117157 453
1723853568173 0.4068796634674072 454
1723853588514 0.443905234336853 455
1723853609007 0.3517475426197052 456
1723853629468 0.37281835079193115 457
1723853649547 0.38732555508613586 458
1723853669712 0.4019943177700043 459
1723853690086 0.3952007591724396 460
1723853710260 0.4068974554538727 461
1723853730362 0.40047547221183777 462
1723853750866 0.3720353841781616 463
1723853771246 0.40487760305404663 464
1723853791552 0.34676140546798706 465
1723853811720 0.4570026695728302 466
1723853832038 0.390327125787735 467
1723853852386 0.542402446269989 468
1723853872641 0.4502854347229004 469
1723853892723 0.3766911029815674 470
1723853913045 0.3519975543022156 471
1723853933278 0.4899194538593292 472
1723853953429 0.4302893280982971 473
1723853974029 0.40754997730255127 474
1723853994319 0.39983224868774414 475
1723854014611 0.3805748522281647 476
1723854034975 0.4840087890625 477
1723854055368 0.4432409405708313 478
1723854075709 0.41902536153793335 479
1723854095886 0.3742784857749939 480
1723854116241 0.41313374042510986 481
1723854136578 0.3874337077140808 482
1723854156852 0.4094666838645935 483
1723854176916 0.37031471729278564 484
1723854197439 0.48716986179351807 485
1723854217631 0.43037182092666626 486
1723854237916 0.428134024143219 487
1723854258092 0.37182122468948364 488
1723854278376 0.446207731962204 489
1723854298543 0.4117385745048523 490
1723854318749 0.4198610484600067 491
1723854338992 0.39123213291168213 492
1723854359263 0.3549281358718872 493
1723854379444 0.36773625016212463 494
1723854399606 0.42973706126213074 495
1723854419814 0.44327598810195923 496
1723854439995 0.44228726625442505 497
1723854460217 0.41797754168510437 498
1723854480388 0.45878201723098755 499
