1724527570374 0.0028636849019676447 0
1724527571815 0.0017769187688827515 1
1724527573380 0.00211486779153347 2
1724527574975 0.0016154395416378975 3
1724527576516 0.0018129257950931787 4
1724527577990 0.0017345038941130042 5
1724527579434 0.0017424923134967685 6
1724527580896 0.0017929067835211754 7
1724527582389 0.0016900727059692144 8
1724527583890 0.0018116254359483719 9
1724527585389 0.001776810036972165 10
1724527586862 0.0016641428228467703 11
1724527588360 0.0016791285015642643 12
1724527589835 0.0018272869056090713 13
1724527591227 0.0015274800825864077 14
1724527592806 0.0016274796798825264 15
1724527594295 0.0016786647029221058 16
1724527595709 0.0017038917867466807 17
1724527597215 0.0016541816294193268 18
1724527598688 0.0014750881819054484 19
1724527600141 0.0014003217220306396 20
1724527601588 0.001541424309834838 21
1724527603088 0.0015535056591033936 22
1724527604560 0.0016366461059078574 23
1724527606027 0.001479990896768868 24
1724527607488 0.0015937014250084758 25
1724527608803 0.0013493131846189499 26
1724527610261 0.0014758611796423793 27
1724527611728 0.0014654356054961681 28
1724527613183 0.00153602275531739 29
1724527614533 0.0014932503690943122 30
1724527615980 0.0013754398096352816 31
1724527617447 0.0014244590420275927 32
1724527618908 0.002143234945833683 33
1724527620345 0.0014137520920485258 34
1724527621830 0.0016860231989994645 35
1724527623319 0.0014165492029860616 36
1724527624800 0.0012816477101296186 37
1724527626301 0.0015326383290812373 38
1724527627831 0.002258624415844679 39
1724527629365 0.0013405987992882729 40
1724527630913 0.0012802763376384974 41
1724527632506 0.001363723655231297 42
1724527633951 0.0013983329990878701 43
1724527635428 0.0013024748768657446 44
1724527636757 0.00133001827634871 45
1724527638152 0.0014467767905443907 46
1724527639608 0.001233467715792358 47
1724527641067 0.0011412997264415026 48
1724527642556 0.0012950096279382706 49
1724527643924 0.0013031188864260912 50
1724527645441 0.0020548286847770214 51
1724527646902 0.0013084018137305975 52
1724527648361 0.0013018451863899827 53
1724527649739 0.0012767179869115353 54
1724527651193 0.001282414305023849 55
1724527652630 0.0012645907700061798 56
1724527654034 0.001215388998389244 57
1724527655453 0.001245490275323391 58
1724527656865 0.0012954727280884981 59
1724527658267 0.0012195510789752007 60
1724527659664 0.0011887678410857916 61
1724527661069 0.0012353435158729553 62
1724527662453 0.0012543756747618318 63
1724527663826 0.001187661662697792 64
1724527665205 0.0011282495688647032 65
1724527666582 0.0012093448312953115 66
1724527667961 0.001987590454518795 67
1724527669227 0.0011982469586655498 68
1724527670658 0.0010616604704409838 69
1724527671993 0.0012758178636431694 70
1724527673440 0.0012757503427565098 71
1724527674852 0.0011343574151396751 72
1724527676242 0.0012280973605811596 73
1724527677622 0.001212079543620348 74
1724527679000 0.001175571233034134 75
1724527680408 0.0012037375709041953 76
1724527681836 0.0009607054525986314 77
1724527683268 0.0011539217084646225 78
1724527684721 0.0012640103232115507 79
1724527686228 0.0011690278770402074 80
1724527688385 0.001264879829250276 81
1724527689798 0.0009636536124162376 82
1724527691292 0.00121082435362041 83
1724527692799 0.0011791505385190248 84
1724527694290 0.0010378843871876597 85
1724527695766 0.001212377566844225 86
1724527697226 0.001111490884795785 87
1724527698701 0.0011449477169662714 88
1724527700034 0.0012009578058496118 89
1724527701532 0.0010283337906002998 90
1724527702953 0.0008950089104473591 91
1724527704351 0.0010507057886570692 92
1724527705725 0.0011111950734630227 93
1724527707113 0.001113256672397256 94
1724527708511 0.0011239118175581098 95
1724527709933 0.0011571301147341728 96
1724527711371 0.0018668302800506353 97
1724527712801 0.001140631502494216 98
1724527714214 0.0011289140675216913 99
1724527715649 0.0011608452768996358 100
1724527717116 0.001095858053304255 101
1724527718597 0.0010310730431228876 102
1724527720042 0.0011088206665590405 103
1724527721424 0.001069895108230412 104
1724527722899 0.0009764200658537447 105
1724527724392 0.0011615948751568794 106
1724527725872 0.0010899965418502688 107
1724527727415 0.0020309046376496553 108
1724527728941 0.0013280815910547972 109
1724527730417 0.0010414256248623133 110
1724527731897 0.001079279463738203 111
1724527733352 0.0009604405495338142 112
1724527734777 0.0010827308287844062 113
1724527736107 0.0010254319058731198 114
1724527737575 0.0010091604199260473 115
1724527739060 0.0010743808234110475 116
1724527740526 0.0010464137885719538 117
1724527741943 0.0009446823387406766 118
1724527743324 0.0010724525200203061 119
1724527744720 0.000998702715151012 120
1724527746159 0.0010873700957745314 121
1724527747650 0.0011721926275640726 122
1724527749152 0.0011138968402519822 123
1724527750623 0.0010344117181375623 124
1724527752086 0.001061145798303187 125
1724527753617 0.0010448333341628313 126
1724527755190 0.002071032300591469 127
1724527756756 0.0010696491226553917 128
1724527758280 0.0010163719998672605 129
1724527759803 0.0012173971626907587 130
1724527761298 0.0010586275020614266 131
1724527762738 0.0019918482284992933 132
1724527764176 0.0010731996735557914 133
1724527765580 0.0010196816874668002 134
1724527766968 0.000924453663174063 135
1724527768370 0.001022700103931129 136
1724527769711 0.0011682185577228665 137
1724527771137 0.0009887454798445106 138
1724527772574 0.001032187370583415 139
1724527773968 0.0009666061378084123 140
1724527775349 0.001049871207214892 141
1724527776747 0.001092424732632935 142
1724527778152 0.0010418109595775604 143
1724527779540 0.00101818039547652 144
1724527780906 0.0010128937428817153 145
1724527782274 0.0011267337249591947 146
1724527783647 0.0009965032804757357 147
1724527785052 0.0009430503705516458 148
1724527786525 0.0009220343781635165 149
1724527788039 0.0010139141231775284 150
1724527789593 0.000882991123944521 151
1724527791072 0.0009716275380924344 152
1724527792620 0.0009605175582692027 153
1724527794151 0.000968754873611033 154
1724527795633 0.001022212440147996 155
1724527797120 0.0010074474848806858 156
1724527798599 0.001025441917590797 157
1724527800048 0.0010694534284994006 158
1724527801496 0.0010468775872141123 159
1724527802918 0.00103707832749933 160
1724527805078 0.0019242962589487433 161
1724527806486 0.0010554949985817075 162
1724527807915 0.001032692496664822 163
1724527809470 0.0010460034245625138 164
1724527811003 0.0009271005401387811 165
1724527812523 0.0009348753374069929 166
1724527814020 0.0009664458921179175 167
1724527815477 0.0009148261160589755 168
1724527816955 0.0010436050361022353 169
1724527818373 0.0010111271403729916 170
1724527819893 0.0009506859933026135 171
1724527821423 0.000913176336325705 172
1724527822918 0.000858316954690963 173
1724527824310 0.0010614416096359491 174
1724527825815 0.0009251659503206611 175
1724527827295 0.0010348198702558875 176
1724527828764 0.0009658187045715749 177
1724527830175 0.0009929996449500322 178
1724527831562 0.0019220588728785515 179
1724527833057 0.0011631948873400688 180
1724527834466 0.0010151457972824574 181
1724527835975 0.0009275098564103246 182
1724527837431 0.0008463835692964494 183
1724527838827 0.0010117237688973546 184
1724527840161 0.0010424063075333834 185
1724527841592 0.0008942789863795042 186
1724527842995 0.001003780635073781 187
1724527844423 0.001113593578338623 188
1724527845846 0.0009223255910910666 189
1724527847302 0.0010860974434763193 190
1724527848799 0.0009315665229223669 191
1724527850361 0.0008429790614172816 192
1724527851874 0.0009753765189088881 193
1724527853322 0.000944422441534698 194
1724527854750 0.000919389829505235 195
1724527856175 0.0018649265402927995 196
1724527857635 0.0009272104362025857 197
1724527859105 0.0009526307112537324 198
1724527860523 0.0007618684321641922 199
1724527861930 0.0009256369085051119 200
1724527863341 0.0011261649196967483 201
1724527864722 0.0008489579195156693 202
1724527866122 0.0010168743319809437 203
1724527867504 0.000980107462964952 204
1724527868884 0.001068195910193026 205
1724527870257 0.0009956525173038244 206
1724527871625 0.0009868764318525791 207
1724527872991 0.0008731138659641147 208
1724527874390 0.0008805617690086365 209
1724527875794 0.0010195571230724454 210
1724527877265 0.0008260599570348859 211
1724527878797 0.0008940898114815354 212
1724527880345 0.0009555050637573004 213
1724527881775 0.0009806427406147122 214
1724527883249 0.0009728310396894813 215
1724527884709 0.0009470782242715359 216
1724527886072 0.0018184902146458626 217
1724527887569 0.000940887548495084 218
1724527889108 0.0008448368171229959 219
1724527890679 0.000982450321316719 220
1724527892276 0.00098986376542598 221
1724527893770 0.0009663770906627178 222
1724527895318 0.0009215736645273864 223
1724527896849 0.0009737061336636543 224
1724527898344 0.0009445198811590672 225
1724527899840 0.0008211423410102725 226
1724527901349 0.0009230564464814961 227
1724527902831 0.0009845392778515816 228
1724527904345 0.0008956667734310031 229
1724527905903 0.0009506143978796899 230
1724527907438 0.000943537917919457 231
1724527908914 0.0009573586285114288 232
1724527910393 0.0008579381392337382 233
1724527911913 0.0009025319013744593 234
1724527913426 0.0009139701724052429 235
1724527914942 0.0008262586197815835 236
1724527916429 0.0009059802978299558 237
1724527917900 0.0009786714799702168 238
1724527919359 0.0009050510125234723 239
1724527920837 0.0010508856503292918 240
1724527923071 0.0009648515260778368 241
1724527924431 0.0009690540609881282 242
1724527925868 0.0010206664446741343 243
1724527927355 0.0010045261587947607 244
1724527928756 0.0009657241753302515 245
1724527930149 0.0009286604472436011 246
1724527931546 0.0008830539882183075 247
1724527932929 0.0009758317028172314 248
1724527934347 0.0008955602534115314 249
1724527935864 0.0017944946885108948 250
1724527937486 0.0009032601374201477 251
1724527939127 0.0018280817894265056 252
1724527940739 0.0008963037980720401 253
1724527942281 0.0010032575810328126 254
1724527943778 0.0008625741465948522 255
1724527945298 0.0008693519048392773 256
1724527946826 0.0010511609725654125 257
1724527948233 0.0008545954478904605 258
1724527949808 0.0009064848418347538 259
1724527951391 0.0009511822718195617 260
1724527952899 0.0009468528442084789 261
1724527954462 0.0008595168474130332 262
1724527956037 0.0009478703141212463 263
1724527957563 0.0009273708565160632 264
1724527958918 0.0009728010045364499 265
1724527960358 0.0009759172680787742 266
1724527961781 0.0009335210197605193 267
1724527963128 0.000999235431663692 268
1724527964445 0.0009597074240446091 269
1724527965880 0.0009471983066760004 270
1724527967306 0.0008703712956048548 271
1724527968714 0.0009110126993618906 272
1724527970132 0.0008318800246343017 273
1724527971593 0.0008889824966900051 274
1724527973050 0.0010614364873617887 275
1724527974529 0.0009091328829526901 276
1724527975981 0.0008828265126794577 277
1724527977448 0.0008510022889822721 278
1724527978915 0.0008391650626435876 279
1724527980322 0.0009222372900694609 280
1724527981706 0.0009327179286628962 281
1724527983103 0.0010342855239287019 282
1724527984489 0.0008463005069643259 283
1724527985934 0.0007970662554726005 284
1724527987391 0.0009282662649638951 285
1724527988827 0.000967221858445555 286
1724527990251 0.0009168017422780395 287
1724527991676 0.0008694564457982779 288
1724527993105 0.0009492240496911108 289
1724527994546 0.00100172299426049 290
1724527995951 0.0009197015897370875 291
1724527997359 0.0009747412404976785 292
1724527998766 0.000961936719249934 293
1724528000179 0.0008427849388681352 294
1724528001608 0.0010121222585439682 295
1724528003057 0.000991138513199985 296
1724528004362 0.0008191895904019475 297
1724528005810 0.0009301680256612599 298
1724528007251 0.0008948131580837071 299
1724528008695 0.001028427854180336 300
1724528010100 0.0009820519480854273 301
1724528011494 0.0008356972830370069 302
1724528012899 0.0009416872053407133 303
1724528014321 0.000991406966932118 304
1724528015774 0.0009317403309978545 305
1724528017207 0.0008561234571970999 306
1724528018557 0.0009640376083552837 307
1724528020009 0.0009798277169466019 308
1724528021437 0.0018127098446711898 309
1724528022853 0.000877140206284821 310
1724528024158 0.0008884732378646731 311
1724528025594 0.0009253508178517222 312
1724528026997 0.0009245318360626698 313
1724528028417 0.0009056696435436606 314
1724528029732 0.0008458683732897043 315
1724528031199 0.0009275136981159449 316
1724528032654 0.0010530970757827163 317
1724528034084 0.0009220145875588059 318
1724528035489 0.000816732703242451 319
1724528036882 0.0009518912411294878 320
1724528038987 0.000826308794785291 321
1724528040269 0.0009003090090118349 322
1724528041554 0.000937681645154953 323
1724528042992 0.0008368771523237228 324
1724528044453 0.0009575602598488331 325
1724528045911 0.0009243570966646075 326
1724528047444 0.00086265429854393 327
1724528048948 0.0009935948764905334 328
1724528050397 0.0009817922255024314 329
1724528051826 0.0008798713679425418 330
1724528053260 0.0008811100851744413 331
1724528054531 0.0008055026410147548 332
1724528055921 0.000879059312865138 333
1724528057365 0.0008461902616545558 334
1724528058882 0.0008538750116713345 335
1724528060397 0.0009276086930185556 336
1724528061917 0.0009925240883603692 337
1724528063353 0.0009287920547649264 338
1724528064766 0.0009047914063557982 339
1724528066232 0.000833975151181221 340
1724528067729 0.0009197376784868538 341
1724528069205 0.0008227007929235697 342
1724528070754 0.0009002687293104827 343
1724528072235 0.0009252979070879519 344
1724528073684 0.000886561581864953 345
1724528075096 0.0010083710076287389 346
1724528076522 0.0009656554902903736 347
1724528077919 0.0008441134705208242 348
1724528079325 0.0009030317887663841 349
1724528080717 0.0008460754761472344 350
1724528082120 0.0009932811371982098 351
1724528083516 0.0009031725348904729 352
1724528084909 0.0007689967751502991 353
1724528086292 0.000837644562125206 354
1724528087687 0.000965314160566777 355
1724528089120 0.0008582065929658711 356
1724528090538 0.000901981838978827 357
1724528091959 0.0008908892632462084 358
1724528093304 0.0017438430804759264 359
1724528094698 0.0008989768102765083 360
1724528096244 0.0008853923645801842 361
1724528097855 0.0009650787687860429 362
1724528099403 0.0008302776259370148 363
1724528100869 0.0008975574164651334 364
1724528102469 0.0009070655214600265 365
1724528103999 0.0010197001975029707 366
1724528105484 0.0007581874378956854 367
1724528106984 0.0008731072302907705 368
1724528108444 0.0008401740924455225 369
1724528109872 0.0008860855014063418 370
1724528111335 0.0009246307890862226 371
1724528112821 0.0009330710163339972 372
1724528114317 0.0009660953655838966 373
1724528115792 0.0008203828474506736 374
1724528117231 0.0009531968971714377 375
1724528118627 0.0009364153956994414 376
1724528120020 0.0009572855196893215 377
1724528121443 0.0009008911438286304 378
1724528122883 0.0008136499673128128 379
1724528124308 0.0008674256969243288 380
1724528125736 0.0008382390369661152 381
1724528127189 0.0008831023005768657 382
1724528128646 0.0008479236275888979 383
1724528130103 0.0008024006965570152 384
1724528131545 0.0008688701782375574 385
1724528132991 0.0010024721268564463 386
1724528134406 0.0007597362855449319 387
1724528135825 0.0009605252416804433 388
1724528137284 0.0009173736907541752 389
1724528138696 0.0009405574528500438 390
1724528140266 0.0008915255311876535 391
1724528141722 0.0009150365367531776 392
1724528143282 0.0008417231147177517 393
1724528144840 0.0008715812000446022 394
1724528146395 0.0009442330920137465 395
1724528147925 0.0007831219118088484 396
1724528149428 0.0008889680611900985 397
1724528150927 0.0009129734244197607 398
1724528152359 0.0008808990241959691 399
1724528153767 0.000804201525170356 400
1724528155848 0.0009311356116086245 401
1724528157128 0.0008431649766862392 402
1724528158468 0.0007606990984641016 403
1724528159895 0.0008709122193977237 404
1724528161306 0.000759848509915173 405
1724528162720 0.0008637816645205021 406
1724528164135 0.0008999179117381573 407
1724528165542 0.0008848688448779285 408
1724528166965 0.0007218144601210952 409
1724528168377 0.0008530443301424384 410
1724528169784 0.0009918154682964087 411
1724528171250 0.0008147201733663678 412
1724528172797 0.0017678713193163276 413
1724528174345 0.0009069408988580108 414
1724528175809 0.0008081297855824232 415
1724528177281 0.0008801540825515985 416
1724528178812 0.0007678382680751383 417
1724528180280 0.0008244725759141147 418
1724528181854 0.0009406028548255563 419
1724528183393 0.00091701396740973 420
1724528184895 0.0009496702114120126 421
1724528186397 0.0007877052994444966 422
1724528187903 0.0008867840515449643 423
1724528189386 0.0007672437932342291 424
1724528190823 0.0009058752912096679 425
1724528192219 0.0007771350792609155 426
1724528193637 0.0008732426213100553 427
1724528195061 0.0007484583766199648 428
1724528196507 0.0008369511342607439 429
1724528197937 0.0008239395101554692 430
1724528199347 0.0008789569837972522 431
1724528200745 0.0008299710461869836 432
1724528202138 0.0008460499811917543 433
1724528203540 0.0017420845106244087 434
1724528204948 0.000935171265155077 435
1724528206352 0.0008235644199885428 436
1724528207747 0.0009168620454147458 437
1724528209147 0.0009039466385729611 438
1724528210551 0.000838114065118134 439
1724528211995 0.0008330271812155843 440
1724528213486 0.0009482702007517219 441
1724528214983 0.0007907359395176172 442
1724528216461 0.0009217312326654792 443
1724528217900 0.0009612629073671997 444
1724528219359 0.0008157133706845343 445
1724528220811 0.0008975443779490888 446
1724528222256 0.0008540945127606392 447
1724528223726 0.0008028073352761567 448
1724528225186 0.0008869038429111242 449
1724528226641 0.0008987484034150839 450
1724528228066 0.0008855910855345428 451
1724528229503 0.0008871863828971982 452
1724528230928 0.0007503537344746292 453
1724528232343 0.0008183321915566921 454
1724528233753 0.0008876679930835962 455
1724528235212 0.0009357188828289509 456
1724528236702 0.0009676315821707249 457
1724528238216 0.0007518570055253804 458
1724528239754 0.0009175770683214068 459
1724528241178 0.0008523870492354035 460
1724528242685 0.0008631424279883504 461
1724528244209 0.0009140262263827026 462
1724528245711 0.0008057931554503739 463
1724528247247 0.000916407851036638 464
1724528248781 0.0009761451510712504 465
1724528250323 0.0009312552865594625 466
1724528251933 0.0008445779094472528 467
1724528253517 0.0009048179490491748 468
1724528255074 0.0009751343750394881 469
1724528256685 0.0008178752614185214 470
1724528258236 0.0009333235211670399 471
1724528259756 0.0008948391187004745 472
1724528261212 0.0008751104469411075 473
1724528262811 0.0009065776248462498 474
1724528264411 0.0008575069368816912 475
1724528265998 0.0007580964011140168 476
1724528267598 0.0009103627526201308 477
1724528269117 0.0008790811989456415 478
1724528270664 0.0009020147263072431 479
1724528272228 0.0007765385671518743 480
1724528274323 0.0008863353868946433 481
1724528275711 0.0008525835000909865 482
1724528277187 0.0008779355557635427 483
1724528278717 0.0008285041549243033 484
1724528280242 0.000837083556689322 485
1724528281778 0.0008162348531186581 486
1724528283326 0.0009559587342664599 487
1724528284923 0.0008819018839858472 488
1724528286505 0.0008864320116117597 489
1724528288173 0.0008816585759632289 490
1724528289732 0.0008403586689382792 491
1724528291206 0.0008448657463304698 492
1724528292673 0.0008834260515868664 493
1724528294120 0.0008653687546029687 494
1724528295619 0.0008528681937605143 495
1724528297128 0.0008827237179502845 496
1724528298604 0.0009789764881134033 497
1724528300052 0.0008342670043930411 498
1724528301574 0.0017700068419799209 499
1724528303103 0.000859381165355444 500
1724528304643 0.0008513961220160127 501
1724528306268 0.0007755783735774457 502
1724528307877 0.0008752260473556817 503
1724528309479 0.0008281759219244123 504
1724528311098 0.000811027770396322 505
1724528312635 0.0008286911761388183 506
1724528314188 0.0009419349953532219 507
1724528315814 0.0008599462453275919 508
1724528317484 0.000836825929582119 509
1724528319090 0.0007939033093862236 510
1724528320639 0.0017114320071414113 511
1724528322195 0.0008332585566677153 512
1724528323826 0.0008730387780815363 513
1724528325445 0.0017594513483345509 514
1724528326993 0.0017270385287702084 515
1724528328443 0.000929411849938333 516
1724528329919 0.0017539223190397024 517
1724528331507 0.000960045144893229 518
1724528333068 0.0008845924166962504 519
1724528334601 0.0008401440572924912 520
1724528336132 0.0009605253580957651 521
1724528337706 0.0009447672055102885 522
1724528339244 0.0009008093038573861 523
1724528340765 0.0009236371261067688 524
1724528342260 0.0008052376797422767 525
1724528343815 0.0008236198336817324 526
1724528345393 0.0007884781807661057 527
1724528347016 0.0008910803007893264 528
1724528348627 0.0008793129818513989 529
1724528350205 0.000943993974942714 530
1724528351658 0.0017336122691631317 531
1724528353277 0.0007904386729933321 532
1724528354798 0.0008161879377439618 533
1724528356419 0.0007930079009383917 534
1724528358015 0.0007942612282931805 535
1724528359630 0.0009137666202150285 536
1724528361198 0.0007773543475195765 537
1724528362738 0.000863725203089416 538
1724528364285 0.0008580061257816851 539
1724528365863 0.0009186792885884643 540
1724528367466 0.0009083203040063381 541
1724528369102 0.0008913035271689296 542
1724528370728 0.0008731142152100801 543
1724528372386 0.0009147853124886751 544
1724528373976 0.0008171697263605893 545
1724528375513 0.0008282915805466473 546
1724528377082 0.0008036274230107665 547
1724528378692 0.0009201405919156969 548
1724528380274 0.0008089271141216159 549
1724528381839 0.0008032817859202623 550
1724528383362 0.0008341476204805076 551
1724528384827 0.000765156582929194 552
1724528386322 0.0008940157713368535 553
1724528387851 0.0009169763652607799 554
1724528389364 0.0007764211622998118 555
1724528390949 0.0017682575853541493 556
1724528392584 0.000845382222905755 557
1724528394223 0.000803812756203115 558
1724528395742 0.0008080563857220113 559
1724528397241 0.0007820307509973645 560
1724528398840 0.0017674356931820512 561
1724528400344 0.0008753057336434722 562
1724528401966 0.0008566841715946794 563
1724528403510 0.0008420858066529036 564
1724528405040 0.000956585630774498 565
1724528406589 0.0008120377315208316 566
1724528407980 0.0008422411046922207 567
1724528409516 0.000892982236109674 568
1724528411033 0.0008939499384723604 569
1724528412527 0.0007645373698323965 570
1724528413969 0.0007794487755745649 571
1724528415532 0.0008584394818171859 572
1724528417076 0.0008402720559388399 573
1724528418618 0.0008382755913771689 574
1724528420152 0.0007744955364614725 575
1724528421711 0.0007921428768895566 576
1724528423245 0.0007819071761332452 577
1724528424760 0.0008575463434681296 578
1724528426248 0.001810645218938589 579
1724528427789 0.0007935309549793601 580
1724528430013 0.0008152911905199289 581
1724528431481 0.0008603760506957769 582
1724528433119 0.0007732360973022878 583
1724528434735 0.0007317455601878464 584
1724528436333 0.0008059628307819366 585
1724528437744 0.0007293923408724368 586
1724528439293 0.0007949001737870276 587
1724528440827 0.0007812629919499159 588
1724528442379 0.0009643980883993208 589
1724528443923 0.0009274574695155025 590
1724528445447 0.0008187178755179048 591
1724528447067 0.0008731710840947926 592
1724528448734 0.0008223045151680708 593
1724528450295 0.0009031922090798616 594
1724528451818 0.000802547438070178 595
1724528453354 0.0007806019857525826 596
1724528454922 0.0016440014587715268 597
1724528456502 0.001763155683875084 598
1724528458051 0.0008561869035474956 599
1724528459605 0.0008415182237513363 600
1724528461213 0.0009219878702424467 601
1724528462810 0.0008795592002570629 602
1724528464365 0.0009132562554441392 603
1724528465870 0.000791463942732662 604
1724528467371 0.0008508583414368331 605
1724528468912 0.0008882007678039372 606
1724528470496 0.0008348022820428014 607
1724528472075 0.0007834926364012063 608
1724528473675 0.0017757827881723642 609
1724528475190 0.0007474744925275445 610
1724528476672 0.0008106182212941349 611
1724528478141 0.0007055450114421546 612
1724528479591 0.0018037563422694802 613
1724528481085 0.0008185567567124963 614
1724528482610 0.0008872097823768854 615
1724528484241 0.0017533720238134265 616
1724528485847 0.0008158619748428464 617
1724528487304 0.0009031266672536731 618
1724528488852 0.0009221986401826143 619
1724528490354 0.0009095504647120833 620
1724528491903 0.0008743933867663145 621
1724528493492 0.0008071655174717307 622
1724528495104 0.0008378714555874467 623
1724528496714 0.000809891615062952 624
1724528498280 0.0008278369205072522 625
1724528499811 0.0008395739132538438 626
1724528501359 0.0008763918885961175 627
1724528502912 0.0008393756579607725 628
1724528504382 0.0017681719036772847 629
1724528505955 0.001646384596824646 630
1724528507496 0.0009524758788757026 631
1724528509022 0.0008943479624576867 632
1724528510518 0.0009362370474264026 633
1724528511989 0.0009250573930330575 634
1724528513428 0.0008160846191458404 635
1724528514860 0.0007139502558857203 636
1724528516300 0.0008093544747680426 637
1724528517813 0.0008867280557751656 638
1724528519382 0.000780103262513876 639
1724528520849 0.0008307340904138982 640
1724528522396 0.0008344735251739621 641
1724528523895 0.0008178349235095084 642
1724528525329 0.0008293472928926349 643
1724528526765 0.0008210772648453712 644
1724528528297 0.0008692999836057425 645
1724528529860 0.0008450678433291614 646
1724528531445 0.0018188322428613901 647
1724528533061 0.0009945901110768318 648
1724528534645 0.0007868602406233549 649
1724528536188 0.0008517495589330792 650
1724528537738 0.0007693590014241636 651
1724528539332 0.0009008815977722406 652
1724528540966 0.0008549510966986418 653
1724528542577 0.0008723721839487553 654
1724528544108 0.0008818490896373987 655
1724528545683 0.0008019549422897398 656
1724528547285 0.0007820330793038011 657
1724528548873 0.0010232183849439025 658
1724528550434 0.0009053032845258713 659
1724528552000 0.0017181707080453634 660
1724528554393 0.0007662979187443852 661
1724528555848 0.0007192916236817837 662
1724528557511 0.0008570026839151978 663
1724528559171 0.0007919814088381827 664
1724528560645 0.000867171969730407 665
1724528562224 0.000867801601998508 666
1724528563791 0.0009685811819508672 667
1724528565287 0.000790526857599616 668
1724528566880 0.0017131729982793331 669
1724528568482 0.0008111131028272212 670
1724528570088 0.0008069667965173721 671
1724528571772 0.0008747623069211841 672
1724528573441 0.0017015541670843959 673
1724528575027 0.0007535892073065042 674
1724528576604 0.0007054400630295277 675
1724528578151 0.0007490147254429758 676
1724528579732 0.0007347796927206218 677
1724528581335 0.0008181360317394137 678
1724528582923 0.0006868384662084281 679
1724528584539 0.0008428912260569632 680
1724528586187 0.0009270875598303974 681
1724528587657 0.0008332336437888443 682
1724528589312 0.0008166113402694464 683
1724528590840 0.0008759063202887774 684
1724528592484 0.0008848616853356361 685
1724528594133 0.0008580422727391124 686
1724528595727 0.0008313143625855446 687
1724528597250 0.0009032466332428157 688
1724528598758 0.000930294394493103 689
1724528600337 0.0016440460458397865 690
1724528601883 0.0009228618582710624 691
1724528603660 0.0016945911338552833 692
1724528605301 0.0008465303108096123 693
1724528606898 0.0007524540997110307 694
1724528608470 0.0009435744723305106 695
1724528610063 0.0007071550353430212 696
1724528611702 0.0008719812612980604 697
1724528613313 0.0008202884928323328 698
1724528614912 0.000857203733175993 699
1724528616557 0.0008806033292785287 700
1724528618165 0.0008674059063196182 701
1724528619775 0.0017291507683694363 702
1724528621354 0.0008647949434816837 703
1724528622935 0.0009460846777074039 704
1724528624543 0.0008545201271772385 705
1724528626113 0.0008403485990129411 706
1724528627639 0.0008612331585027277 707
1724528629170 0.0009637447074055672 708
1724528630581 0.0017539213877171278 709
1724528632168 0.0008860970847308636 710
1724528633712 0.0008944058790802956 711
1724528635228 0.000776156026404351 712
1724528636816 0.0008506468147970736 713
1724528638384 0.0007827195222489536 714
1724528639901 0.0008948302711360157 715
1724528641269 0.0008628852665424347 716
1724528642774 0.0007705146563239396 717
1724528644253 0.0008817919879220426 718
1724528645754 0.0008864397532306612 719
1724528647177 0.0008972908253781497 720
1724528648730 0.0007272950024344027 721
1724528650304 0.000782306888140738 722
1724528651856 0.0007980573573149741 723
1724528653375 0.0007482982473447919 724
1724528654855 0.0007995987543836236 725
1724528656295 0.0008549997000955045 726
1724528657794 0.000807480828370899 727
1724528659237 0.0009686386911198497 728
1724528660775 0.0008713246206752956 729
1724528662211 0.0008617572602815926 730
1724528663765 0.001776604331098497 731
1724528665260 0.0008501057745888829 732
1724528666744 0.0008873167680576444 733
1724528668267 0.0007276663091033697 734
1724528669796 0.000852051074616611 735
1724528671347 0.00072092330083251 736
1724528672837 0.0008880142704583704 737
1724528674321 0.0008824562537483871 738
1724528675813 0.000739092705771327 739
1724528677340 0.0007258975529111922 740
1724528679564 0.0009474762482568622 741
1724528680944 0.0008113258518278599 742
1724528682501 0.0008106294553726912 743
1724528684166 0.0008130394853651524 744
1724528685821 0.0008365213871002197 745
1724528687448 0.0009143436327576637 746
1724528689182 0.0007720678695477545 747
1724528690867 0.0017062559491023421 748
1724528692537 0.0008553725783713162 749
1724528694164 0.0017168410122394562 750
1724528695816 0.001765514723956585 751
1724528697461 0.0006938063306733966 752
1724528699150 0.0007970885490067303 753
1724528700743 0.0008280932670459151 754
1724528702346 0.0008272731211036444 755
1724528703939 0.0008049187017604709 756
1724528705561 0.0007858468452468514 757
1724528707179 0.0008165850886143744 758
1724528708802 0.0009416309767402709 759
1724528710411 0.0008123525185510516 760
1724528712022 0.0008970896014943719 761
1724528713581 0.0009003551676869392 762
1724528715126 0.0016907455865293741 763
1724528716655 0.0008244013879448175 764
1724528718158 0.0008918769890442491 765
1724528719755 0.0008182722376659513 766
1724528721277 0.0008566084434278309 767
1724528722973 0.0018204578664153814 768
1724528724651 0.0017254705308005214 769
1724528726283 0.0016564177349209785 770
1724528727940 0.000778752553742379 771
1724528729590 0.0007692846702411771 772
1724528731249 0.0007767828647047281 773
1724528732891 0.0008464918937534094 774
1724528734466 0.0008001570822671056 775
1724528736056 0.0008033249177969992 776
1724528737642 0.0007951282314024866 777
1724528739230 0.0008370180148631334 778
1724528740830 0.0008451162138953805 779
1724528742426 0.0008236864232458174 780
1724528743962 0.0008019821252673864 781
1724528745416 0.0007841594633646309 782
1724528747039 0.0008028955198824406 783
1724528748606 0.0007894998416304588 784
1724528750133 0.0007466143579222262 785
1724528751782 0.0007725267787463963 786
1724528753385 0.0008457911317236722 787
1724528754930 0.0008314118022099137 788
1724528756447 0.0007491712458431721 789
1724528757957 0.000871386902872473 790
1724528759491 0.0008186571067199111 791
1724528761013 0.0007530772127211094 792
1724528762560 0.0008716682204976678 793
1724528764178 0.0008585226605646312 794
1724528765813 0.0008252066327258945 795
1724528767479 0.0017717102309688926 796
1724528769119 0.0007331634988076985 797
1724528770778 0.0008745827944949269 798
1724528772366 0.0017654425464570522 799
1724528773897 0.0007632236811332405 800
1724528775580 0.0008265062351711094 801
1724528777221 0.0008103770669549704 802
1724528778835 0.0008194072870537639 803
1724528780438 0.0006735853385180235 804
1724528781986 0.0008113642106764019 805
1724528783528 0.0008397847996093333 806
1724528785062 0.0008326898096129298 807
1724528786669 0.0007655573426745832 808
1724528788417 0.0017179566202685237 809
1724528790196 0.0008146746549755335 810
1724528791879 0.0008435844210907817 811
1724528793593 0.000829128606710583 812
1724528795294 0.0008317810716107488 813
1724528797048 0.0008131877984851599 814
1724528798786 0.0008206236525438726 815
1724528800416 0.0009007790358737111 816
1724528802176 0.00090498459758237 817
1724528803907 0.000815277046058327 818
1724528805628 0.00085283606313169 819
1724528807391 0.0007706622709520161 820
1724528809555 0.0009575189906172454 821
1724528811242 0.0007478836341761053 822
1724528812970 0.0007850211695767939 823
1724528814766 0.0008896194631233811 824
1724528816522 0.000895628472790122 825
1724528818214 0.0008849477744661272 826
1724528819962 0.0007924171513877809 827
1724528821724 0.0008947126334533095 828
1724528823498 0.0009197386680170894 829
1724528825318 0.0008320122142322361 830
1724528827010 0.0007303472957573831 831
1724528828597 0.000739463372156024 832
1724528829979 0.0007959362119436264 833
1724528831555 0.0007104864926077425 834
1724528833097 0.0008353336597792804 835
1724528834605 0.0008159134304150939 836
1724528836060 0.0007614402566105127 837
1724528837619 0.00081684032920748 838
1724528839075 0.0008302768692374229 839
1724528840501 0.0007583902915939689 840
1724528841955 0.0008378879865631461 841
1724528843416 0.000838330714032054 842
1724528844861 0.0008390318253077567 843
1724528846300 0.0008866624557413161 844
1724528847775 0.0008957142708823085 845
1724528849264 0.0008443545084446669 846
1724528850636 0.0008176944102160633 847
1724528852050 0.0008883626433089375 848
1724528853553 0.0008392835734412074 849
1724528855029 0.000839272397570312 850
1724528856534 0.000828788906801492 851
1724528858152 0.0006912333774380386 852
1724528859907 0.000793235027231276 853
1724528861668 0.0007851701811887324 854
1724528863387 0.0016777379205450416 855
1724528865091 0.0007737397099845111 856
1724528866756 0.0008101706043817103 857
1724528868429 0.0008928150054998696 858
1724528870130 0.0008445025887340307 859
1724528871881 0.0007596476934850216 860
1724528873589 0.0007361152092926204 861
1724528875310 0.0007873106515035033 862
1724528877048 0.0016666072187945247 863
1724528878790 0.0008593118982389569 864
1724528880523 0.0007073460728861392 865
1724528882256 0.0007864757790230215 866
1724528883906 0.0008334507001563907 867
1724528885740 0.0007960285875014961 868
1724528887326 0.0008484285790473223 869
1724528889042 0.0008629396907053888 870
1724528890712 0.0008200263837352395 871
1724528892381 0.0008316146559081972 872
1724528894056 0.0007918730843812227 873
1724528895766 0.0008287777891382575 874
1724528897155 0.0008196393609978259 875
1724528898666 0.0007729739882051945 876
1724528900206 0.0007179951062425971 877
1724528901808 0.000857301231008023 878
1724528903294 0.0008108463953249156 879
1724528904894 0.0007752897799946368 880
1724528906518 0.0009240358485840261 881
1724528908152 0.0007557739154435694 882
1724528909849 0.0008011150639504194 883
1724528911479 0.0007977524655871093 884
1724528913117 0.0008540794951841235 885
1724528914767 0.0007806023932062089 886
1724528916334 0.0017505813157185912 887
1724528917995 0.0008998059784062207 888
1724528919596 0.0008047184674069285 889
1724528921165 0.0008138951379805803 890
1724528922727 0.0007453592261299491 891
1724528924362 0.0007664102013222873 892
1724528925945 0.000845110509544611 893
1724528927513 0.0008682695333845913 894
1724528929055 0.0007648349273949862 895
1724528930629 0.0008511295891366899 896
1724528932223 0.0007773063261993229 897
1724528933855 0.0007419154280796647 898
1724528935427 0.0008791800355538726 899
1724528936993 0.0007653423235751688 900
1724528939256 0.000866837683133781 901
1724528940663 0.0007720112917013466 902
1724528942199 0.0007955379551276565 903
1724528943769 0.000781078590080142 904
1724528945382 0.0008304115035571158 905
1724528947017 0.0008285941439680755 906
1724528948615 0.0008118884870782495 907
1724528950224 0.0007398212910629809 908
1724528951805 0.0007938308408483863 909
1724528953399 0.0008072422351688147 910
1724528954898 0.0007941582007333636 911
1724528956363 0.0007822485058568418 912
1724528957799 0.0007871711859479547 913
1724528959229 0.0008505287696607411 914
1724528960653 0.0007895442540757358 915
1724528962099 0.000901273509953171 916
1724528963561 0.0009325735154561698 917
1724528965037 0.0007733583333902061 918
1724528966547 0.0007760295993648469 919
1724528968124 0.0007564430125057697 920
1724528969686 0.0008625988266430795 921
1724528971238 0.0007239279220812023 922
1724528972820 0.0007483026711270213 923
1724528974571 0.0008056755177676678 924
1724528976331 0.0008943746797740459 925
1724528978018 0.0009308945736847818 926
1724528979685 0.0008203283650800586 927
1724528981339 0.0007932324660941958 928
1724528983022 0.0007726320181973279 929
1724528984676 0.0008081740816123784 930
1724528986356 0.0008127698674798012 931
1724528988042 0.0008187377825379372 932
1724528989742 0.001642687013372779 933
1724528991463 0.0006736071081832051 934
1724528993138 0.0007336008129641414 935
1724528994837 0.0008000929374247789 936
1724528996549 0.0008715589647181332 937
1724528998089 0.0008008727454580367 938
1724528999819 0.0016831953544169664 939
1724529001546 0.0008410376613028347 940
1724529003305 0.0007574917981401086 941
1724529005096 0.0008754243608564138 942
1724529006879 0.0008100430713966489 943
1724529008628 0.0008966929162852466 944
1724529010376 0.0007422724738717079 945
1724529012047 0.0008800570503808558 946
1724529013750 0.0007938121561892331 947
1724529015455 0.0007956841727718711 948
1724529017161 0.001746963826008141 949
1724529018890 0.0008452933980152011 950
1724529020634 0.0008075073710642755 951
1724529022310 0.0016565155237913132 952
1724529024183 0.0017359907506033778 953
1724529025955 0.001652784296311438 954
1724529027710 0.0007402412011288106 955
1724529029501 0.0017480920068919659 956
1724529031206 0.0009479693835601211 957
1724529033015 0.000752957770600915 958
1724529034823 0.0008267263183370233 959
1724529036602 0.0007190769538283348 960
1724529038402 0.0008680153987370431 961
1724529040205 0.0008385864784941077 962
1724529042026 0.0008377640624530613 963
1724529043888 0.0008312037098221481 964
1724529045731 0.0016842997865751386 965
1724529047567 0.0007911212742328644 966
1724529049267 0.0008731999550946057 967
1724529051145 0.001673148013651371 968
1724529052991 0.0008056450169533491 969
1724529055052 0.0017305432120338082 970
1724529056971 0.0007665791781619191 971
1724529058803 0.000761929783038795 972
1724529060633 0.0008659303421154618 973
1724529062445 0.0008475409704260528 974
1724529064250 0.0007481186185032129 975
1724529066065 0.0015984094934538007 976
1724529067888 0.0007778339204378426 977
1724529069705 0.001771303708665073 978
1724529071398 0.0008385165128856897 979
1724529073230 0.001626284676603973 980
1724529075747 0.0007777872961014509 981
1724529077462 0.0007873168215155602 982
1724529079420 0.0008381856023333967 983
1724529081336 0.0008609018987044692 984
1724529083178 0.0007817900623194873 985
1724529084944 0.0009049178333953023 986
1724529086744 0.0008221567841246724 987
1724529088552 0.0008253888227045536 988
1724529090370 0.0007957551279105246 989
1724529092207 0.0017478478839620948 990
1724529093993 0.0007396471919491887 991
1724529095700 0.0008095393422991037 992
1724529097404 0.0007848094683140516 993
1724529099111 0.0017070117173716426 994
1724529100828 0.0008823020034469664 995
1724529102620 0.000825829803943634 996
1724529104323 0.000805061892606318 997
1724529106130 0.0008109343471005559 998
1724529107844 0.0007930964347906411 999
1724529109607 0.0007520753424614668 1000
1724529111389 0.001700356020592153 1001
1724529113144 0.0008012710022740066 1002
1724529114903 0.0007160363020375371 1003
1724529116628 0.0008500282419845462 1004
1724529118277 0.0007247718749567866 1005
1724529119974 0.0007267720648087561 1006
1724529121832 0.0008329403353855014 1007
1724529123586 0.0008472030749544501 1008
1724529125310 0.0008542712312191725 1009
1724529127065 0.0008168664062395692 1010
1724529128825 0.0008431312744505703 1011
1724529130578 0.0008355436730198562 1012
1724529132225 0.0006697149365209043 1013
1724529133997 0.0007385691860690713 1014
1724529135776 0.0007893095025792718 1015
1724529137586 0.0007893178262747824 1016
1724529139367 0.0008021910907700658 1017
1724529141101 0.0008086227462626994 1018
1724529142900 0.0007849214598536491 1019
1724529144499 0.0007783691398799419 1020
1724529146214 0.0007088337442837656 1021
1724529147977 0.0007501739310100675 1022
1724529149737 0.0007420984911732376 1023
1724529151510 0.000795504660345614 1024
1724529153256 0.0006766860606148839 1025
1724529154896 0.0007734906976111233 1026
1724529156688 0.0007947834674268961 1027
1724529158496 0.0007318498101085424 1028
1724529160246 0.0008948916220106184 1029
1724529162080 0.0016627227887511253 1030
1724529163731 0.0016921082278713584 1031
1724529165586 0.0008076302474364638 1032
1724529167303 0.0008418723591603339 1033
1724529169178 0.0007689449703320861 1034
1724529170885 0.0008863869006745517 1035
1724529172747 0.000794655759818852 1036
1724529174513 0.0007658399408683181 1037
1724529176303 0.0007536134799011052 1038
1724529177866 0.0008411890594288707 1039
1724529179300 0.0007821309263817966 1040
1724529180704 0.0009058066643774509 1041
1724529182103 0.0007665287121199071 1042
1724529183508 0.0008206299389712512 1043
1724529184922 0.0007818843005225062 1044
1724529186353 0.0007848500972613692 1045
1724529187777 0.0008117907564155757 1046
1724529189213 0.0007181845139712095 1047
1724529190614 0.0008017228101380169 1048
1724529192013 0.0008382165688090026 1049
1724529193327 0.0006391435745172203 1050
1724529194686 0.0007370770326815546 1051
1724529196137 0.000738161732442677 1052
1724529197657 0.0008035908685997128 1053
1724529199212 0.0007718236884102225 1054
1724529200640 0.0007468344992958009 1055
1724529202117 0.0007873980794101954 1056
1724529203576 0.0008210850646719337 1057
1724529205024 0.0007724198512732983 1058
1724529206492 0.0008572940132580698 1059
1724529207842 0.0008058119565248489 1060
1724529209382 0.0007994364714249969 1061
1724529210810 0.0007737594423815608 1062
1724529212159 0.0008259405149146914 1063
1724529213639 0.0007405468495562673 1064
1724529215143 0.0006988303503021598 1065
1724529216691 0.0008038257365114987 1066
1724529218189 0.000889791117515415 1067
1724529219645 0.0007274866220541298 1068
1724529221130 0.0007939604693092406 1069
1724529222542 0.0008309594122692943 1070
1724529224107 0.0016719290288165212 1071
1724529225645 0.0007889802800491452 1072
1724529227143 0.000837645900901407 1073
1724529228559 0.0008072787895798683 1074
1724529230019 0.0008826538105495274 1075
1724529231499 0.0007946958066895604 1076
1724529232997 0.001739438739605248 1077
1724529234489 0.000743108510505408 1078
1724529235845 0.0008178494172170758 1079
1724529237334 0.0007598318625241518 1080
1724529239485 0.0008090523770079017 1081
1724529240806 0.0007504663662984967 1082
1724529242212 0.0008033579215407372 1083
1724529243715 0.0007533474708907306 1084
1724529245148 0.0017605763860046864 1085
1724529246694 0.0007623636047355831 1086
1724529248191 0.0007466788520105183 1087
1724529249637 0.0007635686779394746 1088
1724529250978 0.0008714901632629335 1089
1724529252489 0.0006935206474736333 1090
1724529253976 0.0008604622562415898 1091
1724529255508 0.0007890536217018962 1092
1724529257123 0.000729254970792681 1093
1724529258672 0.0008416181080974638 1094
1724529260222 0.0017416725168004632 1095
1724529261770 0.0008460194803774357 1096
1724529263317 0.0008434519404545426 1097
1724529264824 0.0007270693895407021 1098
1724529266333 0.0016852037515491247 1099
1724529267790 0.0006768346065655351 1100
1724529269251 0.0007139631197787821 1101
1724529270720 0.000797989428974688 1102
1724529272195 0.0007610159809701145 1103
1724529273647 0.0007920261705294251 1104
1724529275116 0.0007894515874795616 1105
1724529276654 0.0008647720678709447 1106
1724529278190 0.0007641307893209159 1107
1724529279685 0.0017465786077082157 1108
1724529281158 0.0008016506908461452 1109
1724529282677 0.0008124697487801313 1110
1724529284180 0.0008208195795305073 1111
1724529285650 0.000893539865501225 1112
1724529287284 0.0009023757884278893 1113
1724529288917 0.0008107891771942377 1114
1724529290540 0.0007708000484853983 1115
1724529292083 0.0009742898400872946 1116
1724529293613 0.000832843070384115 1117
1724529295138 0.0016841307515278459 1118
1724529296569 0.0008024970884434879 1119
1724529297966 0.0007439075852744281 1120
1724529299364 0.0007151588797569275 1121
1724529300756 0.0008057859959080815 1122
1724529302157 0.0007340951124206185 1123
1724529303543 0.0008876514039002359 1124
1724529304936 0.0008219742449000478 1125
1724529306390 0.0007193725323304534 1126
1724529307915 0.0007065249374136329 1127
1724529309398 0.0008468099986203015 1128
1724529310798 0.0007613193010911345 1129
1724529312224 0.0009112109546549618 1130
1724529313630 0.0007814315613359213 1131
1724529314938 0.0007712831138633192 1132
1724529316289 0.000762270821724087 1133
1724529317788 0.0008743649232201278 1134
1724529319194 0.0007507108966819942 1135
1724529320767 0.0007957466877996922 1136
1724529322277 0.0007428032113239169 1137
1724529323791 0.0008239829912781715 1138
1724529325255 0.0007525192922912538 1139
1724529326734 0.0008126097382046282 1140
1724529328264 0.0007311305380426347 1141
1724529329784 0.0009155640145763755 1142
1724529331336 0.0008477274095639586 1143
1724529332893 0.0007446522358804941 1144
1724529334458 0.0008122771978378296 1145
1724529336057 0.000700799806509167 1146
1724529337662 0.0006951389950700104 1147
1724529339213 0.0007736959960311651 1148
1724529340661 0.0007682342547923326 1149
1724529342162 0.0006965616485103965 1150
1724529343692 0.0007685985183343291 1151
1724529345285 0.0007009523105807602 1152
1724529346852 0.000787481723818928 1153
1724529348474 0.0007668329635635018 1154
1724529350039 0.0007486323011107743 1155
1724529351594 0.0017743655480444431 1156
1724529353131 0.0007997516077011824 1157
1724529354622 0.0007646996527910233 1158
1724529356127 0.0007946036057546735 1159
1724529357638 0.0007305190083570778 1160
1724529359897 0.0008016545325517654 1161
1724529361230 0.001746507827192545 1162
1724529362672 0.0007694028900004923 1163
1724529364174 0.0007638626848347485 1164
1724529365764 0.0008767190156504512 1165
1724529367398 0.0007692070794291794 1166
1724529368893 0.0007099246722646058 1167
1724529370430 0.0007804934284649789 1168
1724529371943 0.0008442731341347098 1169
1724529373414 0.000775982451159507 1170
1724529374905 0.0008043799898587167 1171
1724529376375 0.0007708149496465921 1172
1724529377873 0.0007708496414124966 1173
1724529379368 0.0008222442702390254 1174
1724529380684 0.000816691666841507 1175
1724529382140 0.0008028132724575698 1176
1724529383568 0.0007199728861451149 1177
1724529384897 0.0008481273544020951 1178
1724529386317 0.0007158703519962728 1179
1724529387723 0.0009285509004257619 1180
1724529389134 0.0008032445912249386 1181
1724529390552 0.0007657065289095044 1182
1724529391996 0.0007297470001503825 1183
1724529393468 0.0016494604060426354 1184
1724529394974 0.0007854526629671454 1185
1724529396556 0.0008883627015165985 1186
1724529398100 0.0008289259276352823 1187
1724529399624 0.0007514332537539303 1188
1724529401094 0.0009109737002290785 1189
1724529402577 0.0017636151751503348 1190
1724529403930 0.0007823079940862954 1191
1724529405488 0.0008434854680672288 1192
1724529407085 0.0008197249844670296 1193
1724529408720 0.0007348211947828531 1194
1724529410336 0.0016640025423839688 1195
1724529411880 0.0008510523475706577 1196
1724529413503 0.0008452925831079483 1197
1724529415045 0.0008089977782219648 1198
1724529416557 0.0008562914445064962 1199
1724529418066 0.0007707639597356319 1200
1724529419609 0.0007819031015969813 1201
1724529421180 0.0007672698702663183 1202
1724529422753 0.0007901127682998776 1203
1724529424298 0.0007650534389540553 1204
1724529425825 0.0016908340621739626 1205
1724529427300 0.0008240606402978301 1206
1724529428852 0.0007222805288620293 1207
1724529430422 0.0008404660038650036 1208
1724529431941 0.0007981191738508642 1209
1724529433387 0.000735817477107048 1210
1724529434797 0.0007973889005370438 1211
1724529436229 0.0007052848814055324 1212
1724529437689 0.0007156948558986187 1213
1724529439162 0.0007508714916184545 1214
1724529440637 0.00075946981087327 1215
1724529442171 0.0008283041534014046 1216
1724529443704 0.0008728167740628123 1217
1724529445185 0.000771573162637651 1218
1724529446637 0.0007476183818653226 1219
1724529448126 0.0008091205963864923 1220
1724529449670 0.0007783641922287643 1221
1724529451251 0.0008324810769408941 1222
1724529452862 0.0017233279068022966 1223
1724529454504 0.000717534392606467 1224
1724529456053 0.0007925264653749764 1225
1724529457630 0.0008123418665491045 1226
1724529459223 0.0008057467639446259 1227
1724529460852 0.0008356769103556871 1228
1724529462481 0.0008183819008991122 1229
1724529464116 0.0008252564584836364 1230
1724529465701 0.0016706123715266585 1231
1724529467222 0.000887746864464134 1232
1724529468707 0.0007792181568220258 1233
1724529470074 0.0007117618806660175 1234
1724529471642 0.0008410795708186924 1235
1724529473183 0.0008214393747039139 1236
1724529474716 0.0008253792766481638 1237
1724529476184 0.0008588110213167965 1238
1724529477744 0.0007168202428147197 1239
1724529479285 0.000734538771212101 1240
1724529481883 0.0007799252634868026 1241
1724529483220 0.0007827873341739178 1242
1724529484756 0.000776651781052351 1243
1724529486451 0.0007753125391900539 1244
1724529488160 0.00168510596267879 1245
1724529489811 0.0007436590385623276 1246
1724529491290 0.0008584863971918821 1247
1724529492801 0.0007810842362232506 1248
1724529494303 0.0007175020291469991 1249
1724529495773 0.0007369170780293643 1250
1724529497251 0.0007075518951751292 1251
1724529498762 0.0008013485930860043 1252
1724529500288 0.0008457727381028235 1253
1724529501799 0.0007336374837905169 1254
1724529503401 0.0008101871353574097 1255
1724529504862 0.0008306889212690294 1256
1724529506439 0.0007095225737430155 1257
1724529507905 0.0007424962823279202 1258
1724529509323 0.0007815220742486417 1259
1724529510713 0.0007970003061927855 1260
1724529512174 0.000769995036534965 1261
1724529513680 0.000772309023886919 1262
1724529515260 0.0008313707658089697 1263
1724529516850 0.000747299927752465 1264
1724529518333 0.0007510025170631707 1265
1724529519858 0.000760927505325526 1266
1724529521350 0.0009022758458741009 1267
1724529522862 0.000879662053193897 1268
1724529524390 0.0008098550024442375 1269
1724529525833 0.0017360812053084373 1270
1724529527297 0.0008656620630063117 1271
1724529528728 0.0007594224880449474 1272
1724529530138 0.0008456206414848566 1273
1724529531572 0.0007571171736344695 1274
1724529533001 0.000869220239110291 1275
1724529534436 0.0007063053199090064 1276
1724529535853 0.000694546673912555 1277
1724529537269 0.0007755685946904123 1278
1724529538681 0.0008289311081171036 1279
1724529540090 0.0007346670608967543 1280
1724529541575 0.0007109087309800088 1281
1724529543091 0.000804243900347501 1282
1724529544621 0.0008028100710362196 1283
1724529546134 0.0007509829010814428 1284
1724529547710 0.0007685262244194746 1285
1724529549133 0.001677794149145484 1286
1724529550723 0.0007511472795158625 1287
1724529552302 0.0007458399632014334 1288
1724529553969 0.0008729596738703549 1289
1724529555659 0.0007365375058725476 1290
1724529557310 0.0007367245852947235 1291
1724529558916 0.0007401850307360291 1292
1724529560531 0.0007680554990656674 1293
1724529562145 0.000738296308554709 1294
1724529563655 0.0007937499321997166 1295
1724529565281 0.0007778236758895218 1296
1724529566834 0.000760133087169379 1297
1724529568377 0.0007661358686164021 1298
1724529569948 0.0008053782512433827 1299
1724529571534 0.0008472737390547991 1300
1724529573106 0.0017044051783159375 1301
1724529574619 0.000866303569637239 1302
1724529576180 0.0007903932710178196 1303
1724529577679 0.0008774183224886656 1304
1724529579274 0.0007497594924643636 1305
1724529580860 0.000759031274355948 1306
1724529582432 0.0008314083097502589 1307
1724529583922 0.0007659192779101431 1308
1724529585424 0.0007911018328741193 1309
1724529586937 0.0008219138253480196 1310
1724529588443 0.0007890592678450048 1311
1724529590076 0.0008057539816945791 1312
1724529591747 0.000792209932114929 1313
1724529593436 0.0007375046843662858 1314
1724529595092 0.0008209197549149394 1315
1724529596806 0.0008171114604920149 1316
1724529598518 0.000694620015565306 1317
1724529600191 0.0008646638598293066 1318
1724529601761 0.0007758846040815115 1319
1724529603267 0.0008884830749593675 1320
1724529605511 0.0007547561544924974 1321
1724529606950 0.0007686800672672689 1322
1724529608560 0.0007700599380768836 1323
1724529609989 0.000770878919865936 1324
1724529611382 0.0007825078791938722 1325
1724529612928 0.0007600393728353083 1326
1724529614376 0.0016536684706807137 1327
1724529615804 0.0008225728524848819 1328
1724529617266 0.001658062101341784 1329
1724529618771 0.0007980315713211894 1330
1724529620319 0.0009273907635360956 1331
1724529621941 0.0007959979120641947 1332
1724529623456 0.0008869591983966529 1333
1724529625133 0.0008547327597625554 1334
1724529626778 0.0007676539244130254 1335
1724529628278 0.0008625746704638004 1336
1724529629947 0.0016755297547206283 1337
1724529631561 0.0008218699949793518 1338
1724529633216 0.000796991924289614 1339
1724529634818 0.0007297066040337086 1340
1724529636470 0.0007770967786200345 1341
1724529638074 0.0006860355497337878 1342
1724529639664 0.0007026019738987088 1343
1724529641257 0.0008006406715139747 1344
1724529642772 0.0007849581888876855 1345
1724529644281 0.0007673788350075483 1346
1724529645825 0.0017601633444428444 1347
1724529647374 0.0007875313749536872 1348
1724529648826 0.0007527944399043918 1349
1724529650354 0.0008835399057716131 1350
1724529651937 0.0007724998285993934 1351
1724529653483 0.0006843670271337032 1352
1724529654962 0.000862926128320396 1353
1724529656406 0.0008133405353873968 1354
1724529657954 0.0008355409372597933 1355
1724529659400 0.0007411646656692028 1356
1724529660840 0.0007680623675696552 1357
1724529662299 0.0007421449408866465 1358
1724529663763 0.0016810388769954443 1359
1724529665215 0.0007837243610993028 1360
1724529666874 0.0008783273515291512 1361
1724529668361 0.0006953711854293942 1362
1724529669967 0.0007972390740178525 1363
1724529671486 0.0008337775361724198 1364
1724529673094 0.0008445880957879126 1365
1724529674633 0.0008052424527704716 1366
1724529676126 0.0007753913523629308 1367
1724529677663 0.0007618253002874553 1368
1724529679231 0.000764397147577256 1369
1724529680826 0.0007798016304150224 1370
1724529682389 0.0008038019295781851 1371
1724529683935 0.001714467303827405 1372
1724529685443 0.0007734132232144475 1373
1724529687007 0.0008765750098973513 1374
1724529688584 0.0009011428919620812 1375
1724529690108 0.0009043534519150853 1376
1724529691503 0.0007560093072243035 1377
1724529693087 0.0006361157866194844 1378
1724529694704 0.0016604021657258272 1379
1724529696389 0.0016975309699773788 1380
1724529698077 0.0007102390518411994 1381
1724529699667 0.0007818261510692537 1382
1724529701213 0.0008447282598353922 1383
1724529702749 0.0008433890179730952 1384
1724529704291 0.0008727757376618683 1385
1724529705837 0.0008313590660691261 1386
1724529707366 0.0008755200542509556 1387
1724529708879 0.0008870008168742061 1388
1724529710364 0.0007449401309713721 1389
1724529711769 0.0007134453044272959 1390
1724529713455 0.0008391814772039652 1391
1724529715052 0.0007632133783772588 1392
1724529716585 0.000703684869222343 1393
1724529718134 0.0007078868220560253 1394
1724529719616 0.0007863165810704231 1395
1724529721195 0.0007273068185895681 1396
1724529722722 0.0008010792080312967 1397
1724529724307 0.0008358660852536559 1398
1724529725833 0.0007779154111631215 1399
1724529727369 0.0007528573041781783 1400
1724529730175 0.0007550331647507846 1401
1724529731513 0.0016944152303040028 1402
1724529733108 0.0017113413196057081 1403
1724529734818 0.0007259167032316327 1404
1724529736485 0.0007804941851645708 1405
1724529738102 0.0017484751297160983 1406
1724529739723 0.000757125555537641 1407
1724529741333 0.0007640464464202523 1408
1724529742966 0.000821988214738667 1409
1724529744607 0.0007889613043516874 1410
1724529746245 0.0008005028939805925 1411
1724529747899 0.0007540106307715178 1412
1724529749466 0.0007431745762005448 1413
1724529750914 0.0007364046759903431 1414
1724529752486 0.0007773329853080213 1415
1724529754040 0.0007657176465727389 1416
1724529755555 0.0008184834150597453 1417
1724529757113 0.0007574095507152379 1418
1724529758699 0.000754934677388519 1419
1724529760255 0.0007262274739332497 1420
1724529761811 0.0007365627679973841 1421
1724529763260 0.000823725014925003 1422
1724529764806 0.0008131825597956777 1423
1724529766348 0.0008581786532886326 1424
1724529767864 0.0008503327262587845 1425
1724529769362 0.0007646681042388082 1426
1724529770898 0.0007916205795481801 1427
1724529772377 0.0008350848220288754 1428
1724529773827 0.0007994433399289846 1429
1724529775276 0.000700351141858846 1430
1724529776691 0.0007739397697150707 1431
1724529778108 0.0008723760256543756 1432
1724529779525 0.0008334699086844921 1433
1724529780941 0.0008652325486764312 1434
1724529782381 0.0008287788950838149 1435
1724529783873 0.0007167428266257048 1436
1724529785341 0.0007344669429585338 1437
1724529786807 0.0007906740065664053 1438
1724529788406 0.0008253137348219752 1439
1724529790015 0.0006805655430071056 1440
1724529791559 0.0007672296487726271 1441
1724529793117 0.0007819688762538135 1442
1724529794657 0.0007656069356016815 1443
1724529796296 0.0007578487857244909 1444
1724529797901 0.0007550305454060435 1445
1724529799495 0.0008888656739145517 1446
1724529801056 0.0007413600687868893 1447
1724529802613 0.0007809086237102747 1448
1724529804212 0.0008620197186246514 1449
1724529805644 0.0007639566319994628 1450
1724529807247 0.0007778040017001331 1451
1724529808778 0.0007890403503552079 1452
1724529810337 0.0008450669702142477 1453
1724529811770 0.0007695777458138764 1454
1724529813251 0.0008121059508994222 1455
1724529814708 0.0007559690857306123 1456
1724529816198 0.0016400354215875268 1457
1724529817722 0.0007309049251489341 1458
1724529819258 0.000771573802921921 1459
1724529820798 0.0007667978061363101 1460
1724529822342 0.0007918378105387092 1461
1724529823850 0.0009264195105060935 1462
1724529825376 0.0007254569209180772 1463
1724529826882 0.0007442923961207271 1464
1724529828404 0.0007298891432583332 1465
1724529829921 0.0006985334912315011 1466
1724529831468 0.0007763379835523665 1467
1724529833049 0.0008217146387323737 1468
1724529834591 0.0007731575751677155 1469
1724529836122 0.0008305141236633062 1470
1724529837672 0.000683172489516437 1471
1724529839217 0.0006822738796472549 1472
1724529840786 0.0007026648963801563 1473
1724529842302 0.0008186228224076331 1474
1724529843839 0.0007383360061794519 1475
1724529845500 0.00068137381458655 1476
1724529847283 0.0007624630816280842 1477
1724529849036 0.0008086141897365451 1478
1724529850679 0.000704862002748996 1479
1724529852404 0.00072000443469733 1480
1724529855404 0.0007481637876480818 1481
1724529856782 0.0007718104170635343 1482
1724529858253 0.0008298673201352358 1483
1724529859802 0.0007838328601792455 1484
1724529861335 0.0007952600717544556 1485
1724529862875 0.0007460079505108297 1486
1724529864361 0.0007535770419053733 1487
1724529865845 0.0008523153373971581 1488
1724529867300 0.0007989156292751431 1489
1724529868725 0.0007967939600348473 1490
1724529870149 0.0007661671261303127 1491
1724529871557 0.0007929786224849522 1492
1724529872952 0.000840330496430397 1493
1724529874369 0.0009233352029696107 1494
1724529875773 0.0007360478048212826 1495
1724529877128 0.000785269308835268 1496
1724529878606 0.0007573003531433642 1497
1724529880106 0.0007150911842472851 1498
1724529881607 0.0007331437664106488 1499
