1724527687034 0.0014695253260548651 80
1724527803786 0.0011084383018896914 160
1724527921807 0.0010015697072958574 240
1724528037750 0.0009614795992092696 320
1724528154639 0.0009028711370774545 400
1724528273106 0.0008873530314303935 480
1724528428710 0.000935061814961955 580
1724528553117 0.0009457181360630785 660
1724528678254 0.0009120458758843597 740
1724528808064 0.0009342482961073983 820
1724528937943 0.0008484391815727577 900
1724529074325 0.0009534556898870506 980
1724529238230 0.0008566617406904698 1080
1724529358609 0.0008579368753999006 1160
1724529480573 0.0008744388847844675 1240
1724529604267 0.0008311796409543604 1320
1724529728879 0.0008813315034785774 1400
1724529854049 0.000821511480899062 1480
