1725298191764 0.028925595161477198 300
1725298876093 0.02779429977138837 600
1725299569450 0.02675129079570373 900
1725300267057 0.026246869762738545 1200
1725300964516 0.026142962630838155 1500
1725301661698 0.025701115466654302 1800
1725302360110 0.02605745735267798 2100
1725303056023 0.02584889595086376 2400
1725303752733 0.025366656339416902 2700
1725304448380 0.02538491681839029 3000
1725305125311 0.024988959978024163 3300
1725305809250 0.025280318104972443 3600
1725306500076 0.02512809238086144 3900
1725307185748 0.02482583825166027 4200
1725307872109 0.02504147008061409 4500
1725308821197 0.02480425441306403 4933
1725309484984 0.024714153002326687 5233
1725310151781 0.02456586992678543 5533
1725310809974 0.024558728843306503 5833
1725311485826 0.024971681625271837 6133
1725312169988 0.02388522431564828 6433
1725312854223 0.024866327134271463 6733
1725313533382 0.02504997850085298 7033
1725314214980 0.02436081807439526 7333
1725314885674 0.024357817554846405 7633
1725315572664 0.024186750600735347 7933
1725316258865 0.024118371351311604 8233
1725316940037 0.02453657746935884 8533
1725317626399 0.024047524658963083 8833
1725318315007 0.024342734642947714 9133
1725319278695 0.024231287205535877 9566
1725319942722 0.02419903582582871 9866
1725320619223 0.023990027705828348 10166
1725321303460 0.02358294575785597 10466
1725321989575 0.024008607777456444 10766
1725322676007 0.02404914681489269 11066
1725323367022 0.023868761969109375 11366
1725324051237 0.023933423769970735 11666
1725324737857 0.023443782565494377 11966
1725325426103 0.02377828794841965 12266
1725326112133 0.02367133860786756 12566
1725326798916 0.02347890630053977 12866
1725327488602 0.023389702799419564 13166
1725328176295 0.023318797424435614 13466
1725328864581 0.023469086897869904 13766
