1726050818098 4.09347953637441 150
1726051109835 3.929605239232381 300
1726051396999 3.8867201614379883 450
1726051667901 3.81531063079834 600
1726051939262 3.7608811791737873 750
1726052211237 3.7412903372446698 900
1726052482965 3.763805700937907 1050
1726052752354 3.6706642055511476 1200
1726053023766 3.669729741414388 1350
1726053293378 3.6642756764094035 1500
1726053563774 3.602476723988851 1650
1726053836068 3.551911234855652 1800
1726054108221 3.576834831237793 1950
1726054369750 3.5513726488749184 2100
1726054641488 3.5755211750666303 2250
1726054914370 3.553288699785868 2400
1726055176000 3.515278655687968 2550
1726055450413 3.493340805371602 2700
1726055725467 3.4658457708358763 2850
1726056002211 3.455086285273234 3000
1726056277486 3.4806569163004557 3150
1726056552631 3.422963687578837 3300
1726056829829 3.4184471575419106 3450
1726057109623 3.39339098294576 3600
1726057374749 3.422303826014201 3750
1726057649027 3.3647453212738037 3900
1726057924058 3.3726823981602987 4050
1726058197351 3.3467521794637043 4200
1726058471573 3.2999730634689333 4350
1726058745377 3.316805624961853 4500
1726059019714 3.2680951229731243 4650
1726059293829 3.2900787274042766 4800
1726059569971 3.2535758439699807 4950
1726059844437 3.257818552652995 5100
1726060118895 3.200552832285563 5250
1726060394140 3.1764278411865234 5400
1726060670016 3.229979920387268 5550
1726060946528 3.20256263256073 5700
1726061221787 3.1903504276275636 5850
1726061498350 3.1631456565856935 6000
1726061777092 3.1903923082351686 6150
1726062052824 3.161043257713318 6300
1726062328796 3.116588250796 6450
1726062605481 3.1631271823247276 6600
1726062881774 3.1333615962664285 6750
1726063159662 3.127675199508667 6900
1726063437626 3.064503925641378 7050
1726063700903 3.0563506921132406 7200
1726063980805 3.0984182945887246 7350
1726064260911 3.0017797883351642 7500
1726064541029 3.029332307179769 7650
1726064820842 3.038288219769796 7800
1726065102077 3.003144391377767 7950
1726065381881 3.01798498471578 8100
1726065662385 3.009178009033203 8250
1726065942130 3.0242301177978517 8400
1726066213023 2.9714225482940675 8550
1726066496342 2.982270991007487 8700
1726066781865 2.9563404893875123 8850
1726067067011 2.9434564304351807 9000
1726067351556 2.9382791328430176 9150
1726067635882 2.9237597982088723 9300
1726067919603 2.93579230149587 9450
1726068203693 2.8830329076449077 9600
1726068487355 2.8990111780166625 9750
1726068770890 2.8485836203893027 9900
1726069055105 2.87705881913503 10050
1726069338694 2.822216591835022 10200
1726069622629 2.835181922912598 10350
1726069905616 2.872026714483897 10500
1726070188217 2.840054880777995 10650
1726070472299 2.8066893442471823 10800
1726070755204 2.8475878620147705 10950
1726071037982 2.833376553853353 11100
1726071308282 2.7538978735605877 11250
1726071584392 2.797880086898804 11400
1726071863752 2.7477073605855304 11550
1726072138885 2.7424769393603006 11700
1726072414742 2.767985985279083 11850
1726072689867 2.7356133190790812 12000
1726072964943 2.736879853407542 12150
1726073240684 2.7400429089864096 12300
1726073517044 2.767886337439219 12450
1726073791647 2.7259607330958047 12600
1726074066604 2.7043708022435506 12750
1726074341952 2.7133712379137673 12900
1726074617606 2.673890848954519 13050
1726074892020 2.657071220874786 13200
1726075157395 2.6782857767740884 13350
1726075432745 2.610602393945058 13500
1726075713010 2.6792067591349285 13650
1726075992918 2.6280143332481383 13800
1726076273512 2.6313742717107136 13950
1726076555351 2.6538038221995035 14100
1726076835563 2.583234292666117 14250
1726077117296 2.634309985637665 14400
1726077396504 2.6383484697341917 14550
1726077676260 2.6210653305053713 14700
1726077957701 2.6094647510846456 14850
1726078239696 2.630854709148407 15000
