1726050799021 4.119437706385944 140
1726051090797 3.9176671361923217 290
1726051379981 3.905909531911214 440
1726051651837 3.806347492535909 590
1726051923065 3.743889110883077 740
1726052194954 3.7472492202123004 890
1726052466604 3.7590235662460327 1040
1726052736197 3.7001316420237225 1190
1726053007649 3.6360354868570965 1340
1726053277085 3.6752478790283205 1490
1726053547647 3.6359581343332925 1640
1726053819931 3.532255630493164 1790
1726054091890 3.6035768620173134 1940
1726054353533 3.516582865715027 2090
1726054625008 3.597991712888082 2240
1726054897919 3.534323131243388 2390
1726055159686 3.539679698944092 2540
1726055433906 3.483922324180603 2690
1726055709073 3.471712756156921 2840
1726055985689 3.449260737101237 2990
1726056260930 3.4997278292973837 3140
1726056536088 3.3970950921376546 3290
1726056813535 3.4018174918492634 3440
1726057092818 3.4065893920262655 3590
1726057358277 3.428372583389282 3740
1726057632695 3.358188796043396 3890
1726057907556 3.3733752473195393 4040
1726058180986 3.3589386638005574 4190
1726058455093 3.298506361643473 4340
1726058729159 3.320010256767273 4490
1726059003472 3.2694907267888387 4640
1726059277686 3.301265972455343 4790
1726059553638 3.249415384133657 4940
1726059827926 3.2333769337336222 5090
1726060102394 3.222548232078552 5240
1726060377414 3.160856598218282 5390
1726060653423 3.245569907824198 5540
1726060930136 3.2101084121068317 5690
1726061205461 3.179971752166748 5840
1726061481819 3.1643727731704714 5990
1726061760744 3.2071346378326417 6140
1726062036191 3.152564517656962 6290
1726062312432 3.1222391573588055 6440
1726062589016 3.1653560988108316 6590
1726062865402 3.125730822086334 6740
1726063143097 3.1368310419718424 6890
1726063421159 3.070693009694417 7040
1726063684595 3.0405820560455323 7190
1726063964005 3.1055453713734944 7340
1726064244270 3.0130006504058837 7490
1726064524462 3.0226621357599894 7640
1726064804150 3.024758135477702 7790
1726065085392 3.008074771563212 7940
1726065364999 2.999444828033447 8090
1726065645397 3.0474288924535116 8240
1726065925279 2.9988425588607788 8390
1726066196459 2.9897510480880736 8540
1726066479400 2.9653252951304117 8690
1726066764807 2.970170823733012 8840
1726067050069 2.957624165217082 8990
1726067334402 2.918142244021098 9140
1726067618809 2.940422246456146 9290
1726067902586 2.94249089717865 9440
1726068186976 2.868089242776235 9590
1726068470259 2.9169997803370156 9740
1726068753678 2.8348813327153524 9890
1726069038258 2.8848715178171793 10040
1726069321524 2.8128685426712035 10190
1726069605662 2.8357411988576255 10340
1726069888851 2.866304624080658 10490
1726070171312 2.838435041109721 10640
1726070455349 2.818232834339142 10790
1726070738488 2.8295826705296836 10940
1726071020809 2.859230432510376 11090
1726071291880 2.7579935725529987 11240
1726071567973 2.7772900017102558 11390
1726071847226 2.7607574184735615 11540
1726072122565 2.747288993994395 11690
1726072398373 2.7446785362561545 11840
1726072673204 2.7492688433329264 11990
1726072948540 2.730660453637441 12140
1726073224311 2.753907329241435 12290
1726073500585 2.745600105126699 12440
1726073775099 2.7261620871225993 12590
1726074050107 2.719630653063456 12740
1726074325669 2.710274916489919 12890
1726074601012 2.684526568253835 13040
1726074875673 2.6598677945137026 13190
1726075143151 2.6615186818440755 13340
1726075416204 2.6368335954348248 13490
1726075696327 2.6533497190475464 13640
1726075976367 2.6584592334429424 13790
1726076256827 2.6037860536575317 13940
1726076538803 2.6822597002983093 14090
1726076818812 2.5718890595436097 14240
1726077100398 2.6346049809455874 14390
1726077379861 2.631955582300822 14540
1726077659554 2.6207345056533815 14690
1726077940637 2.604884240627289 14840
1726078222799 2.636089600721995 14990
