1726038984463 4.12352991104126 0
1726038986004 4.943876266479492 1
1726038987544 4.3849406242370605 2
1726038989080 4.781100273132324 3
1726038990981 4.6322503089904785 4
1726038992523 5.795681476593018 5
1726038994042 5.288808822631836 6
1726038995571 4.754709243774414 7
1726038997100 5.05173397064209 8
1726038998638 4.837428569793701 9
1726039000168 4.568639755249023 10
1726039001706 4.147800445556641 11
1726039003244 3.716597557067871 12
1726039004784 3.8265676498413086 13
1726039006358 4.671672821044922 14
1726039007886 5.685649871826172 15
1726039009455 4.377936840057373 16
1726039010992 4.433738708496094 17
1726039012537 5.053048610687256 18
1726039014085 3.6803102493286133 19
1726039015658 3.471013307571411 20
1726039017258 5.789015293121338 21
1726039018854 6.625155448913574 22
1726039020422 3.157961845397949 23
1726039022119 5.1712470054626465 24
1726039023668 4.034008502960205 25
1726039025259 4.567192077636719 26
1726039026831 4.916707992553711 27
1726039028424 3.8340089321136475 28
1726039029977 3.906614065170288 29
1726039031532 5.5562849044799805 30
1726039033088 5.394640922546387 31
1726039034628 3.975733757019043 32
1726039036273 5.030782699584961 33
1726039037971 5.492555141448975 34
1726039039671 5.560851097106934 35
1726039041333 4.711169242858887 36
1726039042965 4.829215049743652 37
1726039044539 4.708431243896484 38
1726039046127 4.231156349182129 39
1726039047705 5.374650001525879 40
1726039049278 4.3400068283081055 41
1726039050856 3.6316723823547363 42
1726039052485 4.450860023498535 43
1726039054303 5.621843338012695 44
1726039055887 3.643724203109741 45
1726039057477 4.5535101890563965 46
1726039059070 4.133706569671631 47
1726039060632 4.3544182777404785 48
1726039062230 4.561845302581787 49
1726039063812 3.58917498588562 50
1726039065400 4.700936794281006 51
1726039067027 6.22980260848999 52
1726039068661 3.5373470783233643 53
1726039070588 4.345697402954102 54
1726039072606 5.787137508392334 55
1726039074207 4.195538520812988 56
1726039075782 5.044294357299805 57
