1725772804415 0.0032482275382305185 150
1725773126857 0.0027464567109321556 300
1725773449233 0.0025376843684352932 450
1725773771283 0.002451636642217636 600
1725774093450 0.0023839392287967106 750
1725774415620 0.0023449780070222913 900
1725774736825 0.0023139152606017886 1050
1725775059046 0.002283149252956112 1200
1725775383589 0.002270767210672299 1350
1725775706255 0.0022458770987577735 1500
1725776030544 0.0022340639393466214 1650
1725776353107 0.002218429093870024 1800
1725776677881 0.002207024754801144 1950
1725777002291 0.0022024362084145347 2100
1725777324752 0.002184639611126234 2250
1725777647056 0.0021851109294220806 2400
1725777974062 0.0021701132560459275 2550
1725778298272 0.0021551304349365333 2700
1725778623265 0.0021433982198747494 2850
1725778928218 0.002144707708309094 3000
