1725772698985 0.0033614049979144396 100
1725773022449 0.0028720356586078803 250
1725773344730 0.002592202206918349 400
1725773666989 0.002469061490458747 550
1725773988781 0.0023948849636750915 700
1725774311088 0.0023433552232260506 850
1725774632422 0.002354245188180357 1000
1725774954520 0.0022900100921591122 1150
1725775278630 0.002261355572845787 1300
1725775601535 0.00224745638978978 1450
1725775925775 0.0022481044265441597 1600
1725776248616 0.0022270288830623032 1750
1725776573336 0.0022138528944924472 1900
1725776897111 0.0022051418921910228 2050
1725777220436 0.0021683849697001277 2200
1725777542407 0.0021948303507330516 2350
1725777868645 0.002177587375044823 2500
1725778193252 0.002152372056928774 2650
1725778517979 0.0021600717593294877 2800
1725778823995 0.0021418247441761197 2950
