1725727964425 0.009067650993044178 150
1725728237273 0.007678034467001756 300
1725728550970 0.007450598372767369 450
1725728865285 0.0072311904405554135 600
1725729181226 0.007056933774923285 750
1725729497904 0.006989828161895275 900
1725729814453 0.0068711551713446775 1050
1725730118777 0.006779173525671164 1200
1725730436745 0.0067352706690629325 1350
1725730755893 0.006678958743189772 1500
1725731073177 0.006604465044414004 1650
1725731390664 0.006556047173216939 1800
1725731708414 0.006430251707012454 1950
1725732026855 0.006412796598548691 2100
1725732347453 0.006346822396541635 2250
1725732666938 0.0063133062080790595 2400
1725732986155 0.0062291486002504825 2550
1725733306308 0.006193042832116286 2700
1725733626138 0.006140832568829259 2850
1725733946348 0.006110529700915019 3000
