1725727879016 0.009552284637189443 100
1725728139048 0.00786676255054772 250
1725728448818 0.007479079769303401 400
1725728763383 0.007262322610865036 550
1725729078336 0.007152599071462949 700
1725729394726 0.007045037190740307 850
1725729711019 0.006850604995464285 1000
1725730016303 0.0067918871870885295 1150
1725730333864 0.006795100936045249 1300
1725730652509 0.006632528249174357 1450
1725730970134 0.00668439128746589 1600
1725731287922 0.006513122332592805 1750
1725731604545 0.006466818830619256 1900
1725731922602 0.006455079509566228 2050
1725732243838 0.006406795472527544 2200
1725732563552 0.006259952473143737 2350
1725732882579 0.006339272608359655 2500
1725733202569 0.0062005956067393226 2650
1725733521894 0.00613724404014647 2800
1725733842246 0.0061780513326327 2950
