1725759873267 0.0018833140648591021 150
1725760197534 0.0016219128970988094 300
1725760520200 0.0015735754882916808 450
1725760842130 0.0015439334721304475 600
1725761183747 0.0015320956932070354 750
1725761513568 0.0015039175717780988 900
1725761833767 0.0014913555211387576 1050
1725762157866 0.0014785764979509015 1200
1725762481325 0.001461016215228786 1350
1725762802633 0.0014536736944379906 1500
1725763125129 0.0014590421326768895 1650
1725763447713 0.001443571801452587 1800
1725763770699 0.0014312461181543766 1950
1725764092562 0.0014312851196154953 2100
1725764414797 0.001418482242928197 2250
1725764739116 0.0014104143180884421 2400
1725765059422 0.0014063444353329638 2550
1725765379850 0.001404604210983962 2700
1725765702266 0.0013891535283376774 2850
1725766024358 0.0013837439954901736 3000
