1725759768648 0.001977666020670002 100
1725760092663 0.001656499058784296 250
1725760414949 0.00156962633288155 400
1725760737267 0.0015520305217554171 550
1725761070221 0.0015509094779069224 700
1725761406306 0.0015094418932373324 850
1725761729481 0.0014895079929071167 1000
1725762052905 0.001478470313983659 1150
1725762376915 0.0014857823378406465 1300
1725762698561 0.001444260028656572 1450
1725763020748 0.0014570168778300285 1600
1725763343053 0.0014561247313395142 1750
1725763666597 0.0014320282203455765 1900
1725763988628 0.00143261953877906 2050
1725764309947 0.0014109874617618818 2200
1725764634062 0.0014212499877127509 2350
1725764954707 0.001404606046465536 2500
1725765275456 0.0014050547623385985 2650
1725765596820 0.0013962702678206066 2800
1725765920319 0.0013833370587478082 2950
