1723864596545 0.5212644934654236 0
1723864617018 0.7493508458137512 1
1723864637273 0.7422416806221008 2
1723864657477 0.6243729591369629 3
1723864677566 0.5985069274902344 4
1723864697753 0.5606092214584351 5
1723864718033 0.44945651292800903 6
1723864738432 0.5546748638153076 7
1723864758693 0.46931904554367065 8
1723864779136 0.40957415103912354 9
1723864799345 0.42044562101364136 10
1723864819455 0.48799604177474976 11
1723864839805 0.38266512751579285 12
1723864860063 0.45689713954925537 13
1723864880120 0.38707828521728516 14
1723864900541 0.3979492783546448 15
1723864920685 0.41780808568000793 16
1723864941256 0.41530656814575195 17
1723864961433 0.350552499294281 18
1723864981484 0.5251024961471558 19
1723865001693 0.37202921509742737 20
1723865021777 0.4300088882446289 21
1723865042047 0.36222410202026367 22
1723865062106 0.34029626846313477 23
1723865082631 0.4208998680114746 24
1723865102906 0.3309572637081146 25
1723865122986 0.3935835361480713 26
1723865143075 0.41328147053718567 27
1723865163288 0.3605668544769287 28
1723865183482 0.3783213794231415 29
1723865203481 0.3361668586730957 30
1723865223679 0.3805682957172394 31
1723865243857 0.3536226153373718 32
1723865263924 0.3864303231239319 33
1723865284063 0.3455696403980255 34
1723865304366 0.32333263754844666 35
1723865324648 0.3051547706127167 36
1723865344863 0.31567296385765076 37
1723865365135 0.34096619486808777 38
1723865385374 0.377944678068161 39
1723865405498 0.3381602168083191 40
1723865425733 0.36062461137771606 41
1723865445842 0.329261839389801 42
1723865466043 0.31445497274398804 43
1723865486402 0.33212772011756897 44
1723865506594 0.26044151186943054 45
1723865526894 0.3795956075191498 46
1723865546960 0.3025899827480316 47
1723865567213 0.32748326659202576 48
1723865587279 0.3375408351421356 49
1723865607449 0.3345929980278015 50
1723865627718 0.35180309414863586 51
1723865648098 0.34814414381980896 52
1723865668516 0.3322926461696625 53
1723865688791 0.2884608507156372 54
1723865709093 0.2795090675354004 55
1723865729368 0.2929907441139221 56
1723865749392 0.3561452329158783 57
1723865769449 0.3172851800918579 58
1723865789680 0.34223151206970215 59
1723865810122 0.35624128580093384 60
1723865830307 0.3391036093235016 61
1723865850405 0.37577858567237854 62
1723865870755 0.28076934814453125 63
1723865890897 0.3404930531978607 64
1723865910885 0.342077374458313 65
1723865931237 0.4067818224430084 66
1723865951560 0.2912592887878418 67
1723865971827 0.3515712320804596 68
1723865992220 0.4002319276332855 69
1723866012283 0.4443598985671997 70
1723866032245 0.3180842101573944 71
1723866052588 0.31566154956817627 72
1723866072749 0.3152686059474945 73
1723866092814 0.3867136240005493 74
1723866113144 0.34492769837379456 75
1723866133301 0.31198906898498535 76
1723866153522 0.2957857847213745 77
1723866173983 0.30875176191329956 78
1723866194204 0.3201379179954529 79
1723866214426 0.3089006841182709 80
1723866235015 0.32424595952033997 81
1723866255447 0.35523849725723267 82
1723866275824 0.327145516872406 83
1723866296010 0.4187246859073639 84
1723866316281 0.3554953932762146 85
1723866336615 0.3073761463165283 86
1723866356747 0.35388198494911194 87
1723866377159 0.3454015851020813 88
1723866397828 0.37068676948547363 89
1723866418123 0.3273216187953949 90
1723866438220 0.35473090410232544 91
1723866458326 0.3442319631576538 92
1723866478536 0.3076026141643524 93
1723866498525 0.3098388612270355 94
1723866518697 0.3333370089530945 95
1723866539021 0.3006426692008972 96
1723866559225 0.3518780469894409 97
1723866579350 0.35433557629585266 98
1723866599551 0.3340934216976166 99
1723866619627 0.36888790130615234 100
1723866639833 0.3175407648086548 101
1723866660092 0.2852177321910858 102
1723866680373 0.39681893587112427 103
1723866700557 0.3518548011779785 104
1723866720572 0.3074437379837036 105
1723866740899 0.33291900157928467 106
1723866760981 0.38896605372428894 107
1723866781194 0.35618138313293457 108
1723866801360 0.38878166675567627 109
1723866821507 0.3403037488460541 110
1723866841829 0.3081583082675934 111
1723866861841 0.4254468083381653 112
1723866882161 0.3059900403022766 113
1723866902247 0.34184321761131287 114
1723866922868 0.4273368716239929 115
1723866943794 0.2935085594654083 116
1723866964188 0.4293321967124939 117
1723866984445 0.35480865836143494 118
1723867004603 0.33625003695487976 119
1723867024803 0.3535956144332886 120
1723867044929 0.3889414668083191 121
1723867065177 0.3505886197090149 122
1723867085485 0.32467690110206604 123
1723867105561 0.3316478133201599 124
1723867125848 0.3479127287864685 125
1723867146225 0.34533774852752686 126
1723867166511 0.33913207054138184 127
1723867186709 0.2923126518726349 128
1723867206864 0.2859441041946411 129
1723867227035 0.31677454710006714 130
1723867246985 0.34879547357559204 131
1723867267245 0.2689822018146515 132
1723867287551 0.33024153113365173 133
1723867308028 0.3344285488128662 134
1723867328024 0.3133097290992737 135
1723867348137 0.30195486545562744 136
1723867368196 0.3153725266456604 137
1723867388590 0.3703455924987793 138
1723867408694 0.3309922218322754 139
1723867428969 0.31663835048675537 140
1723867449079 0.2999473810195923 141
1723867469363 0.3055799603462219 142
1723867489730 0.2802620828151703 143
1723867509821 0.3847658634185791 144
1723867529939 0.3467058837413788 145
1723867550210 0.3484363555908203 146
1723867570490 0.3799005448818207 147
1723867590640 0.30121049284935 148
1723867610762 0.34150171279907227 149
1723867630964 0.31347301602363586 150
1723867651189 0.32309967279434204 151
1723867671575 0.36269432306289673 152
1723867691633 0.35981571674346924 153
1723867711964 0.3332196772098541 154
1723867732288 0.3004697263240814 155
1723867752766 0.32750943303108215 156
1723867772861 0.3360308110713959 157
1723867792997 0.2605251967906952 158
1723867813124 0.3019726574420929 159
1723867833235 0.26650270819664 160
1723867853498 0.2889198064804077 161
1723867873763 0.26750221848487854 162
1723867894224 0.346226304769516 163
1723867914624 0.2987217903137207 164
1723867934760 0.3205913007259369 165
1723867955092 0.2630103826522827 166
1723867975588 0.3608325123786926 167
1723867995807 0.30280056595802307 168
1723868015859 0.304629921913147 169
1723868036015 0.34583157300949097 170
1723868056167 0.32923853397369385 171
1723868076372 0.35959604382514954 172
1723868096882 0.32206544280052185 173
1723868117042 0.33980607986450195 174
1723868137043 0.3287195563316345 175
1723868157318 0.3107256293296814 176
1723868177393 0.32178637385368347 177
1723868197583 0.3402871787548065 178
1723868218064 0.2913966774940491 179
1723868238210 0.41869983077049255 180
1723868258292 0.26962506771087646 181
1723868278465 0.34490180015563965 182
1723868298762 0.31265050172805786 183
1723868319142 0.30314236879348755 184
1723868339385 0.3610314130783081 185
1723868359434 0.34319350123405457 186
1723868379507 0.31859681010246277 187
1723868399706 0.3219180703163147 188
1723868419764 0.3235326409339905 189
1723868440148 0.29814910888671875 190
1723868460198 0.2985480725765228 191
1723868480592 0.29737505316734314 192
1723868500768 0.303152471780777 193
1723868521076 0.30282557010650635 194
1723868541309 0.3017216622829437 195
1723868561492 0.3106313645839691 196
1723868581715 0.35691890120506287 197
1723868601728 0.30588746070861816 198
1723868621836 0.2908940315246582 199
1723868642001 0.3199760317802429 200
1723868662288 0.3127685785293579 201
1723868682541 0.29332056641578674 202
1723868702817 0.37292730808258057 203
1723868723166 0.3770756125450134 204
1723868743466 0.2926193177700043 205
1723868763644 0.28174319863319397 206
1723868784832 0.2960376739501953 207
1723868805079 0.2967807352542877 208
1723868825328 0.3245205581188202 209
1723868845645 0.2774648368358612 210
1723868865687 0.26029282808303833 211
1723868886106 0.31240758299827576 212
1723868906167 0.29173269867897034 213
1723868926350 0.32237011194229126 214
1723868946455 0.3189777135848999 215
1723868966729 0.2764368951320648 216
1723868987172 0.34679096937179565 217
1723869007236 0.34385350346565247 218
1723869027529 0.31098800897598267 219
1723869047602 0.3195529580116272 220
1723869067695 0.3110642433166504 221
1723869087824 0.33400920033454895 222
1723869108052 0.33433377742767334 223
1723869128274 0.28146013617515564 224
1723869148660 0.32065826654434204 225
1723869168813 0.3494723439216614 226
1723869189056 0.3056076467037201 227
1723869209217 0.3317740559577942 228
1723869229654 0.31748276948928833 229
1723869249951 0.28038445115089417 230
1723869270181 0.3137962222099304 231
1723869290287 0.3246191143989563 232
1723869310317 0.2989073097705841 233
1723869330557 0.32521677017211914 234
1723869350893 0.3134162425994873 235
1723869371314 0.28490063548088074 236
1723869391489 0.2756764888763428 237
1723869411626 0.33868110179901123 238
1723869431620 0.3569886386394501 239
1723869451669 0.34489232301712036 240
1723869472090 0.3042345941066742 241
1723869492311 0.2894299626350403 242
1723869512567 0.30976688861846924 243
1723869532516 0.3232968747615814 244
1723869552796 0.3410465121269226 245
1723869572972 0.33295899629592896 246
1723869593225 0.32320570945739746 247
1723869613462 0.3414180278778076 248
1723869633645 0.3226127028465271 249
1723869654080 0.26304250955581665 250
1723869674219 0.2949190139770508 251
1723869694436 0.32047078013420105 252
1723869715844 0.35569870471954346 253
1723869736024 0.2954608201980591 254
1723869756352 0.2873968482017517 255
1723869776645 0.3300486207008362 256
1723869797236 0.3529587388038635 257
1723869817438 0.25543856620788574 258
1723869837823 0.44051867723464966 259
1723869858196 0.308425635099411 260
1723869878359 0.3044441044330597 261
1723869898693 0.2946072518825531 262
1723869918898 0.32568177580833435 263
1723869939138 0.3294537663459778 264
1723869959443 0.24290043115615845 265
1723869979719 0.3064786195755005 266
1723869999693 0.23917293548583984 267
1723870019756 0.34310272336006165 268
1723870040007 0.38082316517829895 269
1723870060304 0.3144986629486084 270
1723870080499 0.40650150179862976 271
1723870100805 0.2791236639022827 272
1723870120866 0.3610359728336334 273
1723870141015 0.3357248306274414 274
1723870161358 0.32290399074554443 275
1723870181330 0.31990528106689453 276
1723870201642 0.33007216453552246 277
1723870221636 0.32184898853302 278
1723870241797 0.2570430040359497 279
1723870261852 0.33414140343666077 280
1723870282154 0.3376424312591553 281
1723870302459 0.32351306080818176 282
1723870323105 0.37177854776382446 283
1723870343315 0.33766692876815796 284
1723870363832 0.35190871357917786 285
1723870384034 0.31095412373542786 286
1723870403994 0.3363164961338043 287
1723870424172 0.26336953043937683 288
1723870444465 0.3332289457321167 289
1723870464565 0.3597325086593628 290
1723870484653 0.3470100462436676 291
1723870504947 0.3765556812286377 292
1723870525055 0.33142226934432983 293
1723870545470 0.3365466892719269 294
1723870566114 0.28772205114364624 295
1723870586072 0.33034852147102356 296
1723870606410 0.3015159070491791 297
1723870626723 0.2972269356250763 298
1723870647113 0.3579550087451935 299
1723870667353 0.29814159870147705 300
1723870687564 0.3087584674358368 301
1723870707660 0.27593597769737244 302
1723870727862 0.31462934613227844 303
1723870748071 0.34439653158187866 304
1723870768169 0.29778626561164856 305
1723870788489 0.40037834644317627 306
1723870808680 0.3225899636745453 307
1723870828957 0.27309533953666687 308
1723870848964 0.27168458700180054 309
1723870869301 0.2830875813961029 310
1723870889406 0.253479540348053 311
1723870909658 0.3089415431022644 312
1723870929910 0.32272785902023315 313
1723870950071 0.2865232229232788 314
1723870970273 0.321468323469162 315
1723870990703 0.3553348481655121 316
1723871010942 0.33784666657447815 317
1723871031210 0.38015320897102356 318
1723871051456 0.3182946741580963 319
1723871071529 0.3391168415546417 320
1723871092034 0.2670201063156128 321
1723871112268 0.31823036074638367 322
1723871132298 0.28037479519844055 323
1723871152525 0.29632964730262756 324
1723871172607 0.33166372776031494 325
1723871192940 0.32124394178390503 326
1723871213144 0.3226737380027771 327
1723871233233 0.2988535761833191 328
1723871253543 0.32305020093917847 329
1723871273785 0.38161060214042664 330
1723871293941 0.3290656507015228 331
1723871313955 0.31180575489997864 332
1723871334503 0.3278365731239319 333
1723871354698 0.2944212257862091 334
1723871374693 0.30905014276504517 335
1723871394644 0.3679962158203125 336
1723871415058 0.34058722853660583 337
1723871435339 0.2903974652290344 338
1723871455438 0.414730042219162 339
1723871475570 0.3306751847267151 340
1723871496102 0.3247825801372528 341
1723871516380 0.33777105808258057 342
1723871536592 0.29311782121658325 343
1723871556707 0.3036450743675232 344
1723871576695 0.348785936832428 345
1723871596953 0.2807965576648712 346
1723871616994 0.3546936810016632 347
1723871637160 0.334276020526886 348
1723871657325 0.34781402349472046 349
1723871677528 0.3551448583602905 350
1723871697797 0.3764125406742096 351
1723871718145 0.37663733959198 352
1723871738402 0.30991804599761963 353
1723871758461 0.33993831276893616 354
1723871778765 0.29263797402381897 355
1723871798956 0.30781933665275574 356
1723871819202 0.2999196946620941 357
1723871839568 0.32206299901008606 358
1723871859930 0.3356749415397644 359
1723871880164 0.28929877281188965 360
1723871900255 0.3677193820476532 361
1723871920538 0.34062764048576355 362
1723871940686 0.30030882358551025 363
1723871961071 0.31873923540115356 364
1723871981094 0.3473227620124817 365
1723872001426 0.3343949615955353 366
1723872021615 0.34241583943367004 367
1723872041916 0.2696463167667389 368
1723872062207 0.29560574889183044 369
1723872082436 0.3150012493133545 370
1723872102656 0.3170997202396393 371
1723872122878 0.35254403948783875 372
1723872143174 0.3343254625797272 373
1723872163279 0.3347132205963135 374
1723872183636 0.3271868824958801 375
1723872204081 0.2663628160953522 376
1723872224401 0.2775324583053589 377
1723872244747 0.35133159160614014 378
1723872265021 0.26293301582336426 379
1723872285324 0.29565680027008057 380
1723872305481 0.3459897041320801 381
1723872325661 0.2566238045692444 382
1723872345849 0.31702521443367004 383
1723872366114 0.2985365688800812 384
1723872386174 0.29215800762176514 385
1723872406206 0.3564051687717438 386
1723872426605 0.32354921102523804 387
1723872446688 0.37350207567214966 388
1723872466951 0.3214837312698364 389
1723872487182 0.3365887403488159 390
1723872507131 0.33157217502593994 391
1723872527263 0.312648206949234 392
1723872547708 0.2942913770675659 393
1723872567812 0.3140392303466797 394
1723872588003 0.32095766067504883 395
1723872608279 0.3152923882007599 396
1723872628590 0.29739946126937866 397
1723872648969 0.3399052619934082 398
1723872669276 0.28109949827194214 399
1723872689503 0.33896711468696594 400
1723872709963 0.31862056255340576 401
1723872730177 0.35952192544937134 402
1723872750420 0.29389825463294983 403
1723872770511 0.3026124835014343 404
1723872790806 0.3700299561023712 405
1723872810821 0.2941102683544159 406
1723872830808 0.3413206934928894 407
1723872850943 0.27894845604896545 408
1723872870940 0.2867904603481293 409
1723872891112 0.31876322627067566 410
1723872911285 0.3401711583137512 411
1723872931400 0.33142122626304626 412
1723872951595 0.3010520935058594 413
1723872971947 0.31650489568710327 414
1723872992238 0.2918408513069153 415
1723873012631 0.30893439054489136 416
1723873032825 0.32485121488571167 417
1723873053200 0.35021382570266724 418
1723873073494 0.3173898756504059 419
1723873093718 0.31369107961654663 420
1723873114048 0.26639387011528015 421
1723873134144 0.34833505749702454 422
1723873154354 0.2981428802013397 423
1723873174950 0.32655924558639526 424
1723873195375 0.29236164689064026 425
1723873215510 0.28277087211608887 426
1723873235655 0.29942837357521057 427
1723873255822 0.3682629466056824 428
1723873276136 0.27834799885749817 429
1723873296360 0.25486570596694946 430
1723873316677 0.4185171127319336 431
1723873336667 0.2987159490585327 432
1723873356911 0.41447821259498596 433
1723873377048 0.33682161569595337 434
1723873397172 0.32657545804977417 435
1723873417334 0.25883495807647705 436
1723873437503 0.3539067208766937 437
1723873457614 0.2809780538082123 438
1723873477857 0.3163679540157318 439
1723873498048 0.3091163635253906 440
1723873518276 0.3016427457332611 441
1723873538536 0.35414639115333557 442
1723873558745 0.37718942761421204 443
1723873579072 0.2666778862476349 444
1723873599370 0.30201131105422974 445
1723873619704 0.2620793282985687 446
1723873639983 0.34175339341163635 447
1723873660277 0.3060428500175476 448
1723873680495 0.3124966323375702 449
1723873700743 0.262052059173584 450
1723873721010 0.3128727972507477 451
1723873741209 0.2684404253959656 452
1723873761498 0.3180074393749237 453
1723873781895 0.3243739902973175 454
1723873801957 0.30530011653900146 455
1723873822476 0.3610789179801941 456
1723873842613 0.31649500131607056 457
1723873862774 0.3017114996910095 458
1723873883067 0.3119605779647827 459
1723873903216 0.2697867453098297 460
1723873923223 0.29737043380737305 461
1723873943470 0.3255730867385864 462
1723873963674 0.31672772765159607 463
1723873984179 0.3630998134613037 464
1723874004440 0.3023732304573059 465
1723874024530 0.2996576130390167 466
1723874044787 0.37518343329429626 467
1723874065226 0.30673009157180786 468
1723874085309 0.279625803232193 469
1723874105477 0.37189364433288574 470
1723874125636 0.3164263963699341 471
1723874145765 0.30682894587516785 472
1723874166181 0.33461666107177734 473
1723874186666 0.3139699697494507 474
1723874206928 0.3451760411262512 475
1723874227278 0.3127516210079193 476
1723874247562 0.2937890291213989 477
1723874267654 0.35525378584861755 478
1723874287796 0.31559136509895325 479
1723874308110 0.30384260416030884 480
1723874328464 0.3581867814064026 481
1723874348762 0.3628430962562561 482
1723874369023 0.29700687527656555 483
1723874389103 0.3044078052043915 484
1723874409394 0.2975536286830902 485
1723874429373 0.3164052665233612 486
1723874449451 0.2862080931663513 487
1723874469598 0.35830703377723694 488
1723874489831 0.3470917344093323 489
1723874509968 0.28591451048851013 490
1723874530168 0.2973024249076843 491
1723874550281 0.28810957074165344 492
1723874570399 0.31447094678878784 493
1723874590621 0.31131449341773987 494
1723874610968 0.3296188414096832 495
1723874631106 0.3491719961166382 496
1723874651557 0.3607548475265503 497
1723874671727 0.31107228994369507 498
1723874692060 0.3276419937610626 499
