1725993655062 4.510920338630676 150
1725993960857 4.325669363339742 300
1725994288598 4.307532849311829 450
1725994611218 4.24332957426707 600
1725994956029 4.21088704586029 750
1725995275225 4.17993456363678 900
1725995586335 4.127281947135925 1050
1725995898518 4.108026990890503 1200
1725996210692 4.102759602864583 1350
1725996521316 4.085964824358622 1500
1725996833061 4.009228839874267 1650
1725997138501 4.006951317787171 1800
1725997453823 4.009230338732402 1950
1725997769007 3.9937716213862102 2100
1725998083659 3.980463393529256 2250
1725998396875 3.914153496424357 2400
1725998710664 3.9172273365656536 2550
1725999024503 3.884838705062866 2700
1725999340237 3.8507552830378216 2850
1725999654566 3.8874078766504923 3000
1725999953582 3.849670976003011 3150
1726000265633 3.8249857393900553 3300
1726000576806 3.8178943586349487 3450
1726000887730 3.850940357844035 3600
1726001198646 3.7380961418151855 3750
1726001510821 3.727938086191813 3900
1726001821593 3.671708555221558 4050
1726002134460 3.6737479877471926 4200
1726002443685 3.676930635770162 4350
1726002753131 3.678040928840637 4500
1726003064626 3.705452979405721 4650
