1725993635652 4.517506612953564 140
1725993941811 4.347814801534017 290
1725994269400 4.319418931007386 440
1725994591656 4.216577054659526 590
1725994935292 4.2161089086532595 740
1725995256240 4.190764047304789 890
1725995567833 4.130801815986633 1040
1725995879964 4.0922071075439455 1190
1725996191921 4.110282022158305 1340
1725996502702 4.093329838116964 1490
1725996814426 4.031646412213643 1640
1725997119100 4.002769875526428 1790
1725997435216 3.9773369312286375 1940
1725997750244 4.008029359181722 2090
1725998064807 3.996496383349101 2240
1725998378008 3.8982327508926393 2390
1725998692003 3.912624576886495 2540
1725999005516 3.9197651688257853 2690
1725999321375 3.815002187093099 2840
1725999635724 3.904837350845337 2990
1725999935078 3.846759975751241 3140
1726000247051 3.817233370145162 3290
1726000558244 3.843890832265218 3440
1726000869118 3.826205078760783 3590
1726001179988 3.7594319931666056 3740
1726001491980 3.7063152503967287 3890
1726001803290 3.6955115509033205 4040
1726002115794 3.680889902114868 4190
1726002424995 3.6724705712000527 4340
1726002734558 3.6830986563364663 4490
1726003045913 3.69766326268514 4640
