1723884862029 0.06618952751159668 0
1723884882480 0.04539789259433746 1
1723884902593 0.06418411433696747 2
1723884922777 0.03016604855656624 3
1723884943149 0.04374745860695839 4
1723884963167 0.04038449004292488 5
1723884983429 0.043074753135442734 6
1723885003695 0.03657783567905426 7
1723885024134 0.036307018250226974 8
1723885044327 0.0391593873500824 9
1723885064785 0.041349977254867554 10
1723885084899 0.043223991990089417 11
1723885105036 0.03425389528274536 12
1723885125250 0.030599694699048996 13
1723885145305 0.03838358074426651 14
1723885165665 0.02897464856505394 15
1723885185839 0.04285133630037308 16
1723885206019 0.0443744882941246 17
1723885226197 0.032701846212148666 18
1723885246296 0.044098030775785446 19
1723885266841 0.05434349924325943 20
1723885287109 0.03846774250268936 21
1723885307278 0.028258230537176132 22
1723885327467 0.039555978029966354 23
1723885347557 0.03919612243771553 24
1723885367530 0.03581738844513893 25
1723885387963 0.04434916749596596 26
1723885408148 0.03612947463989258 27
1723885428084 0.03368416056036949 28
1723885448460 0.03814565762877464 29
1723885468666 0.030862312763929367 30
1723885488664 0.03791212663054466 31
1723885508817 0.031787145882844925 32
1723885528999 0.036620382219552994 33
1723885549254 0.037469521164894104 34
1723885569738 0.036533989012241364 35
1723885589843 0.042917296290397644 36
1723885609889 0.042556457221508026 37
1723885630059 0.032901566475629807 38
1723885650213 0.03490859270095825 39
1723885670383 0.039377450942993164 40
1723885690828 0.04077082872390747 41
1723885710952 0.04589010030031204 42
1723885731027 0.038834527134895325 43
1723885751194 0.03686470165848732 44
1723885771335 0.027171410620212555 45
1723885791437 0.03739991784095764 46
1723885811711 0.0334622785449028 47
1723885832033 0.036896057426929474 48
1723885852240 0.04569905996322632 49
1723885872528 0.04346087574958801 50
1723885892574 0.035035163164138794 51
1723885912873 0.036151960492134094 52
1723885933256 0.039829596877098083 53
1723885953209 0.029998041689395905 54
1723885973437 0.03752899169921875 55
1723885993672 0.02765725925564766 56
1723886014065 0.029316235333681107 57
1723886034199 0.030397765338420868 58
1723886054369 0.027462920174002647 59
1723886074459 0.018851730972528458 60
1723886094826 0.0374051034450531 61
1723886115289 0.029679792001843452 62
1723886135609 0.045725204050540924 63
1723886155845 0.03681318461894989 64
1723886176000 0.0265953466296196 65
1723886196842 0.02853795886039734 66
1723886218339 0.03044716641306877 67
1723886239668 0.02247890830039978 68
1723886260820 0.03555750846862793 69
1723886281078 0.029569299891591072 70
1723886301444 0.025875026360154152 71
1723886321758 0.022907832637429237 72
1723886341982 0.018076395615935326 73
1723886362177 0.021986503154039383 74
1723886382398 0.0225808285176754 75
1723886402656 0.022712795063853264 76
1723886422933 0.025403236970305443 77
1723886443091 0.01820663921535015 78
1723886463427 0.018394671380519867 79
1723886483453 0.01953156106173992 80
1723886504200 0.021868281066417694 81
1723886524444 0.01974043808877468 82
1723886544851 0.023316379636526108 83
1723886565081 0.017048079520463943 84
1723886585263 0.030033960938453674 85
1723886605606 0.023266147822141647 86
1723886625891 0.026958666741847992 87
1723886645958 0.022665955126285553 88
1723886666190 0.024906769394874573 89
1723886686613 0.019401919096708298 90
1723886706649 0.019375668838620186 91
1723886726988 0.020919067785143852 92
1723886746958 0.018619397655129433 93
1723886767415 0.02043861523270607 94
1723886787426 0.016163576394319534 95
1723886807581 0.018526745960116386 96
1723886827945 0.022971242666244507 97
1723886848383 0.01619812473654747 98
1723886868588 0.011256560683250427 99
1723886888878 0.016828829422593117 100
1723886909303 0.01845378428697586 101
1723886929328 0.016319263726472855 102
1723886949680 0.023406678810715675 103
1723886969870 0.01715760864317417 104
1723886990083 0.019793417304754257 105
1723887010420 0.021428074687719345 106
1723887030576 0.022079890593886375 107
1723887050585 0.01600518822669983 108
1723887071109 0.02452996000647545 109
1723887091709 0.02119712345302105 110
1723887112137 0.022220006212592125 111
1723887132378 0.018178047612309456 112
1723887152518 0.023216813802719116 113
1723887172717 0.017860861495137215 114
1723887192916 0.017677921801805496 115
1723887213315 0.016270775347948074 116
1723887233536 0.018136635422706604 117
1723887253787 0.01794612593948841 118
1723887273848 0.01877211220562458 119
1723887294101 0.021883979439735413 120
1723887314650 0.02132779359817505 121
1723887334832 0.018716156482696533 122
1723887355044 0.017078112810850143 123
1723887375640 0.025010183453559875 124
1723887395734 0.020675519481301308 125
1723887415896 0.017432717606425285 126
1723887436292 0.014880692586302757 127
1723887456567 0.020583083853125572 128
1723887476845 0.02125922404229641 129
1723887497083 0.019449621438980103 130
1723887517190 0.01822948083281517 131
1723887537544 0.018145930022001266 132
1723887558017 0.017532339319586754 133
1723887578225 0.014978352934122086 134
1723887598510 0.024268943816423416 135
1723887618774 0.01898246258497238 136
1723887639006 0.020192626863718033 137
1723887659524 0.011764402501285076 138
1723887679966 0.01576971262693405 139
1723887700086 0.014780749566853046 140
1723887720662 0.015271499752998352 141
1723887740708 0.0161446500569582 142
1723887760796 0.022117098793387413 143
1723887780967 0.015279035083949566 144
1723887801077 0.021965282037854195 145
1723887821123 0.01641615480184555 146
1723887841294 0.028845762833952904 147
1723887861438 0.013888168148696423 148
1723887881915 0.01811867766082287 149
1723887902153 0.01705160364508629 150
1723887922527 0.01708548702299595 151
1723887942661 0.015830662101507187 152
1723887962775 0.014286834746599197 153
1723887982851 0.01393565908074379 154
1723888003092 0.014711817726492882 155
1723888023456 0.015299701131880283 156
1723888043803 0.019286509603261948 157
1723888063909 0.016834409907460213 158
1723888084167 0.017126236110925674 159
1723888104364 0.021622316911816597 160
1723888125067 0.018650775775313377 161
1723888145339 0.01521348673850298 162
1723888165470 0.022686295211315155 163
1723888185669 0.024777565151453018 164
1723888205849 0.01688208431005478 165
1723888226076 0.01958080567419529 166
1723888246388 0.02021598629653454 167
1723888266772 0.020135609433054924 168
1723888286828 0.02410532906651497 169
1723888307046 0.01949397660791874 170
1723888327356 0.014912815764546394 171
1723888347764 0.020015569403767586 172
1723888368387 0.01943308860063553 173
1723888388658 0.018155017867684364 174
1723888409120 0.017849119380116463 175
1723888429509 0.01805257424712181 176
1723888449653 0.01808490976691246 177
1723888469812 0.016636092215776443 178
1723888489987 0.021546591073274612 179
1723888510144 0.01542743295431137 180
1723888530497 0.019957097247242928 181
1723888550667 0.01778290793299675 182
1723888570768 0.018780691549181938 183
1723888591242 0.019687287509441376 184
1723888611463 0.01840965449810028 185
1723888631526 0.018114442005753517 186
1723888651946 0.014324343763291836 187
1723888672130 0.018459534272551537 188
1723888692199 0.016822919249534607 189
1723888712402 0.01868048682808876 190
1723888732690 0.015474067069590092 191
1723888753030 0.015705440193414688 192
1723888773419 0.018442079424858093 193
1723888793441 0.019814137369394302 194
1723888813683 0.014890353195369244 195
1723888833891 0.015607917681336403 196
1723888853902 0.012103628367185593 197
1723888874180 0.025506598874926567 198
1723888894622 0.017905307933688164 199
1723888914774 0.020497774705290794 200
1723888935045 0.021109825000166893 201
1723888955348 0.013709588907659054 202
1723888975574 0.022091172635555267 203
1723888995763 0.019088221713900566 204
1723889015937 0.019144315272569656 205
1723889036206 0.01966322958469391 206
1723889056353 0.013032030314207077 207
1723889076444 0.020882708951830864 208
1723889096589 0.017003711313009262 209
1723889116800 0.018921922892332077 210
1723889137164 0.016143471002578735 211
1723889157381 0.015767350792884827 212
1723889177729 0.016440775245428085 213
1723889197804 0.017764991149306297 214
1723889218071 0.02210131101310253 215
1723889238459 0.01714480295777321 216
1723889258606 0.019130446016788483 217
1723889278789 0.023360181599855423 218
1723889299080 0.015713073313236237 219
1723889319357 0.01889348216354847 220
1723889339922 0.013716308400034904 221
1723889360197 0.015256060287356377 222
1723889380458 0.016523249447345734 223
1723889400854 0.01710815541446209 224
1723889421168 0.01996912807226181 225
1723889441369 0.022572465240955353 226
1723889461580 0.015745466575026512 227
1723889481983 0.016771454364061356 228
1723889502132 0.01625017076730728 229
1723889522389 0.01328287087380886 230
1723889542551 0.016917001456022263 231
1723889562803 0.017491839826107025 232
1723889583250 0.019064316526055336 233
1723889603298 0.01594923995435238 234
1723889623798 0.0163218192756176 235
1723889644061 0.020987506955862045 236
1723889664236 0.01785411313176155 237
1723889684594 0.014073451980948448 238
1723889704783 0.01998107321560383 239
1723889724904 0.023199403658509254 240
1723889745604 0.01498056948184967 241
1723889765799 0.02227693237364292 242
1723889786269 0.016253508627414703 243
1723889806625 0.01761981099843979 244
1723889826919 0.020330501720309258 245
1723889847391 0.018583159893751144 246
1723889867772 0.02472063899040222 247
1723889887896 0.01381755992770195 248
1723889907936 0.01627884991466999 249
1723889928180 0.023944446817040443 250
1723889948529 0.01839405670762062 251
1723889968730 0.021935807541012764 252
1723889988941 0.021085597574710846 253
1723890009174 0.017315324395895004 254
1723890029396 0.01370845828205347 255
1723890049921 0.019687607884407043 256
1723890070163 0.021382460370659828 257
1723890090522 0.017415976151823997 258
1723890110650 0.020818481221795082 259
1723890130887 0.0206268560141325 260
1723890151348 0.02459363266825676 261
1723890171499 0.018022192642092705 262
1723890191885 0.015606356784701347 263
1723890212078 0.017945421859622 264
1723890232303 0.021219201385974884 265
1723890252332 0.017384130507707596 266
1723890272621 0.01677164062857628 267
1723890293055 0.018971474841237068 268
1723890313222 0.01458737812936306 269
1723890333536 0.020591523498296738 270
1723890353874 0.0151854008436203 271
1723890374079 0.016597528010606766 272
1723890394434 0.015700500458478928 273
1723890414593 0.02035549469292164 274
1723890435033 0.0167077723890543 275
1723890455496 0.024232814088463783 276
1723890475658 0.017065946012735367 277
1723890495948 0.015565764158964157 278
1723890516262 0.017447832971811295 279
1723890536307 0.01377667672932148 280
1723890556721 0.019770314916968346 281
1723890576930 0.018196668475866318 282
1723890597097 0.020351652055978775 283
1723890617532 0.021233409643173218 284
1723890637798 0.014871355146169662 285
1723890658009 0.0177020076662302 286
1723890678234 0.013517836108803749 287
1723890698586 0.020009784027934074 288
1723890718741 0.018497861921787262 289
1723890739013 0.018027329817414284 290
1723890759297 0.015573583543300629 291
1723890779739 0.022235482931137085 292
1723890799978 0.01820395328104496 293
1723890820298 0.01938817836344242 294
1723890840502 0.02542385458946228 295
1723890860620 0.015438223257660866 296
1723890880854 0.017244607210159302 297
1723890900999 0.01620429754257202 298
1723890921488 0.01678452454507351 299
1723890941860 0.018511023372411728 300
1723890962058 0.016573723405599594 301
1723890982240 0.019712701439857483 302
1723891002384 0.021944010630249977 303
1723891022632 0.020951151847839355 304
1723891042891 0.025173649191856384 305
1723891063083 0.01301870122551918 306
1723891083552 0.016145722940564156 307
1723891103692 0.01770058646798134 308
1723891124164 0.01661745086312294 309
1723891144600 0.015306450426578522 310
1723891164940 0.018266791477799416 311
1723891185247 0.013834366574883461 312
1723891205501 0.01760266348719597 313
1723891225553 0.017761193215847015 314
1723891246009 0.018976125866174698 315
1723891266280 0.0198525283485651 316
1723891286423 0.023887477815151215 317
1723891307101 0.017161522060632706 318
1723891327311 0.01463763415813446 319
1723891347665 0.01869681105017662 320
1723891368271 0.016856592148542404 321
1723891388567 0.019996628165245056 322
1723891408776 0.013978572562336922 323
1723891429354 0.015473024919629097 324
1723891449795 0.017938340082764626 325
1723891470169 0.021137498319149017 326
1723891490485 0.020295247435569763 327
1723891510811 0.015537716448307037 328
1723891531292 0.024769572541117668 329
1723891551468 0.0228150375187397 330
1723891571656 0.015097643248736858 331
1723891591922 0.017346879467368126 332
1723891612191 0.01793699339032173 333
1723891632522 0.020140232518315315 334
1723891652668 0.020240871235728264 335
1723891672920 0.014954442158341408 336
1723891693114 0.01722288504242897 337
1723891713581 0.017314987257122993 338
1723891733860 0.015209242701530457 339
1723891754217 0.019944947212934494 340
1723891774544 0.02389846183359623 341
1723891794838 0.015268932096660137 342
1723891815337 0.019384386017918587 343
1723891835487 0.026615038514137268 344
1723891855843 0.01614558696746826 345
1723891876118 0.020994730293750763 346
1723891896345 0.016081813722848892 347
1723891916660 0.019278205931186676 348
1723891936846 0.01898258738219738 349
1723891957273 0.01881013624370098 350
1723891977526 0.018173202872276306 351
1723891997930 0.015844251960515976 352
1723892018298 0.018031243234872818 353
1723892038580 0.01882721111178398 354
1723892059072 0.018600499257445335 355
1723892079615 0.01630665734410286 356
1723892099630 0.016373135149478912 357
1723892119913 0.023522406816482544 358
1723892140160 0.0170919019728899 359
1723892160445 0.020171377807855606 360
1723892180809 0.025654349476099014 361
1723892201463 0.017206816002726555 362
1723892221780 0.018087144941091537 363
1723892242186 0.017235485836863518 364
1723892262421 0.01709732785820961 365
1723892282597 0.02049197070300579 366
1723892303084 0.02157236449420452 367
1723892323190 0.017268236726522446 368
1723892343695 0.016087530180811882 369
1723892364096 0.019888997077941895 370
1723892384127 0.018896039575338364 371
1723892404479 0.01648794114589691 372
1723892424656 0.01856585405766964 373
1723892445148 0.019693156704306602 374
1723892465474 0.014401369728147984 375
1723892485672 0.022136537358164787 376
1723892506170 0.021849097684025764 377
1723892526602 0.02471606433391571 378
1723892546994 0.01805325411260128 379
1723892567270 0.020223703235387802 380
1723892587731 0.017434220761060715 381
1723892607930 0.01867283321917057 382
1723892628325 0.021637018769979477 383
1723892648613 0.01390823069959879 384
1723892668739 0.018436724320054054 385
1723892689011 0.014685506001114845 386
1723892709269 0.020268062129616737 387
1723892729596 0.020247716456651688 388
1723892750163 0.02195427007973194 389
1723892770456 0.017851993441581726 390
1723892790694 0.017107173800468445 391
1723892811149 0.017719082534313202 392
1723892831277 0.02317316085100174 393
1723892851549 0.017811808735132217 394
1723892871847 0.0162242092192173 395
1723892892279 0.02089977264404297 396
1723892912596 0.02276933193206787 397
1723892932939 0.020761501044034958 398
1723892953019 0.018412362784147263 399
1723892973474 0.016716167330741882 400
1723892994310 0.021243873983621597 401
1723893014551 0.016698669642210007 402
1723893034932 0.022088898345828056 403
1723893055226 0.01668914407491684 404
1723893075423 0.018394000828266144 405
1723893095837 0.02130359597504139 406
1723893116273 0.018696775659918785 407
1723893136440 0.01875615492463112 408
1723893156706 0.015610781498253345 409
1723893177172 0.018444698303937912 410
1723893197456 0.017160801216959953 411
1723893217898 0.02375602535903454 412
1723893238041 0.017538826912641525 413
1723893258300 0.01665947400033474 414
1723893278765 0.017232827842235565 415
1723893298893 0.017443668097257614 416
1723893319292 0.015434855595231056 417
1723893339458 0.017706483602523804 418
1723893359729 0.02237248606979847 419
1723893379993 0.018914327025413513 420
1723893400195 0.01673978939652443 421
1723893420352 0.0165020190179348 422
1723893440511 0.014865466393530369 423
1723893460884 0.01750994101166725 424
1723893481242 0.020161766558885574 425
1723893501400 0.017704345285892487 426
1723893521532 0.01592940092086792 427
1723893541635 0.019196271896362305 428
1723893561808 0.016388192772865295 429
1723893582071 0.016293181106448174 430
1723893602327 0.015066700056195259 431
1723893622575 0.01621050015091896 432
1723893642676 0.018235011026263237 433
1723893662912 0.01700446382164955 434
1723893683265 0.016297459602355957 435
1723893703453 0.02080792747437954 436
1723893723790 0.02345283329486847 437
1723893744141 0.02097153291106224 438
1723893764221 0.030858483165502548 439
1723893784385 0.017506185919046402 440
1723893804782 0.018070008605718613 441
1723893824801 0.019449453800916672 442
1723893844895 0.020386749878525734 443
1723893865189 0.018394164741039276 444
1723893885219 0.0179757010191679 445
1723893905447 0.022267566993832588 446
1723893925841 0.015470755286514759 447
1723893945954 0.019169144332408905 448
1723893966423 0.02117214724421501 449
1723893986769 0.02267506904900074 450
1723894007187 0.018934572115540504 451
1723894027456 0.01610136218369007 452
1723894047720 0.019637243822216988 453
1723894068265 0.016944952309131622 454
1723894088641 0.014619933441281319 455
1723894108883 0.0212240032851696 456
1723894129088 0.026707887649536133 457
1723894149432 0.018836721777915955 458
1723894169746 0.018830029293894768 459
1723894189992 0.022890308871865273 460
1723894210448 0.01854410395026207 461
1723894230877 0.017796559259295464 462
1723894251156 0.015792910009622574 463
1723894271408 0.01827927678823471 464
1723894291823 0.015782909467816353 465
1723894312380 0.016460033133625984 466
1723894332778 0.017834937199950218 467
1723894352975 0.020020443946123123 468
1723894373436 0.017581287771463394 469
1723894393721 0.016068600118160248 470
1723894414028 0.024418776854872704 471
1723894434524 0.016943149268627167 472
1723894454793 0.014677813276648521 473
1723894474999 0.014333792962133884 474
1723894495254 0.017598792910575867 475
1723894515419 0.019707048311829567 476
1723894535542 0.016552401706576347 477
1723894555951 0.022821832448244095 478
1723894576121 0.019984470680356026 479
1723894596419 0.020012352615594864 480
1723894617289 0.019778240472078323 481
1723894637403 0.02068272791802883 482
1723894657876 0.017762351781129837 483
1723894678214 0.016931792721152306 484
1723894698540 0.01978953182697296 485
1723894718762 0.01607532799243927 486
1723894739016 0.01718905195593834 487
1723894759167 0.01802188903093338 488
1723894779456 0.019946910440921783 489
1723894799878 0.016607100144028664 490
1723894820152 0.021522901952266693 491
1723894840378 0.02465301752090454 492
1723894860622 0.021766431629657745 493
1723894881068 0.014141635969281197 494
1723894901230 0.02001277357339859 495
1723894921358 0.016780374571681023 496
1723894941643 0.015862565487623215 497
1723894961981 0.01777508109807968 498
1723894982245 0.01459693443030119 499
