1726038416750 10.815420150756836 0
1726038418374 9.801612854003906 1
1726038419977 12.844075202941895 2
1726038421589 14.724717140197754 3
1726038423172 13.312769889831543 4
1726038424750 9.20285415649414 5
1726038426321 8.94507122039795 6
1726038427904 11.94516658782959 7
1726038429474 10.943634033203125 8
1726038431062 15.069005012512207 9
1726038432649 10.450204849243164 10
1726038434275 10.595266342163086 11
1726038435925 8.356188774108887 12
1726038437566 8.322588920593262 13
1726038439227 8.174060821533203 14
1726038440837 13.041108131408691 15
1726038442488 11.594148635864258 16
1726038444112 9.465343475341797 17
1726038445761 10.415946960449219 18
1726038447426 12.149442672729492 19
1726038449064 12.882414817810059 20
1726038450690 9.849775314331055 21
1726038452332 11.824501037597656 22
1726038453957 10.378746032714844 23
1726038455592 6.234982490539551 24
1726038457205 8.520487785339355 25
1726038458825 10.79838752746582 26
1726038460504 10.167458534240723 27
1726038462172 10.459446907043457 28
1726038463776 8.999393463134766 29
1726038465395 13.175220489501953 30
1726038467004 12.564021110534668 31
1726038468638 8.502952575683594 32
1726038470296 11.641105651855469 33
1726038471916 7.764720916748047 34
1726038473595 8.84580135345459 35
1726038475293 12.567392349243164 36
1726038477111 8.726564407348633 37
1726038478779 9.228741645812988 38
1726038480434 9.57361888885498 39
1726038482085 9.46725082397461 40
1726038483737 10.045347213745117 41
1726038485377 9.320104598999023 42
1726038487028 8.254568099975586 43
1726038488662 8.24601936340332 44
1726038490339 10.58377456665039 45
1726038492294 8.570205688476562 46
1726038493946 9.227388381958008 47
1726038495593 9.256192207336426 48
1726038497259 10.288827896118164 49
1726038498890 10.467790603637695 50
1726038500549 10.199125289916992 51
1726038502205 8.117901802062988 52
1726038503861 10.423824310302734 53
1726038505516 8.015604019165039 54
1726038507250 7.173739910125732 55
1726038508906 11.310845375061035 56
1726038510568 7.6734771728515625 57
1726038512271 10.693517684936523 58
1726038513950 9.864826202392578 59
1726038515609 7.765051364898682 60
1726038517283 10.596549987792969 61
1726038518950 12.772516250610352 62
1726038520617 11.40951919555664 63
1726038522337 9.428043365478516 64
1726038524020 11.845470428466797 65
1726038525713 7.722551345825195 66
1726038527404 10.391770362854004 67
1726038529078 10.483220100402832 68
1726038530762 9.081207275390625 69
1726038532443 7.667360305786133 70
1726038534118 9.655508041381836 71
1726038535830 7.883356094360352 72
1726038537571 8.320131301879883 73
1726038539246 9.061565399169922 74
1726038540957 8.224261283874512 75
1726038542667 6.222224235534668 76
1726038544358 8.096647262573242 77
1726038546083 7.632099151611328 78
1726038547790 9.767440795898438 79
1726038549498 6.9803667068481445 80
1726038551193 8.18659496307373 81
1726038552908 8.751500129699707 82
1726038554609 9.128137588500977 83
1726038556311 5.178495407104492 84
1726038558010 8.268077850341797 85
1726038559700 9.121574401855469 86
1726038561389 8.948503494262695 87
1726038563097 8.547422409057617 88
1726038564874 8.782618522644043 89
1726038566589 6.733026027679443 90
1726038568287 8.11367130279541 91
1726038569995 6.860110282897949 92
1726038571689 7.304457664489746 93
1726038573416 7.446994304656982 94
1726038575120 7.355998516082764 95
1726038576811 9.239603996276855 96
1726038578524 9.141451835632324 97
1726038580241 10.402450561523438 98
1726038582120 6.829951763153076 99
1726038583797 8.47054672241211 100
1726038585496 7.706571578979492 101
1726038587198 7.072658538818359 102
1726038588929 7.649855136871338 103
1726038590701 9.366947174072266 104
1726038592414 9.731904983520508 105
1726038594113 6.528372764587402 106
1726038595846 7.782611846923828 107
1726038597587 7.71085262298584 108
1726038599375 10.370323181152344 109
1726038601095 7.168116092681885 110
1726038602793 6.882587432861328 111
1726038604521 8.739736557006836 112
1726038606261 8.411909103393555 113
1726038608342 8.063170433044434 114
1726038610068 8.09084415435791 115
1726038611804 6.69084358215332 116
1726038613520 7.625697135925293 117
1726038615232 8.663540840148926 118
1726038617018 7.625730991363525 119
1726038618762 10.272692680358887 120
1726038620490 8.446252822875977 121
1726038622298 7.948061466217041 122
