1725753450534 0.0009764972313617667 150
1725753773225 0.000896056219159315 300
1725754097819 0.0008634187370383491 450
1725754420208 0.000834239637479186 600
1725754727995 0.0008234792241516212 750
1725755036920 0.0007916969860283038 900
1725755361652 0.0007728490276106944 1050
1725755685985 0.000754108028486371 1200
1725756008706 0.0007355437509249896 1350
1725756330881 0.0007148746626141171 1500
1725756653514 0.0007026950009943297 1650
1725756976001 0.0006798048107884825 1800
1725757298701 0.0006696971564088016 1950
1725757620911 0.0006544527000126739 2100
1725757942777 0.0006374442736463 2250
1725758263736 0.0006348016349753986 2400
1725758585814 0.0006212066397226105 2550
1725758908101 0.0006087899935664609 2700
1725759230793 0.0006000314330837379 2850
1725759550741 0.0005894818079347411 3000
