1725753345469 0.0009816729977708495 100
1725753668593 0.0009181654441636056 250
1725753992622 0.0008722090263230105 400
1725754315657 0.0008479910394332061 550
1725754632428 0.0008209122441864262 700
1725754931886 0.0008084027337220808 850
1725755256483 0.0007733860817582657 1000
1725755580924 0.0007617360854055733 1150
1725755904270 0.0007350275972081969 1300
1725756226362 0.000728440263774246 1450
1725756548752 0.0007030587398912757 1600
1725756871504 0.000692638453328982 1750
1725757194484 0.0006701118421430389 1900
1725757516881 0.0006569302089822789 2050
1725757838024 0.0006483306646502266 2200
1725758159227 0.0006344492337666452 2350
1725758481025 0.0006270735567280402 2500
1725758803614 0.000613145962706767 2650
1725759126373 0.0006005613987023632 2800
1725759446551 0.0005920081989218792 2950
