1725740676467 0.007286470616236329 150
1725741006135 0.0059471429449816544 300
1725741324970 0.0055164543104668454 450
1725741641216 0.0053394865741332375 600
1725741958332 0.005214918457592527 750
1725742275969 0.0050978553062304855 900
1725742593249 0.005072923890935878 1050
1725742910568 0.004979555093062421 1200
1725743227484 0.004946206957101822 1350
1725743524240 0.004921418740414083 1500
1725743842332 0.004859541621990502 1650
1725744152665 0.004847385057558616 1800
1725744470823 0.004779924935040375 1950
1725744788085 0.00477772356942296 2100
1725745103719 0.004740727483294904 2250
1725745419986 0.004718078781540195 2400
1725745736002 0.004687684917201599 2550
1725746051514 0.004643194687863191 2700
1725746367783 0.004660219627742966 2850
1725746684536 0.004614864488442739 3000
