1725740562820 0.007690531344586375 100
1725740899042 0.006191551523904006 250
1725741221789 0.00564036521439751 400
1725741538210 0.005333803743124008 550
1725741855398 0.0052279243199154736 700
1725742173113 0.005215817298740148 850
1725742490243 0.005024041668511927 1000
1725742807682 0.004995708855179449 1150
1725743124528 0.004984543725537757 1300
1725743421499 0.0049296582272897165 1450
1725743740571 0.004876612171841164 1600
1725744048881 0.0048501479299739 1750
1725744367108 0.0048242518895616135 1900
1725744685409 0.0047349857275063795 2050
1725745000966 0.0048359882831573485 2200
1725745317153 0.004606063320922355 2350
1725745633538 0.004764289533098539 2500
1725745948713 0.0046522417338564995 2650
1725746265651 0.00471474594126145 2800
1725746581444 0.004567692042328418 2950
