1726078521220 2.5233405391375223 150
1726078801659 2.5020316163698832 300
1726079066077 2.5006997617085776 450
1726079339067 2.4987252354621887 600
1726079625742 2.4828119587898256 750
1726079935074 2.4645102699597676 900
1726080222065 2.466643265088399 1050
1726080495070 2.4609233641624453 1200
1726080768228 2.450867416858673 1350
1726081041321 2.4487435531616213 1500
1726081314119 2.444601812362671 1650
1726081586682 2.446124488512675 1800
1726081860282 2.431019809246063 1950
1726082134064 2.439854195912679 2100
1726082405766 2.430097376505534 2250
1726082678067 2.438075428009033 2400
1726082950527 2.420540913740794 2550
1726083212221 2.41266406695048 2700
1726083485079 2.4121965805689496 2850
1726083756970 2.4196994558970135 3000
1726084028067 2.392053802808126 3150
1726084300152 2.3973159273465474 3300
1726084575566 2.409917552471161 3450
1726084847683 2.4089761638641356 3600
1726085119651 2.4005492877960206 3750
1726085391851 2.4031244333585104 3900
1726085664627 2.3851544078191123 4050
1726085936202 2.3762606048583983 4200
1726086208915 2.382716920375824 4350
1726086481432 2.381343649228414 4500
1726086753986 2.3867581685384116 4650
1726087025916 2.382548677921295 4800
1726087297258 2.3844060293833413 4950
1726087570681 2.382886180082957 5100
1726087841613 2.3559139506022135 5250
1726088113000 2.3910462141036986 5400
1726088384849 2.365681666533152 5550
1726088655844 2.376643160978953 5700
1726088927008 2.370306483109792 5850
1726089197694 2.3703218976656597 6000
1726089469994 2.3658123803138733 6150
1726089740266 2.360642261505127 6300
1726090011400 2.373629294236501 6450
1726090284702 2.3698866812388104 6600
1726090555506 2.365525724887848 6750
1726090827007 2.354147958755493 6900
1726091098251 2.3575131249427796 7050
1726091368811 2.3552439427375793 7200
1726091640177 2.372676815191905 7350
1726091910291 2.355857729911804 7500
1726092180147 2.3441918389002483 7650
1726092450683 2.365109528700511 7800
1726092721014 2.354249628384908 7950
1726092990838 2.3581211241086324 8100
1726093261413 2.367289508978526 8250
1726093531821 2.3521385955810548 8400
1726093792069 2.3490721797943115 8550
1726094062481 2.3496090745925904 8700
1726094332738 2.352579223314921 8850
1726094602920 2.355111257235209 9000
1726094872740 2.3405257773399355 9150
1726095142769 2.331038873990377 9300
1726095413035 2.332693076133728 9450
1726095682974 2.339043602148692 9600
1726095953989 2.3404961093266805 9750
1726096225876 2.341016612847646 9900
1726096495584 2.342961326440175 10050
1726096766885 2.3454393625259398 10200
1726097037207 2.327000459829966 10350
1726097307205 2.349189896583557 10500
1726097576271 2.3377262806892394 10650
1726097846376 2.342979045708974 10800
1726098116296 2.326482207775116 10950
1726098386765 2.3539157915115356 11100
1726098656629 2.3325861430168153 11250
1726098927594 2.3286286648114523 11400
1726099198496 2.3368564240137735 11550
1726099468505 2.3589463782310487 11700
1726099737796 2.3312618732452393 11850
1726100006955 2.328013336658478 12000
1726100275746 2.333537104129791 12150
1726100546755 2.3340365235010783 12300
1726100817012 2.322475094795227 12450
1726101087710 2.3493327689170838 12600
1726101357854 2.3309998750686645 12750
1726101627291 2.3450037185351054 12900
1726101897024 2.3168715143203737 13050
1726102168206 2.3300145626068116 13200
1726102438031 2.3426794600486756 13350
1726102709046 2.304335028330485 13500
1726102979357 2.3192397658030193 13650
1726103248551 2.328169207572937 13800
1726103518905 2.3325406090418497 13950
1726103787821 2.327320724328359 14100
1726104056687 2.34062667687734 14250
1726104326151 2.3192082031567893 14400
1726104596770 2.3157547052701313 14550
1726104866198 2.310103483200073 14700
1726105139657 2.3222467279434205 14850
1726105408726 2.3174931979179383 15000
