1726078504699 2.5255642351529275 140
1726078784940 2.5082928490638734 290
1726079051875 2.490976201693217 440
1726079321658 2.5031766525904335 590
1726079608436 2.4856966098149615 740
1726079916333 2.449976572195689 890
1726080205325 2.483458784421285 1040
1726080478453 2.4633518727620443 1190
1726080751777 2.4530060784022014 1340
1726081025007 2.4408012946446735 1490
1726081297907 2.442301484743754 1640
1726081570549 2.456850043932597 1790
1726081843879 2.4212289230028787 1940
1726082117837 2.444330892562866 2090
1726082389429 2.4281968593597414 2240
1726082661646 2.4383978271484374 2390
1726082934338 2.4318150067329407 2540
1726083196047 2.4022288846969606 2690
1726083468939 2.405327325661977 2840
1726083740588 2.4324691112836203 2990
1726084011832 2.3844391377766927 3140
1726084283668 2.3941294089953105 3290
1726084559079 2.41600971142451 3440
1726084831343 2.403759783109029 3590
1726085103392 2.3982113059361776 3740
1726085375696 2.4174895469347635 3890
1726085648399 2.3777631600697835 4040
1726085919896 2.39020244995753 4190
1726086192715 2.3758816862106324 4340
1726086465131 2.373850965499878 4490
1726086737704 2.377272832393646 4640
1726087009475 2.3979829756418862 4790
1726087280910 2.387322266101837 4940
1726087554204 2.3746870573361716 5090
1726087825447 2.3605578271547953 5240
1726088096695 2.3916761461893716 5390
1726088368616 2.361221765677134 5540
1726088639667 2.3782896129290263 5690
1726088910909 2.370501163005829 5840
1726089181594 2.3653472463289895 5990
1726089453697 2.362756836414337 6140
1726089723944 2.3713873291015624 6290
1726089995113 2.375249365965525 6440
1726090268329 2.3641125734647117 6590
1726090539440 2.3613964748382568 6740
1726090810835 2.364425462881724 6890
1726091082071 2.359899899959564 7040
1726091352615 2.3469907808303834 7190
1726091623881 2.3670199847221376 7340
1726091894126 2.349337051709493 7490
1726092163986 2.36091854651769 7640
1726092434505 2.364881347020467 7790
1726092704810 2.3463181241353355 7940
1726092974703 2.3704035449028016 8090
1726093245154 2.356696763833364 8240
1726093515705 2.3535454289118447 8390
1726093776022 2.3519159094492594 8540
1726094046217 2.345952854156494 8690
1726094316494 2.3585832182566326 8840
1726094586742 2.342459580103556 8990
1726094856642 2.348760081132253 9140
1726095126700 2.3335544602076213 9290
1726095397015 2.335793035030365 9440
1726095666883 2.3328265810012816 9590
1726095937690 2.342126118342082 9740
1726096209623 2.340377258459727 9890
1726096479331 2.358553076585134 10040
1726096750525 2.326201161543528 10190
1726097020916 2.3318353422482807 10340
1726097291012 2.3504487252235413 10490
1726097560176 2.333534923394521 10640
1726097830243 2.344058147271474 10790
1726098100093 2.3261476969718933 10940
1726098370563 2.359292730490367 11090
1726098640451 2.3265799045562745 11240
1726098911360 2.3347801089286806 11390
1726099182144 2.327426554361979 11540
1726099452351 2.352125764687856 11690
1726099721665 2.3475769186019897 11840
1726099990784 2.3253791880607606 11990
1726100259781 2.346850167910258 12140
1726100530459 2.3222621337572735 12290
1726100800692 2.325664405822754 12440
1726101071492 2.3493623407681783 12590
1726101341709 2.337011640071869 12740
1726101611077 2.3361223220825194 12890
1726101880832 2.3156306409835814 13040
1726102152118 2.314569303194682 13190
1726102421921 2.353967316150665 13340
1726102692737 2.309348572095235 13490
1726102963274 2.325018900235494 13640
1726103232468 2.3190520707766216 13790
1726103502775 2.331192435423533 13940
1726103771706 2.3342379943529763 14090
1726104040625 2.34391858736674 14240
1726104310092 2.3126929020881652 14390
1726104580548 2.3255315089225768 14540
1726104849900 2.3016434597969053 14690
1726105123435 2.323768893877665 14840
1726105392647 2.316218159198761 14990
