1723966813179 0.18547029793262482 0
1723966835588 0.17767897248268127 1
1723966858047 0.21573294699192047 2
1723966881727 0.19241687655448914 3
1723966904141 0.15439331531524658 4
1723966926727 0.17838528752326965 5
1723966949586 0.12762925028800964 6
1723966971933 0.18244510889053345 7
1723966995483 0.18115432560443878 8
1723967017731 0.12753257155418396 9
1723967041421 0.15173059701919556 10
1723967063890 0.15697546303272247 11
1723967086620 0.1370115727186203 12
1723967109584 0.15126894414424896 13
1723967132078 0.16419261693954468 14
1723967155585 0.14935217797756195 15
1723967178170 0.1528860181570053 16
1723967201901 0.1566103994846344 17
1723967224232 0.15951119363307953 18
1723967246950 0.15080665051937103 19
1723967269755 0.18316684663295746 20
1723967292216 0.14397573471069336 21
1723967315646 0.16153214871883392 22
1723967338137 0.19773836433887482 23
1723967361777 0.14083439111709595 24
1723967384324 0.14787107706069946 25
1723967406839 0.1191752701997757 26
1723967429738 0.1611117124557495 27
1723967451996 0.11639490723609924 28
1723967475546 0.16211514174938202 29
1723967497995 0.14779922366142273 30
1723967521612 0.15014812350273132 31
1723967543908 0.15989261865615845 32
1723967566721 0.16070054471492767 33
1723967589583 0.1693267822265625 34
1723967611931 0.12722481787204742 35
1723967635455 0.12411676347255707 36
1723967657966 0.17728687822818756 37
1723967681673 0.16375669836997986 38
1723967704097 0.15986515581607819 39
1723967726735 0.13719376921653748 40
1723967749437 0.14669770002365112 41
1723967771907 0.12642237544059753 42
1723967795531 0.15712504088878632 43
1723967818164 0.11344042420387268 44
1723967841827 0.16253405809402466 45
1723967864233 0.14902959764003754 46
1723967886749 0.13837969303131104 47
1723967909835 0.14566655457019806 48
1723967932147 0.14278912544250488 49
1723967955896 0.15542861819267273 50
1723967978212 0.13903379440307617 51
1723968001914 0.1270449310541153 52
1723968024115 0.17097613215446472 53
1723968046653 0.1266469657421112 54
1723968069786 0.13806548714637756 55
1723968092145 0.16931229829788208 56
1723968116008 0.13120922446250916 57
1723968138527 0.1342424601316452 58
1723968162077 0.16112223267555237 59
1723968184637 0.12910306453704834 60
1723968207098 0.14024201035499573 61
1723968230079 0.1221005916595459 62
1723968252523 0.18111960589885712 63
1723968276191 0.15955837070941925 64
1723968298699 0.14183825254440308 65
1723968322175 0.14182648062705994 66
1723968344667 0.1504245102405548 67
1723968366979 0.1375308632850647 68
1723968389838 0.13694381713867188 69
1723968412401 0.12972676753997803 70
1723968435963 0.1264152228832245 71
1723968458400 0.149064302444458 72
1723968482065 0.14619527757167816 73
1723968505425 0.1229046955704689 74
1723968528157 0.12790408730506897 75
1723968550995 0.15515771508216858 76
1723968573462 0.16725248098373413 77
1723968597287 0.1557822972536087 78
1723968619727 0.14874133467674255 79
1723968643461 0.1437934935092926 80
1723968666820 0.13683591783046722 81
1723968689398 0.15075930953025818 82
1723968712163 0.1405809223651886 83
1723968734820 0.13090384006500244 84
1723968758228 0.16276687383651733 85
1723968780600 0.1192326545715332 86
1723968804396 0.15727369487285614 87
1723968827129 0.12179189920425415 88
1723968849694 0.13684171438217163 89
1723968872553 0.1310959756374359 90
1723968894912 0.18565261363983154 91
1723968918349 0.1543164700269699 92
1723968940959 0.14748330414295197 93
1723968964458 0.1612621396780014 94
1723968986919 0.1392904818058014 95
1723969009536 0.135736882686615 96
1723969032536 0.12062396854162216 97
1723969054926 0.13478098809719086 98
1723969078599 0.13863764703273773 99
1723969101015 0.1850680708885193 100
1723969124660 0.13623017072677612 101
1723969146980 0.12416449189186096 102
1723969169613 0.17042061686515808 103
1723969192566 0.14470505714416504 104
1723969215142 0.1701376736164093 105
1723969238628 0.16932883858680725 106
1723969261077 0.1559794396162033 107
1723969284659 0.1542004942893982 108
1723969307105 0.1474120169878006 109
1723969329511 0.14219407737255096 110
1723969352486 0.1395341455936432 111
1723969375025 0.1422310471534729 112
1723969398497 0.1697283387184143 113
1723969420838 0.15160061419010162 114
1723969444354 0.14700008928775787 115
1723969466814 0.13151678442955017 116
1723969489373 0.14092640578746796 117
1723969512384 0.14359933137893677 118
1723969534837 0.15147802233695984 119
1723969558594 0.14577607810497284 120
1723969581118 0.13448107242584229 121
1723969604802 0.10193964093923569 122
1723969627258 0.1678040772676468 123
1723969649820 0.14321225881576538 124
1723969672672 0.10966913402080536 125
1723969695211 0.1635819375514984 126
1723969718464 0.1433965563774109 127
1723969740812 0.1455301195383072 128
1723969764531 0.13465677201747894 129
1723969786979 0.14219003915786743 130
1723969809421 0.12758485972881317 131
1723969832429 0.14631947875022888 132
1723969854749 0.1738867312669754 133
1723969878310 0.11659088730812073 134
1723969900670 0.17343826591968536 135
1723969924295 0.12840554118156433 136
1723969946748 0.14920687675476074 137
1723969969083 0.14855897426605225 138
1723969992075 0.13825218379497528 139
1723970014451 0.14285120368003845 140
1723970038115 0.14334675669670105 141
1723970060716 0.14357346296310425 142
1723970084466 0.14808110892772675 143
1723970107047 0.10394952446222305 144
1723970129637 0.1356261968612671 145
1723970152527 0.1355610340833664 146
1723970174778 0.16114965081214905 147
1723970198684 0.13646873831748962 148
1723970221269 0.13323208689689636 149
1723970244840 0.1493866741657257 150
1723970267386 0.159315824508667 151
1723970289933 0.11190743744373322 152
1723970312847 0.13857677578926086 153
1723970335409 0.13683803379535675 154
1723970359221 0.13792087137699127 155
1723970381494 0.1637527048587799 156
1723970405269 0.13717634975910187 157
1723970427635 0.11663918197154999 158
1723970450206 0.16453927755355835 159
1723970473096 0.13858729600906372 160
1723970495947 0.15370111167430878 161
1723970519525 0.18067103624343872 162
1723970541970 0.11981520801782608 163
1723970565775 0.14033356308937073 164
1723970588353 0.13518664240837097 165
1723970611020 0.12079232186079025 166
1723970633955 0.12263728678226471 167
1723970656431 0.15721972286701202 168
1723970680314 0.14446836709976196 169
1723970702801 0.14661410450935364 170
1723970726195 0.1676153689622879 171
1723970748539 0.15015606582164764 172
1723970771196 0.14939787983894348 173
1723970794094 0.16125774383544922 174
1723970816601 0.1494985818862915 175
1723970840081 0.10730255395174026 176
1723970862648 0.10949133336544037 177
1723970886241 0.13387197256088257 178
1723970908632 0.1294814944267273 179
1723970931140 0.13342753052711487 180
1723970953945 0.1511697769165039 181
1723970976319 0.13924123346805573 182
1723970999667 0.12951964139938354 183
1723971022139 0.17390891909599304 184
1723971045692 0.13253185153007507 185
1723971068108 0.12563428282737732 186
1723971090631 0.1328616887331009 187
1723971113499 0.1266477406024933 188
1723971136003 0.10492140054702759 189
1723971159599 0.1716037094593048 190
1723971182107 0.12338182330131531 191
1723971205693 0.1412900686264038 192
1723971228185 0.13656124472618103 193
1723971250739 0.13362042605876923 194
1723971273790 0.17450398206710815 195
1723971296040 0.1261417418718338 196
1723971319763 0.14870411157608032 197
1723971342262 0.1448436826467514 198
1723971365835 0.12283800542354584 199
1723971388174 0.1594601273536682 200
1723971410867 0.1434730887413025 201
1723971433762 0.1608201116323471 202
1723971456105 0.1354035884141922 203
1723971479550 0.1357463300228119 204
1723971502090 0.1531437337398529 205
1723971525753 0.1288137286901474 206
1723971548175 0.14118759334087372 207
1723971570847 0.16003017127513885 208
1723971593839 0.15792453289031982 209
1723971616245 0.1555512696504593 210
1723971639854 0.1246137022972107 211
1723971662235 0.11034353077411652 212
1723971685996 0.15208855271339417 213
1723971708424 0.12741419672966003 214
1723971731119 0.12921293079853058 215
1723971754166 0.12101519852876663 216
1723971776576 0.13682499527931213 217
1723971800166 0.1378597915172577 218
1723971822517 0.12220323830842972 219
1723971846478 0.1526786983013153 220
1723971868735 0.12473596632480621 221
1723971891373 0.13403329253196716 222
1723971914274 0.14345863461494446 223
1723971936626 0.14753413200378418 224
1723971960022 0.10236303508281708 225
1723971982563 0.13930991291999817 226
1723972006138 0.15573972463607788 227
1723972028719 0.12943588197231293 228
1723972051219 0.12479148805141449 229
1723972074086 0.13605034351348877 230
1723972096421 0.13311266899108887 231
1723972119937 0.15043313801288605 232
1723972142421 0.14981922507286072 233
1723972166048 0.15207310020923615 234
1723972188702 0.1606292426586151 235
1723972211358 0.1481291949748993 236
1723972234272 0.13426245748996735 237
1723972256686 0.14053910970687866 238
1723972280354 0.146290123462677 239
1723972302860 0.1348021775484085 240
1723972326756 0.1438567340373993 241
1723972349039 0.14188149571418762 242
1723972371639 0.13139621913433075 243
1723972394443 0.13738426566123962 244
1723972416817 0.12612515687942505 245
1723972440264 0.1367972046136856 246
1723972462685 0.11753445863723755 247
1723972486310 0.18210674822330475 248
1723972508670 0.1217837780714035 249
1723972531068 0.13970044255256653 250
1723972553934 0.16186708211898804 251
1723972576287 0.1309661567211151 252
1723972599754 0.13223078846931458 253
1723972622083 0.1489996314048767 254
1723972645760 0.1390032172203064 255
1723972668192 0.12709224224090576 256
1723972692606 0.14810942113399506 257
1723972716782 0.1642449051141739 258
1723972741157 0.1501159369945526 259
1723972765317 0.14876537024974823 260
1723972788015 0.10737908631563187 261
1723972811769 0.12889859080314636 262
1723972834331 0.13584201037883759 263
1723972856997 0.13809391856193542 264
1723972880112 0.14098350703716278 265
1723972902542 0.15721675753593445 266
1723972926134 0.17248082160949707 267
1723972948494 0.15227356553077698 268
1723972972112 0.13428464531898499 269
1723972994362 0.12905430793762207 270
1723973017054 0.13673892617225647 271
1723973039869 0.1582743227481842 272
1723973062478 0.18280641734600067 273
1723973086096 0.13129647076129913 274
1723973108392 0.13558585941791534 275
1723973132814 0.14108194410800934 276
1723973155516 0.14451532065868378 277
1723973178001 0.1499478965997696 278
1723973201087 0.133098304271698 279
1723973223540 0.11848601698875427 280
1723973247196 0.14837394654750824 281
1723973269805 0.11809755861759186 282
1723973293540 0.1309531182050705 283
1723973315946 0.11040157079696655 284
1723973338680 0.14417648315429688 285
1723973361672 0.19500362873077393 286
1723973384231 0.14197444915771484 287
1723973408391 0.1421794593334198 288
1723973432586 0.11152645945549011 289
1723973456278 0.15918931365013123 290
1723973478851 0.1261059045791626 291
1723973501562 0.14926040172576904 292
1723973524648 0.1324613392353058 293
1723973547179 0.1276698112487793 294
1723973571054 0.1519835889339447 295
1723973593312 0.1574777513742447 296
1723973617223 0.13746434450149536 297
1723973639788 0.1303279548883438 298
1723973662428 0.10960237681865692 299
1723973685452 0.12939317524433136 300
1723973708045 0.13917455077171326 301
1723973731686 0.13101792335510254 302
1723973754169 0.12981393933296204 303
1723973777869 0.15387104451656342 304
1723973800373 0.1709698885679245 305
1723973823067 0.10878700762987137 306
1723973846180 0.12340368330478668 307
1723973868568 0.13208360970020294 308
1723973892146 0.13166019320487976 309
1723973914630 0.11341766268014908 310
1723973938537 0.13764290511608124 311
