1726162016216 0.0004592637599368269 150
1726162291944 0.0004573904965460921 300
1726162556750 0.0004583479046899204 450
1726162832303 0.0004562045835579435 600
1726163108041 0.0004533421255958577 750
1726163383572 0.00045191678024517995 900
1726163659407 0.0004521993772747616 1050
1726163935287 0.0004532584903063253 1200
1726164211483 0.00045271415205206723 1350
1726164486980 0.00045232036733068527 1500
1726164753550 0.000449654891466101 1650
1726165028735 0.0004514920003324126 1800
1726165305092 0.00044925754986858615 1950
1726165582168 0.0004501717266005774 2100
1726165878112 0.0004505989366831879 2250
1726166173527 0.0004483172823286926 2400
1726166482615 0.00044894306202574325 2550
1726166783741 0.000447518322034739 2700
1726167073435 0.00044654999083528917 2850
1726167356613 0.0004476602447296803 3000
1726167643513 0.0004482671469061946 3150
1726167915055 0.0004488091650030886 3300
1726168187386 0.00044642049334167193 3450
1726168458865 0.000446515649673529 3600
1726168731078 0.0004460369979885096 3750
1726169002694 0.00044632663872713844 3900
1726169273825 0.00044509266794193534 4050
1726169545139 0.00044527138272921243 4200
1726169816569 0.0004445388668682426 4350
1726170088473 0.000444426034615996 4500
1726170359759 0.000444994029821828 4650
1726170631895 0.0004455348924966529 4800
1726170903859 0.00044308738433755933 4950
1726171175020 0.00044323711772449316 5100
1726171446845 0.00044508168318619333 5250
1726171718666 0.0004436511783084522 5400
1726171990222 0.00044206545261355737 5550
1726172261275 0.0004433146813729157 5700
1726172532141 0.0004470867308555171 5850
1726172803312 0.0004419750291466092 6000
1726173075743 0.00044327029667329043 6150
1726173347825 0.0004411375899023066 6300
1726173618932 0.0004418761081372698 6450
1726173890060 0.00044073112153758607 6600
1726174162161 0.0004410121009762709 6750
1726174432729 0.0004403503704816103 6900
1726174703539 0.00044017491415919115 7050
1726174975404 0.0004409813745102535 7200
1726175247273 0.0004401851414392392 7350
1726175519462 0.0004387855706348394 7500
