1726161999905 0.00045902020952677525 140
1726162275356 0.0004576342093059793 290
1726162540328 0.0004588400306723391 440
1726162815726 0.00045559673686511814 590
1726163091741 0.0004543980079082151 740
1726163367032 0.00045141178260867793 890
1726163642903 0.0004519356139159451 1040
1726163918732 0.0004536931092540423 1190
1726164194978 0.0004532235579487557 1340
1726164470472 0.00045114745444152504 1490
1726164737133 0.0004512714222073555 1640
1726165012272 0.000450352374658299 1790
1726165288675 0.0004492643378519764 1940
1726165564638 0.0004491961454429353 2090
1726165860535 0.0004516883190566053 2240
1726166155929 0.00044891416483248275 2390
1726166463563 0.0004477862920612097 2540
1726166765619 0.0004482105292845517 2690
1726167056315 0.0004466193375022461 2840
1726167338860 0.0004467895064347734 2990
1726167626492 0.00044947634101845325 3140
1726167898773 0.0004486258733474339 3290
1726168171182 0.0004451026730627442 3440
1726168442645 0.0004479802687031527 3590
1726168714803 0.00044553784226688246 3740
1726168986424 0.00044678033445961774 3890
1726169257733 0.0004452456574654207 4040
1726169528973 0.0004442231867384786 4190
1726169800436 0.00044532206336346763 4340
1726170072150 0.00044473548342163365 4490
1726170343509 0.000446037237221996 4640
1726170615444 0.000443131056187364 4790
1726170887614 0.000444402743014507 4940
1726171158872 0.0004427634769429763 5090
1726171430492 0.0004455513501306996 5240
1726171702550 0.000443889056914486 5390
1726171973964 0.0004416936777609711 5540
1726172245109 0.0004425870772683993 5690
1726172515860 0.00044673609586122135 5840
1726172787126 0.0004426683473866433 5990
1726173059498 0.0004425733043656995 6140
1726173331530 0.0004418063483899459 6290
1726173602670 0.00044123205336897326 6440
1726173873987 0.000441680172807537 6590
1726174145835 0.00044086107576731594 6740
1726174416371 0.0004415775827753047 6890
1726174687293 0.0004398976049075524 7040
1726174959131 0.0004415680557334175 7190
1726175231117 0.00044016225379891696 7340
1726175502990 0.0004379724670434371 7490
