1723718774798 0.11567670851945877 0
1723718795616 0.14063574373722076 1
1723718815405 0.1364929974079132 2
1723718835472 0.14661693572998047 3
1723718856174 0.1285499781370163 4
1723718877210 0.11496495455503464 5
1723718898065 0.12044649571180344 6
1723718919354 0.11950935423374176 7
1723718940973 0.14334449172019958 8
1723718962813 0.11582199484109879 9
1723718984236 0.11927645653486252 10
1723719005855 0.12852779030799866 11
1723719026942 0.16072246432304382 12
1723719048245 0.11555898189544678 13
1723719069726 0.12301637977361679 14
1723719091500 0.12422638386487961 15
1723719113412 0.1396372765302658 16
1723719135128 0.13056674599647522 17
1723719156962 0.10998190939426422 18
1723719179388 0.0882142037153244 19
1723719201295 0.11762914806604385 20
1723719223028 0.12520430982112885 21
1723719244844 0.12523989379405975 22
1723719267094 0.12577982246875763 23
1723719288805 0.12403345853090286 24
1723719310515 0.11943358927965164 25
1723719332335 0.1227145791053772 26
1723719354025 0.11983411014080048 27
1723719375768 0.11891540139913559 28
1723719397341 0.10383746773004532 29
1723719419029 0.1292131543159485 30
1723719440404 0.1301567405462265 31
1723719461881 0.1344989389181137 32
1723719483413 0.11489497870206833 33
1723719504825 0.12049047648906708 34
1723719526435 0.12123195827007294 35
1723719547792 0.1284005343914032 36
1723719569191 0.12238297611474991 37
1723719590730 0.11233111470937729 38
1723719612296 0.133280411362648 39
1723719633569 0.11443337053060532 40
1723719655004 0.11023423075675964 41
1723719676493 0.11634568870067596 42
1723719697912 0.12243834137916565 43
1723719719354 0.10626590996980667 44
1723719741194 0.10821186006069183 45
1723719763010 0.11564178764820099 46
1723719784492 0.12829700112342834 47
1723719805786 0.11064769327640533 48
1723719827277 0.11731518805027008 49
1723719848601 0.12139494717121124 50
1723719870113 0.12336381524801254 51
1723719891300 0.11305824667215347 52
1723719912755 0.12346508353948593 53
1723719934063 0.13683126866817474 54
1723719955423 0.10621480643749237 55
1723719976768 0.1132214218378067 56
1723719997985 0.11253506690263748 57
1723720019391 0.11483383178710938 58
1723720040739 0.11327993124723434 59
1723720062073 0.11630631238222122 60
1723720083321 0.12471680343151093 61
1723720104473 0.12549568712711334 62
1723720126022 0.13434848189353943 63
1723720147442 0.1371896117925644 64
1723720169101 0.11700475960969925 65
1723720190530 0.10820931196212769 66
1723720211340 0.10397174209356308 67
1723720232668 0.11242623627185822 68
1723720253847 0.11212138086557388 69
1723720275192 0.13089466094970703 70
1723720296623 0.126481294631958 71
1723720317915 0.08922681957483292 72
1723720339312 0.11024142801761627 73
1723720360709 0.11552070826292038 74
1723720382383 0.09999128431081772 75
1723720403488 0.10264018923044205 76
1723720425152 0.12841959297657013 77
1723720446401 0.12446463108062744 78
1723720467831 0.12835216522216797 79
1723720489455 0.1408844143152237 80
1723720511316 0.12959906458854675 81
1723720532713 0.1230517327785492 82
1723720554072 0.11616425961256027 83
1723720575420 0.1232793852686882 84
1723720596775 0.11604331433773041 85
1723720618164 0.12135747820138931 86
1723720639672 0.1102401465177536 87
1723720661021 0.12176884710788727 88
1723720682322 0.12443210929632187 89
1723720703578 0.12595826387405396 90
1723720725047 0.1109449565410614 91
1723720746323 0.12438396364450455 92
1723720767696 0.10998816043138504 93
1723720789198 0.10713480412960052 94
1723720810713 0.11108197271823883 95
1723720832161 0.10249930620193481 96
1723720853573 0.10535267740488052 97
1723720874782 0.13256046175956726 98
1723720896396 0.12577195465564728 99
1723720917225 0.11600319296121597 100
1723720937774 0.093742236495018 101
1723720958244 0.10891424864530563 102
1723720978743 0.14254744350910187 103
1723720999343 0.12625367939472198 104
1723721019782 0.11765997856855392 105
1723721040240 0.1361277997493744 106
1723721060769 0.1220204159617424 107
1723721081187 0.10665961354970932 108
1723721101703 0.11396698653697968 109
1723721122193 0.11719075590372086 110
1723721142613 0.09243141114711761 111
1723721162981 0.12265587598085403 112
1723721183418 0.12380978465080261 113
1723721203996 0.10963743925094604 114
1723721224619 0.13751694560050964 115
1723721245102 0.10117536783218384 116
1723721265729 0.1380358189344406 117
1723721286108 0.10819881409406662 118
1723721306476 0.10749652981758118 119
1723721327124 0.10935814678668976 120
1723721347531 0.11940624564886093 121
1723721368011 0.1334945112466812 122
1723721388603 0.15194153785705566 123
1723721408896 0.11533094942569733 124
1723721429480 0.11328338086605072 125
1723721449992 0.10835371911525726 126
1723721470406 0.1303059160709381 127
1723721490910 0.0989854484796524 128
1723721511262 0.13397860527038574 129
1723721531581 0.12946078181266785 130
1723721552080 0.1354014128446579 131
1723721572588 0.13236269354820251 132
1723721592982 0.15048357844352722 133
1723721613676 0.12413658946752548 134
1723721634239 0.11953112483024597 135
1723721654666 0.12655894458293915 136
1723721675260 0.11771772801876068 137
1723721695789 0.14131799340248108 138
1723721716155 0.10949079692363739 139
1723721736529 0.1207323968410492 140
1723721756825 0.11823640018701553 141
1723721777112 0.1143760234117508 142
1723721797515 0.10905685275793076 143
1723721817717 0.14164920151233673 144
1723721838087 0.13506540656089783 145
1723721858281 0.11114080995321274 146
1723721878821 0.10213868319988251 147
1723721899087 0.13178078830242157 148
1723721919596 0.12322580814361572 149
1723721940106 0.1063418835401535 150
1723721960354 0.1181676909327507 151
1723721980636 0.1317450851202011 152
1723722000937 0.1095646321773529 153
1723722021248 0.11487538367509842 154
1723722041474 0.10118207335472107 155
1723722061853 0.13524211943149567 156
1723722082075 0.12391090393066406 157
1723722102358 0.11229196935892105 158
1723722122745 0.1257462352514267 159
1723722143086 0.10091018676757812 160
1723722164034 0.13683763146400452 161
1723722184401 0.12796880304813385 162
1723722204701 0.10919695347547531 163
1723722225185 0.09736475348472595 164
1723722245467 0.13804441690444946 165
1723722266145 0.11663695424795151 166
1723722286506 0.12077941745519638 167
1723722306805 0.1351424902677536 168
1723722327044 0.10405518114566803 169
1723722347605 0.13390550017356873 170
1723722368063 0.10062001645565033 171
1723722388223 0.11154457926750183 172
1723722408892 0.10628116875886917 173
1723722429199 0.1100383996963501 174
1723722449419 0.11183036118745804 175
1723722469674 0.10884960740804672 176
1723722489872 0.11428079754114151 177
1723722510450 0.10372214764356613 178
1723722530816 0.10932937264442444 179
1723722550933 0.12671299278736115 180
1723722571131 0.1376236230134964 181
1723722591480 0.11117438971996307 182
1723722611722 0.1127156913280487 183
1723722632030 0.12907738983631134 184
1723722652355 0.13480715453624725 185
1723722672742 0.10398315638303757 186
1723722693147 0.11481572687625885 187
1723722713412 0.1081346869468689 188
1723722733599 0.11315304040908813 189
1723722753847 0.11760116368532181 190
1723722774259 0.11358987540006638 191
1723722794555 0.12005781382322311 192
1723722814794 0.13866372406482697 193
1723722835062 0.12801282107830048 194
1723722855370 0.13166412711143494 195
1723722875757 0.12661395967006683 196
1723722896114 0.12752190232276917 197
1723722916488 0.11175835877656937 198
1723722937025 0.11022505164146423 199
1723722957376 0.12164685130119324 200
1723722977585 0.11392965912818909 201
1723722998000 0.11858532577753067 202
1723723018366 0.12108274549245834 203
1723723038580 0.12434772402048111 204
1723723059045 0.10813625156879425 205
1723723079235 0.10357756912708282 206
1723723099863 0.12493173778057098 207
1723723120079 0.13839052617549896 208
1723723140413 0.1236550360918045 209
1723723160686 0.10489156097173691 210
1723723180926 0.1149965450167656 211
1723723201196 0.13052453100681305 212
1723723221793 0.13244688510894775 213
1723723242029 0.11002802848815918 214
1723723262325 0.10475274175405502 215
1723723282598 0.11346299946308136 216
1723723302891 0.10965348035097122 217
1723723323122 0.12054641544818878 218
1723723343643 0.11623060703277588 219
1723723363835 0.11745642125606537 220
1723723384586 0.11568500101566315 221
1723723404809 0.11491230130195618 222
1723723424977 0.15205231308937073 223
1723723445199 0.10468006879091263 224
1723723465620 0.09333186596632004 225
1723723486130 0.1317080706357956 226
1723723506579 0.11045121401548386 227
1723723526976 0.11375907063484192 228
1723723547275 0.12033749371767044 229
1723723567661 0.11589140444993973 230
1723723587877 0.11894583702087402 231
1723723608225 0.11914185434579849 232
1723723628595 0.0880371704697609 233
1723723648743 0.12412021309137344 234
1723723669134 0.11069659143686295 235
1723723689634 0.124506875872612 236
1723723709951 0.11236279457807541 237
1723723730251 0.1138143390417099 238
1723723750651 0.13116352260112762 239
1723723770979 0.11523862183094025 240
1723723791628 0.13424862921237946 241
1723723811896 0.10643341392278671 242
1723723832125 0.13430742919445038 243
1723723852509 0.12786166369915009 244
1723723872651 0.10013797879219055 245
1723723892914 0.12200301885604858 246
1723723913236 0.11296220868825912 247
1723723933433 0.10538928955793381 248
1723723953878 0.13404351472854614 249
1723723974345 0.11207176744937897 250
1723723994587 0.11081477254629135 251
1723724014833 0.1282990723848343 252
1723724035121 0.11495084315538406 253
1723724055398 0.11210867762565613 254
1723724075739 0.11890372633934021 255
1723724096200 0.1297272890806198 256
1723724116616 0.10262567549943924 257
1723724136933 0.12448268383741379 258
1723724157288 0.11652898788452148 259
1723724177518 0.10412607342004776 260
1723724197992 0.13441972434520721 261
1723724218330 0.12075477093458176 262
1723724238733 0.1320558786392212 263
1723724258983 0.09286521375179291 264
1723724279207 0.1203298345208168 265
1723724299670 0.12646904587745667 266
1723724320020 0.1253749430179596 267
1723724340542 0.10947210341691971 268
1723724360739 0.10685503482818604 269
1723724381267 0.09697427600622177 270
1723724401462 0.13812319934368134 271
1723724421867 0.13586699962615967 272
1723724442515 0.11880647391080856 273
1723724462733 0.12844493985176086 274
1723724483440 0.11646504700183868 275
1723724503774 0.11696016043424606 276
1723724524097 0.09688583016395569 277
1723724544567 0.10068455338478088 278
1723724564966 0.11384199559688568 279
1723724585579 0.12479551136493683 280
1723724605976 0.12361142039299011 281
1723724626392 0.12610457837581635 282
1723724646859 0.11053432524204254 283
1723724667187 0.12351007759571075 284
1723724687554 0.11795012652873993 285
1723724707994 0.11898432672023773 286
1723724728656 0.11664669215679169 287
1723724749041 0.12267471849918365 288
1723724769540 0.15734942257404327 289
1723724789830 0.12819887697696686 290
1723724810372 0.1325109750032425 291
1723724830831 0.11777877807617188 292
1723724851328 0.10384474694728851 293
1723724871766 0.13123293220996857 294
1723724892230 0.12518823146820068 295
1723724912667 0.13345694541931152 296
1723724933050 0.12658335268497467 297
1723724953368 0.10268615186214447 298
1723724973753 0.12876218557357788 299
1723724994267 0.12158849090337753 300
1723725014824 0.10384760051965714 301
1723725035208 0.132833793759346 302
1723725055719 0.11201034486293793 303
1723725076268 0.11968959122896194 304
1723725096607 0.11437904834747314 305
1723725116949 0.14421886205673218 306
1723725137454 0.13744935393333435 307
1723725157770 0.11784875392913818 308
1723725178267 0.1163310632109642 309
1723725198666 0.12945306301116943 310
1723725219190 0.12324310094118118 311
1723725239601 0.1187189370393753 312
1723725260121 0.11944696307182312 313
1723725280676 0.10939101129770279 314
1723725300953 0.1232074424624443 315
1723725321411 0.1053217425942421 316
1723725341862 0.1144614890217781 317
1723725362274 0.11788258701562881 318
1723725382977 0.09883654862642288 319
1723725403454 0.11628041416406631 320
1723725424116 0.11839433759450912 321
1723725444594 0.1184101551771164 322
1723725464991 0.11777032911777496 323
1723725485334 0.12763237953186035 324
1723725505793 0.11652735620737076 325
1723725526168 0.11326945573091507 326
1723725546722 0.09965409338474274 327
1723725567254 0.11371348798274994 328
1723725587624 0.11185804754495621 329
1723725608022 0.14439263939857483 330
1723725628439 0.11322570592164993 331
1723725648907 0.09186951816082001 332
1723725669282 0.10922788828611374 333
1723725689624 0.13126328587532043 334
1723725709823 0.11607330292463303 335
1723725730071 0.12329646944999695 336
1723725750422 0.09833189845085144 337
1723725770629 0.11810518056154251 338
1723725790945 0.12129780650138855 339
1723725811141 0.10850192606449127 340
1723725831514 0.11723258346319199 341
1723725851800 0.11556442826986313 342
1723725872244 0.12795478105545044 343
1723725892616 0.1283957064151764 344
1723725913007 0.11944643408060074 345
1723725933298 0.11182966083288193 346
1723725953670 0.12481237202882767 347
1723725973893 0.12417745590209961 348
1723725994280 0.11965210735797882 349
1723726014906 0.12063230574131012 350
1723726035212 0.10718575119972229 351
1723726055440 0.11593462526798248 352
1723726075730 0.13491033017635345 353
1723726096270 0.10931354761123657 354
1723726116434 0.10187174379825592 355
1723726136906 0.1356991082429886 356
1723726157180 0.1081245020031929 357
1723726177573 0.11821598559617996 358
1723726198161 0.12075798958539963 359
1723726218616 0.11663829535245895 360
1723726239004 0.11775395274162292 361
1723726259257 0.10576999932527542 362
1723726279428 0.09822309762239456 363
1723726299905 0.11669348925352097 364
1723726320216 0.10050959885120392 365
1723726340388 0.10655767470598221 366
1723726360793 0.12478563189506531 367
1723726381110 0.12414352595806122 368
1723726401465 0.14640958607196808 369
1723726421788 0.12377572059631348 370
1723726442257 0.11839281022548676 371
1723726462455 0.10717761516571045 372
1723726482829 0.11573359370231628 373
1723726502959 0.12625817954540253 374
1723726523232 0.10535648465156555 375
1723726543602 0.14031864702701569 376
1723726564075 0.11452830582857132 377
1723726584381 0.11506719142198563 378
1723726604768 0.10253391414880753 379
1723726624990 0.11274322122335434 380
1723726645353 0.1191626489162445 381
1723726665744 0.12717850506305695 382
1723726686187 0.1297762095928192 383
1723726706441 0.09793047606945038 384
1723726727104 0.1142655685544014 385
1723726747271 0.11675122380256653 386
1723726767719 0.12176015973091125 387
1723726787974 0.11244791001081467 388
1723726808212 0.12346384674310684 389
1723726828577 0.13469526171684265 390
1723726848851 0.13054265081882477 391
1723726869026 0.1214660108089447 392
1723726889449 0.11963801831007004 393
1723726909634 0.1107693687081337 394
1723726929938 0.1128040999174118 395
1723726950163 0.12163642793893814 396
1723726970354 0.12345261126756668 397
1723726990950 0.11203078180551529 398
1723727011247 0.1232590302824974 399
1723727031514 0.09363668411970139 400
1723727052227 0.13128621876239777 401
1723727072492 0.11762029677629471 402
1723727092715 0.11010263115167618 403
1723727113001 0.11395636200904846 404
1723727133279 0.1376851499080658 405
1723727153558 0.13156577944755554 406
1723727173983 0.13129395246505737 407
1723727194202 0.11252200603485107 408
1723727214729 0.1162787675857544 409
1723727234950 0.10675657540559769 410
1723727255290 0.11855539679527283 411
1723727275521 0.10747179388999939 412
1723727296019 0.12026775628328323 413
1723727316372 0.13268113136291504 414
1723727336676 0.0997404009103775 415
1723727356982 0.10696764290332794 416
1723727377139 0.10998398065567017 417
1723727397311 0.11366336047649384 418
1723727417883 0.11784619837999344 419
1723727438222 0.12123081088066101 420
1723727458650 0.11989302188158035 421
1723727478991 0.11499010026454926 422
1723727499209 0.1513630598783493 423
1723727519522 0.11764607578516006 424
1723727539785 0.12164482474327087 425
1723727559958 0.1365746706724167 426
1723727580185 0.11361657828092575 427
1723727600588 0.10820881277322769 428
1723727620912 0.11542264372110367 429
1723727641216 0.1149410605430603 430
1723727661402 0.13403548300266266 431
1723727681774 0.10336018353700638 432
1723727702261 0.10927236080169678 433
1723727722401 0.11490856111049652 434
1723727742641 0.1270865648984909 435
1723727762827 0.10695303976535797 436
1723727783125 0.11481376737356186 437
1723727803430 0.10881335288286209 438
1723727823677 0.14556379616260529 439
1723727844030 0.1254563331604004 440
1723727864377 0.10697468370199203 441
1723727884733 0.1334565281867981 442
1723727904917 0.11631454527378082 443
1723727925132 0.12617067992687225 444
1723727945348 0.11270313709974289 445
1723727965440 0.1166367456316948 446
1723727985724 0.1312485784292221 447
1723728005915 0.102201446890831 448
1723728026134 0.10930560529232025 449
1723728046460 0.12173014134168625 450
1723728067101 0.11935560405254364 451
1723728087500 0.13831810653209686 452
1723728107731 0.12431146204471588 453
1723728127928 0.11572405695915222 454
1723728148307 0.11684026569128036 455
1723728168499 0.1161004826426506 456
1723728188733 0.09391619265079498 457
1723728209103 0.11505937576293945 458
1723728229363 0.11029568314552307 459
1723728249494 0.12452954798936844 460
1723728269845 0.11581972241401672 461
1723728290229 0.10864440351724625 462
1723728310467 0.10594672709703445 463
1723728330735 0.12884365022182465 464
1723728350991 0.12281238287687302 465
1723728371130 0.10409305989742279 466
1723728391911 0.11726979166269302 467
1723728412061 0.12052793055772781 468
1723728432271 0.0892760381102562 469
1723728452604 0.11854960769414902 470
1723728472973 0.12299719452857971 471
1723728493124 0.10758864879608154 472
1723728513494 0.13658417761325836 473
1723728534807 0.10463428497314453 474
1723728555476 0.12591776251792908 475
1723728575851 0.10805242508649826 476
1723728596194 0.11823592334985733 477
1723728616625 0.11788967251777649 478
1723728636954 0.12979362905025482 479
1723728657192 0.10203620791435242 480
1723728677941 0.11897139251232147 481
1723728698100 0.11126109212636948 482
1723728718374 0.11217519640922546 483
1723728738782 0.09870999306440353 484
1723728759099 0.10400625318288803 485
1723728779406 0.1120464950799942 486
1723728799668 0.10881679505109787 487
1723728820167 0.11112599819898605 488
1723728840482 0.09238479286432266 489
1723728860670 0.11643020808696747 490
1723728881135 0.12841808795928955 491
1723728901522 0.13782033324241638 492
1723728922034 0.10294164717197418 493
1723728942371 0.11353044211864471 494
1723728962883 0.12272050231695175 495
1723728983121 0.11631409078836441 496
1723729003386 0.11043201386928558 497
1723729023628 0.12352005392313004 498
1723729043934 0.11120524257421494 499
