1723932074898 0.22821125388145447 0
1723932098730 0.15104354918003082 1
1723932121254 0.47959092259407043 2
1723932143456 0.1869274526834488 3
1723932165745 0.17483368515968323 4
1723932187972 0.14456138014793396 5
1723932210188 0.12227192521095276 6
1723932232906 0.18288260698318481 7
1723932255155 0.163400799036026 8
1723932277789 0.14390632510185242 9
1723932300106 0.14070424437522888 10
1723932322949 0.14448748528957367 11
1723932345292 0.14254982769489288 12
1723932368354 0.1186949610710144 13
1723932390899 0.12076129019260406 14
1723932415085 0.11836475133895874 15
1723932437877 0.13800974190235138 16
1723932460927 0.1697230339050293 17
1723932483653 0.14600229263305664 18
1723932507777 0.15267342329025269 19
1723932530499 0.17737829685211182 20
1723932553681 0.13190555572509766 21
1723932576467 0.1315496265888214 22
1723932599617 0.14624299108982086 23
1723932622288 0.13466520607471466 24
1723932645417 0.15649491548538208 25
1723932668388 0.14063605666160583 26
1723932691600 0.12429993599653244 27
1723932714612 0.1276942640542984 28
1723932738081 0.13847994804382324 29
1723932760928 0.1224052906036377 30
1723932784386 0.15224529802799225 31
1723932807233 0.11403097957372665 32
1723932830471 0.14541223645210266 33
1723932853273 0.136638805270195 34
1723932876816 0.12811608612537384 35
1723932899925 0.1656172275543213 36
1723932924049 0.1543455719947815 37
1723932949016 0.14113618433475494 38
1723932972234 0.14776192605495453 39
1723932995186 0.16130411624908447 40
1723933018537 0.15986081957817078 41
1723933041490 0.16641071438789368 42
1723933064711 0.11808475852012634 43
1723933087844 0.1295754611492157 44
1723933111165 0.13132381439208984 45
1723933134137 0.17001725733280182 46
1723933157914 0.1513141244649887 47
1723933181991 0.13908419013023376 48
1723933206623 0.15225288271903992 49
1723933229630 0.13684415817260742 50
1723933253083 0.16500331461429596 51
1723933275972 0.1114545613527298 52
1723933299268 0.13585951924324036 53
1723933322064 0.1255193054676056 54
1723933345399 0.1598120629787445 55
1723933368401 0.12712912261486053 56
1723933391712 0.11754808574914932 57
1723933414561 0.1551837921142578 58
1723933438008 0.11725004017353058 59
1723933460967 0.16006556153297424 60
1723933484248 0.1121194064617157 61
1723933507215 0.12503370642662048 62
1723933530547 0.18502406775951385 63
1723933553581 0.125506192445755 64
1723933576916 0.15544366836547852 65
1723933599897 0.120011106133461 66
1723933623212 0.12755495309829712 67
1723933646188 0.12371602654457092 68
1723933669624 0.1336730718612671 69
1723933692577 0.12958988547325134 70
1723933715897 0.16485977172851562 71
1723933738858 0.12087789177894592 72
1723933762178 0.16040807962417603 73
1723933785082 0.1856020987033844 74
1723933808574 0.13342514634132385 75
1723933831452 0.1401626318693161 76
1723933854806 0.13183417916297913 77
1723933877597 0.12525083124637604 78
1723933900938 0.14271141588687897 79
1723933923816 0.13844388723373413 80
1723933947425 0.13807068765163422 81
1723933970327 0.13841627538204193 82
1723933993630 0.143163800239563 83
1723934016546 0.15708541870117188 84
1723934039918 0.14520861208438873 85
1723934062761 0.11491990089416504 86
1723934085930 0.16323019564151764 87
1723934108885 0.14876115322113037 88
1723934132098 0.12219671905040741 89
1723934155024 0.14336028695106506 90
1723934178258 0.13351938128471375 91
1723934201308 0.13174059987068176 92
1723934224733 0.14478491246700287 93
1723934247654 0.1195898950099945 94
1723934271102 0.15229076147079468 95
1723934293786 0.1257229894399643 96
1723934317184 0.13490445911884308 97
1723934339972 0.12492301315069199 98
1723934363323 0.1611321121454239 99
1723934386101 0.15141567587852478 100
1723934409448 0.10666769742965698 101
1723934432322 0.1664087474346161 102
1723934455696 0.12541742622852325 103
1723934478571 0.13770022988319397 104
1723934501954 0.15635137259960175 105
1723934524757 0.1273379623889923 106
1723934547992 0.15879394114017487 107
1723934570919 0.15537609159946442 108
1723934594186 0.12445312738418579 109
1723934617084 0.15243542194366455 110
1723934640294 0.12995398044586182 111
1723934663223 0.12319691479206085 112
1723934686426 0.1494816243648529 113
1723934709347 0.1412867158651352 114
1723934732636 0.14013466238975525 115
1723934755597 0.13941586017608643 116
1723934778823 0.1556650549173355 117
1723934801822 0.13281893730163574 118
1723934825165 0.15608185529708862 119
1723934847998 0.13435164093971252 120
1723934871457 0.1613558530807495 121
1723934894484 0.14635589718818665 122
1723934917807 0.15556217730045319 123
1723934940897 0.13302189111709595 124
1723934964115 0.15884943306446075 125
1723934987042 0.12394802272319794 126
1723935010435 0.13327330350875854 127
1723935033426 0.13978317379951477 128
1723935056765 0.1306864470243454 129
1723935079753 0.14133742451667786 130
1723935103027 0.1470073163509369 131
1723935125955 0.13216988742351532 132
1723935149432 0.13447734713554382 133
1723935172472 0.12164749205112457 134
1723935195875 0.1192598044872284 135
1723935218891 0.13139338791370392 136
1723935242109 0.162377268075943 137
1723935265015 0.1174875870347023 138
1723935288151 0.1482122242450714 139
1723935311264 0.12810304760932922 140
1723935334624 0.1407630741596222 141
1723935357562 0.125387042760849 142
1723935380778 0.1251015067100525 143
1723935403684 0.15773990750312805 144
1723935426965 0.1425725519657135 145
1723935449762 0.13073775172233582 146
1723935472991 0.1386755108833313 147
1723935496011 0.14208877086639404 148
1723935519411 0.16607344150543213 149
1723935542368 0.10669119656085968 150
1723935565596 0.14119525253772736 151
1723935588650 0.13433079421520233 152
1723935614264 0.12644870579242706 153
1723935637313 0.167819082736969 154
1723935660680 0.16092562675476074 155
1723935683563 0.1670295000076294 156
1723935707740 0.15773355960845947 157
1723935730585 0.1345806121826172 158
1723935753874 0.1440291404724121 159
1723935777147 0.16039733588695526 160
1723935801170 0.11605837941169739 161
1723935824099 0.1332128643989563 162
1723935847406 0.17033421993255615 163
1723935870505 0.15883159637451172 164
1723935893880 0.14477626979351044 165
1723935916833 0.15144707262516022 166
1723935941040 0.1624222844839096 167
1723935964175 0.13779498636722565 168
1723935987566 0.1354653686285019 169
1723936010483 0.13769838213920593 170
1723936034730 0.16489127278327942 171
1723936057519 0.1304742395877838 172
1723936080838 0.14223754405975342 173
1723936105322 0.14704395830631256 174
1723936128593 0.1386416256427765 175
1723936152439 0.160180002450943 176
1723936175742 0.14159122109413147 177
1723936198828 0.14347505569458008 178
1723936223174 0.1425916999578476 179
1723936246385 0.12280576676130295 180
1723936269858 0.11503428220748901 181
1723936292936 0.12212848663330078 182
1723936316197 0.1807359904050827 183
1723936339146 0.1442027986049652 184
1723936362599 0.15986938774585724 185
1723936385583 0.129095196723938 186
1723936408939 0.13967829942703247 187
1723936431825 0.1456032544374466 188
1723936455254 0.13811977207660675 189
1723936478209 0.1280107945203781 190
1723936501566 0.11856645345687866 191
1723936524590 0.14927980303764343 192
1723936548113 0.13736999034881592 193
1723936570963 0.13543230295181274 194
1723936594264 0.12457984685897827 195
1723936617207 0.11600307375192642 196
1723936640528 0.11539386212825775 197
1723936663396 0.1327705830335617 198
1723936686611 0.13179059326648712 199
1723936709525 0.1260644793510437 200
1723936732806 0.15225446224212646 201
1723936755681 0.11957957595586777 202
1723936778992 0.1242239847779274 203
1723936801992 0.14388978481292725 204
1723936825281 0.11594992876052856 205
1723936848268 0.14898021519184113 206
1723936871648 0.1513347178697586 207
1723936894421 0.11573785543441772 208
1723936917827 0.12271542847156525 209
1723936940662 0.13321775197982788 210
1723936964037 0.14377382397651672 211
1723936986881 0.14503060281276703 212
1723937010311 0.15639996528625488 213
1723937033193 0.13636450469493866 214
1723937056513 0.15156902372837067 215
1723937079485 0.14786776900291443 216
1723937102708 0.15545395016670227 217
1723937125645 0.13269850611686707 218
1723937149004 0.1228070855140686 219
1723937171972 0.13282392919063568 220
1723937195347 0.1095513105392456 221
1723937218392 0.16145262122154236 222
1723937241753 0.11841379851102829 223
1723937264895 0.1417504847049713 224
1723937288217 0.15664707124233246 225
1723937311213 0.11375657469034195 226
1723937334376 0.15117818117141724 227
1723937357368 0.1511078178882599 228
1723937380844 0.1442900151014328 229
1723937403697 0.13010290265083313 230
1723937427149 0.15827663242816925 231
1723937450094 0.11308279633522034 232
1723937473493 0.12181021273136139 233
1723937496462 0.16610845923423767 234
1723937519758 0.13491004705429077 235
1723937542827 0.11879721283912659 236
1723937566192 0.1349737048149109 237
1723937589093 0.13857850432395935 238
1723937612360 0.13466821610927582 239
1723937635570 0.1321597397327423 240
1723937659272 0.12024794518947601 241
1723937682178 0.1477527916431427 242
1723937705663 0.12292212247848511 243
1723937728522 0.1334550380706787 244
1723937751763 0.11201392114162445 245
1723937774734 0.1551068276166916 246
1723937798153 0.12502066791057587 247
1723937821122 0.16848984360694885 248
1723937844208 0.14175665378570557 249
1723937867254 0.12160982191562653 250
1723937890630 0.1452484130859375 251
1723937913715 0.1275598108768463 252
1723937936971 0.11428457498550415 253
1723937959824 0.13346625864505768 254
1723937983269 0.1420743316411972 255
1723938010980 0.16624915599822998 256
1723938036097 0.15750566124916077 257
1723938058964 0.16764385998249054 258
1723938083824 0.15934781730175018 259
1723938107011 0.18338340520858765 260
1723938130292 0.1261185109615326 261
1723938153220 0.11310334503650665 262
1723938176665 0.15655843913555145 263
1723938199643 0.13784295320510864 264
1723938223533 0.12994924187660217 265
1723938246837 0.13224366307258606 266
1723938270165 0.12395764887332916 267
1723938293665 0.1421157568693161 268
1723938317060 0.1685875505208969 269
1723938339915 0.1683497428894043 270
1723938364343 0.14496751129627228 271
1723938387444 0.16078674793243408 272
1723938410726 0.13809479773044586 273
1723938434094 0.14022549986839294 274
1723938457514 0.11667115986347198 275
1723938480547 0.13994497060775757 276
1723938503977 0.12774525582790375 277
1723938527368 0.13530026376247406 278
1723938550789 0.136838898062706 279
1723938573554 0.18798334896564484 280
1723938598843 0.11835423111915588 281
1723938621788 0.16323506832122803 282
1723938645171 0.13095931708812714 283
1723938668561 0.118898905813694 284
1723938692053 0.129671111702919 285
1723938716170 0.14874719083309174 286
1723938740209 0.13776445388793945 287
1723938763388 0.1222577765583992 288
1723938787392 0.13855572044849396 289
1723938810320 0.1359192132949829 290
1723938833576 0.14680799841880798 291
1723938856453 0.14078882336616516 292
1723938879865 0.1351509988307953 293
1723938902678 0.16020192205905914 294
1723938926707 0.11953016370534897 295
1723938950130 0.1420813798904419 296
1723938973466 0.11054103076457977 297
1723938996547 0.12768755853176117 298
1723939019770 0.14037495851516724 299
1723939042598 0.14306576550006866 300
1723939065848 0.1324073225259781 301
1723939088707 0.14213913679122925 302
1723939112582 0.14682935178279877 303
1723939135605 0.1341473013162613 304
1723939159078 0.12066321074962616 305
1723939182019 0.13165277242660522 306
1723939205261 0.1393505185842514 307
1723939228188 0.12122736871242523 308
1723939252842 0.11902111023664474 309
1723939275924 0.14870212972164154 310
1723939299326 0.14604245126247406 311
1723939322356 0.12093396484851837 312
1723939345674 0.15103042125701904 313
1723939368862 0.13887691497802734 314
1723939392252 0.13306860625743866 315
1723939415033 0.11134892702102661 316
1723939438371 0.13314375281333923 317
1723939461363 0.14131192862987518 318
1723939484705 0.14625415205955505 319
1723939507453 0.14375318586826324 320
1723939531259 0.15557438135147095 321
1723939554039 0.11615154892206192 322
1723939577287 0.10685137659311295 323
1723939600134 0.14802312850952148 324
1723939623543 0.13768677413463593 325
1723939646649 0.12106113135814667 326
1723939669969 0.12777593731880188 327
1723939693302 0.11329451948404312 328
1723939716703 0.14095664024353027 329
1723939739672 0.17036496102809906 330
1723939762891 0.1436842679977417 331
1723939785703 0.1269548237323761 332
1723939808938 0.13483595848083496 333
1723939831953 0.12933430075645447 334
1723939855429 0.16220130026340485 335
1723939878313 0.12708035111427307 336
1723939901507 0.1545432060956955 337
1723939924686 0.12755198776721954 338
1723939947903 0.13401104509830475 339
1723939970780 0.14028269052505493 340
1723939994298 0.13157790899276733 341
1723940017225 0.13505877554416656 342
1723940040577 0.1654512882232666 343
1723940063460 0.11721157282590866 344
1723940086670 0.12805673480033875 345
1723940109511 0.14235398173332214 346
1723940132764 0.17078568041324615 347
1723940155639 0.14647355675697327 348
1723940179045 0.13948039710521698 349
1723940201889 0.12642280757427216 350
1723940225238 0.15819978713989258 351
1723940248265 0.1371278017759323 352
1723940271825 0.1433391571044922 353
1723940294677 0.15885259211063385 354
1723940318102 0.11898910254240036 355
1723940341005 0.16843992471694946 356
1723940364326 0.13479261100292206 357
1723940387240 0.12526044249534607 358
1723940410498 0.13236913084983826 359
1723940433598 0.1219034269452095 360
1723940456809 0.12533380091190338 361
1723940479935 0.13739699125289917 362
1723940503238 0.13693402707576752 363
1723940526036 0.09413430094718933 364
1723940549411 0.15241855382919312 365
1723940572223 0.1479610800743103 366
1723940595666 0.13760881125926971 367
1723940618762 0.13658474385738373 368
1723940642254 0.10389348864555359 369
1723940665027 0.14577320218086243 370
1723940688473 0.12955686450004578 371
1723940711358 0.12914133071899414 372
1723940734774 0.1306062936782837 373
1723940757662 0.12921571731567383 374
1723940781171 0.15627576410770416 375
1723940804011 0.12793007493019104 376
1723940827339 0.1351040005683899 377
1723940850261 0.17335939407348633 378
1723940873637 0.1389661431312561 379
1723940896527 0.11933779716491699 380
1723940919771 0.13132649660110474 381
1723940942652 0.14881788194179535 382
1723940965875 0.15485675632953644 383
1723940989073 0.13128063082695007 384
1723941012337 0.14934617280960083 385
1723941035349 0.12787193059921265 386
1723941058619 0.13770847022533417 387
1723941081664 0.12997061014175415 388
1723941105010 0.10693980753421783 389
1723941128053 0.13518689572811127 390
1723941151303 0.13366468250751495 391
1723941174377 0.1337447464466095 392
1723941197826 0.1237955242395401 393
1723941220822 0.16609883308410645 394
1723941244375 0.10505925863981247 395
1723941267430 0.12939783930778503 396
1723941290900 0.13687114417552948 397
1723941313868 0.1612551212310791 398
1723941337408 0.1497807651758194 399
1723941360204 0.1728283166885376 400
1723941383899 0.130711168050766 401
1723941406720 0.14080210030078888 402
1723941430108 0.16902336478233337 403
1723941453061 0.13622264564037323 404
1723941476320 0.16807179152965546 405
1723941499324 0.13462267816066742 406
1723941522520 0.1302676796913147 407
1723941545501 0.14079615473747253 408
1723941568790 0.1572413593530655 409
1723941591803 0.15030254423618317 410
1723941614992 0.12208475917577744 411
1723941637974 0.13450685143470764 412
1723941661234 0.11707307398319244 413
1723941684172 0.14273712038993835 414
1723941707860 0.16448046267032623 415
1723941730773 0.14999260008335114 416
1723941753984 0.14848896861076355 417
1723941776772 0.13279372453689575 418
1723941800140 0.1565282940864563 419
1723941822945 0.12509292364120483 420
1723941846316 0.11353844404220581 421
1723941869109 0.1388871669769287 422
1723941892468 0.14715968072414398 423
1723941915453 0.18262715637683868 424
1723941938882 0.16102778911590576 425
1723941961945 0.15284904837608337 426
1723941985171 0.1384936273097992 427
1723942008220 0.13131941854953766 428
1723942031468 0.1403825730085373 429
1723942054364 0.12750761210918427 430
1723942077637 0.138837993144989 431
1723942100772 0.1361938863992691 432
1723942124214 0.16529861092567444 433
1723942147231 0.12117575109004974 434
1723942170553 0.1443375051021576 435
1723942193313 0.12536883354187012 436
1723942216694 0.12933818995952606 437
1723942239538 0.16538187861442566 438
1723942262865 0.14863920211791992 439
1723942285960 0.1296929121017456 440
1723942309395 0.17107555270195007 441
1723942332247 0.11924061179161072 442
1723942355515 0.15508177876472473 443
1723942378343 0.1424134373664856 444
1723942401834 0.128758504986763 445
1723942424833 0.12533974647521973 446
1723942448095 0.12429296225309372 447
1723942470974 0.13510669767856598 448
1723942494208 0.13261228799819946 449
1723942517217 0.12313012033700943 450
1723942540506 0.14512953162193298 451
1723942563497 0.12723810970783234 452
1723942586786 0.151907280087471 453
1723942609612 0.11769253760576248 454
1723942633115 0.15098132193088531 455
1723942656075 0.1505199819803238 456
1723942679338 0.14598828554153442 457
1723942702373 0.12642067670822144 458
1723942725474 0.1490449160337448 459
1723942748419 0.11771399527788162 460
1723942771583 0.1399519145488739 461
1723942794468 0.1174130067229271 462
1723942817907 0.14463180303573608 463
1723942841012 0.10844634473323822 464
1723942864364 0.12979212403297424 465
1723942887303 0.11984778195619583 466
1723942910723 0.11367785185575485 467
1723942933669 0.15832069516181946 468
1723942957106 0.14485198259353638 469
1723942980067 0.10409054905176163 470
1723943003450 0.18725332617759705 471
1723943026489 0.13422322273254395 472
1723943049863 0.1296626627445221 473
1723943072770 0.09334008395671844 474
1723943096120 0.12934236228466034 475
1723943119245 0.15406286716461182 476
1723943142512 0.1532607227563858 477
1723943165390 0.1359919309616089 478
1723943188664 0.12757384777069092 479
1723943211770 0.11731598526239395 480
1723943235330 0.15490221977233887 481
1723943258162 0.15250293910503387 482
1723943281472 0.15429896116256714 483
1723943304333 0.15983115136623383 484
1723943327596 0.13280662894248962 485
1723943350496 0.1305275708436966 486
1723943374050 0.13753633201122284 487
1723943397042 0.13168568909168243 488
1723943420433 0.10145397484302521 489
1723943443362 0.15631672739982605 490
1723943466736 0.13038699328899384 491
1723943489480 0.1341637670993805 492
1723943512753 0.13145872950553894 493
1723943535651 0.18048065900802612 494
1723943560081 0.14639544486999512 495
1723943583987 0.12512493133544922 496
1723943607524 0.13700929284095764 497
1723943632940 0.1502257138490677 498
1723943658364 0.1118915006518364 499
1723943681229 0.12415830045938492 500
1723943704546 0.1404837667942047 501
1723943727461 0.12988905608654022 502
1723943750768 0.13142231106758118 503
1723943773620 0.14082787930965424 504
1723943796893 0.1348761022090912 505
1723943819640 0.16261211037635803 506
1723943843111 0.15364471077919006 507
1723943865994 0.13258974254131317 508
1723943889448 0.14489635825157166 509
1723943912182 0.14458072185516357 510
1723943935502 0.11625972390174866 511
1723943958635 0.12823893129825592 512
1723943981924 0.13826432824134827 513
1723944004940 0.13615353405475616 514
1723944028218 0.11837269365787506 515
1723944051057 0.15662896633148193 516
1723944074370 0.14320452511310577 517
1723944097275 0.12411194294691086 518
1723944120549 0.19512945413589478 519
1723944143432 0.12782448530197144 520
1723944166611 0.16187794506549835 521
1723944189744 0.12801024317741394 522
1723944213064 0.12494415044784546 523
1723944236025 0.15181225538253784 524
1723944259205 0.1295672059059143 525
1723944282017 0.15514498949050903 526
1723944305421 0.1462627798318863 527
1723944328415 0.15208502113819122 528
1723944352013 0.13307088613510132 529
1723944374892 0.14105498790740967 530
1723944398253 0.12531878054141998 531
1723944421116 0.1553618162870407 532
1723944444462 0.13966147601604462 533
1723944467349 0.13477367162704468 534
1723944490638 0.14287924766540527 535
1723944513524 0.15129855275154114 536
1723944536813 0.1374947428703308 537
1723944559758 0.1453980803489685 538
1723944583110 0.14102455973625183 539
1723944606005 0.2116251289844513 540
1723944629384 0.16014692187309265 541
1723944652447 0.11498194187879562 542
1723944676017 0.1259130835533142 543
1723944698907 0.14249376952648163 544
1723944722227 0.15404143929481506 545
1723944745219 0.171505868434906 546
1723944768602 0.12918874621391296 547
1723944791339 0.16509538888931274 548
1723944814571 0.12146647274494171 549
1723944837475 0.14141950011253357 550
1723944860796 0.13053779304027557 551
1723944883797 0.13547460734844208 552
1723944907101 0.1279718279838562 553
1723944929984 0.16897425055503845 554
1723944953327 0.14238697290420532 555
1723944976015 0.12934085726737976 556
1723944999363 0.14785030484199524 557
1723945022179 0.139571413397789 558
1723945045570 0.12776178121566772 559
1723945068492 0.12670199573040009 560
1723945091903 0.1318359673023224 561
1723945114617 0.14638680219650269 562
1723945138009 0.12285955995321274 563
1723945160828 0.13681308925151825 564
1723945184414 0.1489419937133789 565
1723945207445 0.1534883975982666 566
1723945230736 0.11716024577617645 567
1723945253625 0.1264517903327942 568
1723945277112 0.18578395247459412 569
1723945300184 0.13137522339820862 570
1723945323483 0.15289101004600525 571
1723945346429 0.1443544179201126 572
1723945369640 0.14253029227256775 573
1723945392577 0.1533845216035843 574
1723945415874 0.14815887808799744 575
1723945438765 0.13555893301963806 576
1723945462046 0.16307559609413147 577
1723945484952 0.13241073489189148 578
1723945508092 0.13590314984321594 579
1723945530983 0.13575786352157593 580
1723945554460 0.12609630823135376 581
1723945577363 0.1406247764825821 582
1723945600764 0.1456240713596344 583
1723945623717 0.14400054514408112 584
1723945647077 0.12924037873744965 585
1723945670179 0.1252305507659912 586
1723945693639 0.14660599827766418 587
1723945716522 0.13172860443592072 588
1723945739811 0.16643714904785156 589
1723945762821 0.12598246335983276 590
1723945786185 0.11237775534391403 591
1723945809178 0.15238694846630096 592
1723945832475 0.14993423223495483 593
1723945855429 0.12606099247932434 594
1723945878686 0.14171259105205536 595
1723945901764 0.13138902187347412 596
1723945924983 0.11950600147247314 597
1723945947870 0.11531662940979004 598
1723945970998 0.1360977441072464 599
1723945993857 0.1448972523212433 600
1723946017139 0.13007399439811707 601
1723946040256 0.1324881613254547 602
1723946063732 0.14226184785366058 603
1723946086689 0.13991284370422363 604
1723946110052 0.1930822879076004 605
1723946132889 0.11007824540138245 606
1723946156506 0.1615988165140152 607
1723946179412 0.14433825016021729 608
1723946202709 0.11321398615837097 609
1723946225655 0.1301003396511078 610
1723946248864 0.13145558536052704 611
1723946271857 0.1455078125 612
1723946295131 0.14570815861225128 613
1723946318212 0.1322440356016159 614
1723946341584 0.1305651217699051 615
1723946364498 0.15482297539710999 616
1723946387792 0.12540651857852936 617
1723946410794 0.13043320178985596 618
1723946433967 0.13465756177902222 619
1723946456888 0.14371098577976227 620
1723946480380 0.15598459541797638 621
1723946503270 0.13628476858139038 622
1723946526623 0.143426775932312 623
1723946549669 0.12255270779132843 624
1723946573091 0.15250881016254425 625
1723946596065 0.1518077850341797 626
1723946619400 0.13252389430999756 627
1723946642349 0.12116244435310364 628
1723946665685 0.13488051295280457 629
1723946688489 0.12193337082862854 630
1723946711856 0.14656591415405273 631
1723946734807 0.1280028223991394 632
1723946758135 0.12761065363883972 633
1723946781114 0.13133850693702698 634
1723946804599 0.16616210341453552 635
1723946827595 0.11575649678707123 636
1723946850949 0.13195855915546417 637
1723946873887 0.17925487458705902 638
1723946897338 0.10802728682756424 639
1723946920378 0.14263004064559937 640
1723946943676 0.14293745160102844 641
1723946966544 0.12798133492469788 642
1723946989981 0.1417333483695984 643
1723947012950 0.11766508221626282 644
1723947036327 0.14196880161762238 645
1723947059300 0.12929116189479828 646
1723947082575 0.10788891464471817 647
1723947105573 0.12747731804847717 648
1723947128747 0.14420345425605774 649
1723947151574 0.13023963570594788 650
1723947174934 0.12498617172241211 651
1723947198007 0.14008857309818268 652
1723947221364 0.14946512877941132 653
1723947244254 0.11318039149045944 654
1723947267525 0.10712838917970657 655
1723947290382 0.11661837995052338 656
1723947313598 0.12282609194517136 657
1723947336395 0.14043228328227997 658
1723947359742 0.1126023530960083 659
1723947382637 0.13197706639766693 660
1723947406320 0.12217730283737183 661
1723947429176 0.1526745855808258 662
1723947452473 0.11596426367759705 663
1723947475441 0.1336117386817932 664
1723947498762 0.14007419347763062 665
1723947521793 0.14696934819221497 666
1723947545168 0.14543300867080688 667
1723947568005 0.17920038104057312 668
1723947591293 0.14469438791275024 669
1723947614146 0.1646583080291748 670
1723947637371 0.13559900224208832 671
1723947660301 0.13691499829292297 672
1723947683612 0.13928814232349396 673
1723947706573 0.14428900182247162 674
1723947730472 0.1379161924123764 675
1723947754637 0.12741994857788086 676
1723947778150 0.15295086801052094 677
1723947801012 0.11837729066610336 678
1723947824395 0.14619441330432892 679
1723947847364 0.1294267177581787 680
1723947870762 0.1398388296365738 681
1723947893762 0.14436936378479004 682
1723947917138 0.12779563665390015 683
1723947940043 0.11965443193912506 684
1723947963414 0.11949143558740616 685
1723947986306 0.15313103795051575 686
1723948009731 0.14388097822666168 687
1723948032887 0.13835009932518005 688
1723948056121 0.137542724609375 689
1723948079003 0.12408672273159027 690
1723948102457 0.13569191098213196 691
1723948125395 0.18682123720645905 692
1723948148869 0.13483001291751862 693
1723948171918 0.13855330646038055 694
1723948195145 0.1365240067243576 695
1723948218027 0.12534299492835999 696
1723948241254 0.16113798320293427 697
1723948264318 0.1609627902507782 698
1723948287657 0.13121812045574188 699
1723948310616 0.16079650819301605 700
1723948333937 0.15339352190494537 701
1723948356808 0.1372358351945877 702
1723948380306 0.14674438536167145 703
1723948403073 0.16451582312583923 704
1723948426426 0.13984078168869019 705
1723948449283 0.13293671607971191 706
1723948472722 0.1429939866065979 707
1723948495442 0.1282358020544052 708
1723948518754 0.14982613921165466 709
1723948541714 0.1314258575439453 710
1723948564949 0.11833731830120087 711
1723948587993 0.16066443920135498 712
1723948611441 0.14353273808956146 713
1723948634448 0.1389378309249878 714
1723948657747 0.12366138398647308 715
1723948680636 0.13572148978710175 716
1723948703870 0.15334635972976685 717
1723948726714 0.1380687952041626 718
1723948749870 0.12637275457382202 719
1723948772855 0.11215416342020035 720
1723948796144 0.12770192325115204 721
1723948819151 0.1621468961238861 722
1723948842534 0.14450299739837646 723
1723948865409 0.1114204078912735 724
1723948888754 0.13894180953502655 725
1723948911472 0.1299959421157837 726
1723948934883 0.14608779549598694 727
1723948957591 0.12429369986057281 728
1723948980917 0.1521579623222351 729
1723949003737 0.1295514553785324 730
1723949027026 0.1500350534915924 731
1723949050000 0.1449195146560669 732
1723949073378 0.14185652136802673 733
1723949096221 0.14403891563415527 734
1723949119538 0.14451037347316742 735
1723949142839 0.12765537202358246 736
1723949166112 0.17044731974601746 737
1723949189057 0.1409740149974823 738
1723949212304 0.15566647052764893 739
1723949235295 0.13974536955356598 740
1723949258706 0.15955989062786102 741
1723949281588 0.14275701344013214 742
1723949304901 0.13327325880527496 743
1723949327960 0.1365746259689331 744
1723949351112 0.14290237426757812 745
1723949374026 0.1298433244228363 746
1723949397252 0.1343534290790558 747
1723949420300 0.1278517097234726 748
1723949443518 0.1184115931391716 749
1723949466455 0.1227862685918808 750
1723949490010 0.1275559663772583 751
1723949512932 0.12935905158519745 752
1723949536340 0.12145571410655975 753
1723949559041 0.15534892678260803 754
1723949582455 0.14490337669849396 755
1723949605244 0.16765715181827545 756
1723949628611 0.15629754960536957 757
1723949651510 0.15676914155483246 758
1723949674689 0.13425245881080627 759
1723949697755 0.15375187993049622 760
1723949721188 0.15310925245285034 761
1723949744303 0.14383076131343842 762
1723949767617 0.16225622594356537 763
1723949790581 0.12344755232334137 764
1723949813838 0.12270857393741608 765
1723949836744 0.1425844132900238 766
1723949859884 0.1590156853199005 767
1723949882759 0.11825194209814072 768
1723949905908 0.1264655590057373 769
1723949928978 0.14357398450374603 770
1723949952267 0.14446069300174713 771
1723949975041 0.1286831796169281 772
1723949998439 0.12541984021663666 773
1723950021556 0.130158469080925 774
1723950044947 0.15439251065254211 775
1723950068078 0.10679616779088974 776
1723950091331 0.14879511296749115 777
1723950114321 0.1378788948059082 778
1723950137592 0.1381736546754837 779
1723950160423 0.12568418681621552 780
1723950183712 0.12831570208072662 781
1723950206427 0.1527412384748459 782
1723950229869 0.13936711847782135 783
1723950252681 0.13975873589515686 784
1723950276165 0.15186472237110138 785
1723950299204 0.115985207259655 786
1723950322408 0.14165371656417847 787
1723950345292 0.11490517854690552 788
1723950368759 0.14346247911453247 789
1723950391724 0.13572099804878235 790
1723950414899 0.13276124000549316 791
1723950438052 0.11954474449157715 792
1723950461336 0.15261901915073395 793
1723950484252 0.156615749001503 794
1723950507752 0.12286403030157089 795
1723950530564 0.12668369710445404 796
1723950553806 0.12495473027229309 797
1723950576798 0.1405220925807953 798
1723950600166 0.10764561593532562 799
1723950623392 0.14452220499515533 800
1723950646735 0.12780360877513885 801
1723950669665 0.12695389986038208 802
1723950693094 0.1269761621952057 803
1723950716008 0.1236855536699295 804
1723950739423 0.12655480206012726 805
1723950762341 0.1461481750011444 806
1723950785548 0.1445893794298172 807
1723950808555 0.16833606362342834 808
1723950831802 0.1323496252298355 809
1723950854680 0.12110519409179688 810
1723950878149 0.13050316274166107 811
1723950901008 0.14844344556331635 812
1723950924407 0.11967150866985321 813
1723950947341 0.156439408659935 814
1723950970641 0.13700221478939056 815
1723950993696 0.15002819895744324 816
1723951017041 0.13587039709091187 817
1723951040024 0.1704002469778061 818
1723951063262 0.1498875766992569 819
1723951086192 0.12495464831590652 820
1723951109681 0.14950953423976898 821
1723951132563 0.17677626013755798 822
1723951155711 0.12833106517791748 823
1723951178586 0.17888562381267548 824
1723951202039 0.15083985030651093 825
1723951224945 0.1593911349773407 826
1723951248346 0.11690384149551392 827
1723951271178 0.1252703070640564 828
1723951294494 0.16391237080097198 829
1723951317322 0.15035144984722137 830
1723951340742 0.1298852264881134 831
1723951363632 0.13114158809185028 832
1723951387117 0.1359545886516571 833
1723951410203 0.17620140314102173 834
1723951433378 0.11887840926647186 835
1723951456484 0.15493832528591156 836
1723951479929 0.148371621966362 837
1723951502703 0.13854095339775085 838
1723951525992 0.13595721125602722 839
1723951549151 0.13357646763324738 840
1723951572562 0.11700955033302307 841
1723951595664 0.1414438635110855 842
1723951618848 0.14600804448127747 843
1723951641758 0.10823290050029755 844
1723951664984 0.12417474389076233 845
1723951687801 0.1264544427394867 846
1723951711500 0.1084962710738182 847
1723951734443 0.14109794795513153 848
1723951757788 0.14918996393680573 849
1723951780742 0.1796041578054428 850
1723951804210 0.13158828020095825 851
1723951827038 0.15532992780208588 852
1723951850554 0.09761063009500504 853
1723951873375 0.14057251811027527 854
1723951896804 0.09075461328029633 855
1723951919596 0.14502501487731934 856
1723951942960 0.12440040707588196 857
1723951965679 0.136911541223526 858
1723951989007 0.1061023697257042 859
1723952012054 0.1249685138463974 860
1723952035354 0.1559581458568573 861
1723952058237 0.13913913071155548 862
1723952081820 0.12252549827098846 863
1723952104780 0.15966829657554626 864
1723952128034 0.12070561945438385 865
1723952151046 0.11760947108268738 866
1723952174350 0.15548622608184814 867
1723952197187 0.14238867163658142 868
1723952220413 0.12418485432863235 869
1723952243208 0.13711842894554138 870
1723952266468 0.13762812316417694 871
1723952289437 0.13387437164783478 872
1723952312819 0.1443168669939041 873
1723952335522 0.1349397897720337 874
1723952358671 0.11459366977214813 875
1723952381516 0.12497101724147797 876
1723952404780 0.1283346563577652 877
1723952427660 0.11231207847595215 878
1723952450956 0.14801304042339325 879
1723952473959 0.1383184790611267 880
1723952497232 0.17840693891048431 881
1723952520053 0.17143023014068604 882
1723952543248 0.14318907260894775 883
1723952566155 0.13184253871440887 884
1723952589265 0.14020879566669464 885
1723952612092 0.16285324096679688 886
1723952635376 0.11791764199733734 887
1723952658452 0.10640359669923782 888
1723952681928 0.1373625248670578 889
1723952704717 0.13928432762622833 890
1723952728033 0.1397712379693985 891
1723952750950 0.12659330666065216 892
1723952774238 0.14875294268131256 893
1723952797285 0.10510247945785522 894
1723952820766 0.15190941095352173 895
1723952843675 0.14042004942893982 896
1723952866881 0.14571727812290192 897
1723952889795 0.12134326994419098 898
1723952913201 0.14836637675762177 899
1723952936073 0.16501648724079132 900
1723952959639 0.12626877427101135 901
1723952982451 0.14521050453186035 902
1723953005686 0.16168081760406494 903
1723953028420 0.11681269854307175 904
1723953051772 0.15079355239868164 905
1723953074623 0.12712904810905457 906
1723953097954 0.15647709369659424 907
1723953120868 0.11120850592851639 908
1723953144169 0.1501673460006714 909
1723953167060 0.1226578876376152 910
1723953190435 0.1273088902235031 911
1723953213371 0.13294638693332672 912
1723953236786 0.1369764804840088 913
1723953259714 0.13925577700138092 914
1723953282943 0.14689625799655914 915
1723953305896 0.14760173857212067 916
1723953328990 0.12487415224313736 917
1723953352013 0.14492584764957428 918
1723953375354 0.15078531205654144 919
1723953398229 0.12269829213619232 920
1723953421340 0.1334395408630371 921
1723953444232 0.12307572364807129 922
1723953467556 0.1680014431476593 923
1723953490293 0.1426408290863037 924
1723953513927 0.1536509096622467 925
1723953536963 0.10388246178627014 926
1723953560404 0.13444915413856506 927
1723953583388 0.1637207269668579 928
1723953606899 0.14806178212165833 929
1723953629755 0.13219155371189117 930
1723953653075 0.15751859545707703 931
1723953675959 0.11759333312511444 932
1723953699052 0.11146344244480133 933
1723953721930 0.11720548570156097 934
1723953745466 0.1349395513534546 935
1723953768344 0.12955021858215332 936
1723953791544 0.1565854549407959 937
1723953814497 0.14401757717132568 938
1723953837841 0.14132261276245117 939
1723953860685 0.14501579105854034 940
1723953884091 0.17549122869968414 941
1723953906927 0.14627590775489807 942
1723953930177 0.11248830705881119 943
1723953953451 0.11413063108921051 944
1723953976779 0.16576343774795532 945
1723953999755 0.1487654149532318 946
1723954022949 0.15319178998470306 947
1723954045833 0.15296640992164612 948
1723954069039 0.14914333820343018 949
1723954091911 0.12267959862947464 950
1723954115333 0.10415567457675934 951
1723954138403 0.1434115469455719 952
1723954161544 0.1491849273443222 953
1723954184367 0.13377444446086884 954
1723954207922 0.13955530524253845 955
1723954230739 0.13575074076652527 956
1723954254200 0.12016405165195465 957
1723954277114 0.12173156440258026 958
1723954300450 0.11246316879987717 959
1723954323372 0.14547674357891083 960
1723954346668 0.12793020904064178 961
1723954369692 0.11778096854686737 962
1723954393083 0.16111737489700317 963
1723954416262 0.10467029362916946 964
1723954439692 0.13946177065372467 965
1723954462481 0.13698571920394897 966
1723954485707 0.13044847548007965 967
1723954508566 0.10805251449346542 968
1723954531911 0.10110758244991302 969
1723954554895 0.1325492411851883 970
1723954578079 0.12812775373458862 971
1723954601020 0.11853185296058655 972
1723954624449 0.1542421579360962 973
1723954647513 0.17642807960510254 974
1723954670801 0.12428373098373413 975
1723954693926 0.11887817084789276 976
1723954717235 0.13076061010360718 977
1723954740059 0.13540133833885193 978
1723954763309 0.1282557100057602 979
1723954786082 0.14321698248386383 980
1723954809769 0.14960826933383942 981
1723954832668 0.1399891972541809 982
1723954855894 0.13743695616722107 983
1723954878863 0.1289621740579605 984
1723954902198 0.1352636069059372 985
1723954925355 0.12115547060966492 986
1723954948652 0.14495551586151123 987
1723954971691 0.15619787573814392 988
1723954995043 0.1259903460741043 989
1723955018155 0.14720772206783295 990
1723955041573 0.14928676187992096 991
1723955064408 0.12369854748249054 992
1723955087630 0.1656939685344696 993
1723955110535 0.15034252405166626 994
1723955133847 0.12323563545942307 995
1723955156878 0.13473078608512878 996
1723955180103 0.13476796448230743 997
1723955203066 0.12930408120155334 998
1723955226480 0.1128903180360794 999
1723955249452 0.13587525486946106 1000
1723955272753 0.13642457127571106 1001
1723955295690 0.156765416264534 1002
1723955319175 0.1587766706943512 1003
1723955341925 0.12640434503555298 1004
1723955365416 0.12599250674247742 1005
1723955388402 0.14527297019958496 1006
1723955411956 0.1344185769557953 1007
1723955434698 0.11248969286680222 1008
1723955458108 0.1427321583032608 1009
1723955480930 0.12945877015590668 1010
1723955504303 0.12183534353971481 1011
1723955527261 0.10912159085273743 1012
1723955550579 0.10987923294305801 1013
1723955573573 0.11106785386800766 1014
1723955596847 0.15928760170936584 1015
1723955619825 0.1367843598127365 1016
1723955643167 0.13948121666908264 1017
1723955666104 0.14092512428760529 1018
1723955689342 0.1636408120393753 1019
1723955712386 0.1336297243833542 1020
1723955735734 0.1778744012117386 1021
1723955758753 0.12824124097824097 1022
1723955782104 0.1346200406551361 1023
1723955805206 0.14224021136760712 1024
1723955828448 0.14295032620429993 1025
1723955851519 0.15689942240715027 1026
1723955874815 0.13948461413383484 1027
1723955897730 0.10562079399824142 1028
1723955921159 0.16226345300674438 1029
1723955943847 0.17294737696647644 1030
1723955967151 0.15213438868522644 1031
1723955990081 0.17743608355522156 1032
1723956013385 0.11491456627845764 1033
1723956036159 0.14350289106369019 1034
1723956059370 0.14280343055725098 1035
1723956082349 0.16997916996479034 1036
1723956105666 0.14193624258041382 1037
1723956128526 0.13762225210666656 1038
1723956152119 0.13431991636753082 1039
1723956175049 0.11847207695245743 1040
1723956198360 0.11850433796644211 1041
1723956221237 0.14255216717720032 1042
1723956244448 0.12906992435455322 1043
1723956267390 0.15501436591148376 1044
1723956290795 0.11205842345952988 1045
1723956313658 0.1495370864868164 1046
1723956336874 0.12377788871526718 1047
1723956359908 0.12578733265399933 1048
1723956383228 0.1249023973941803 1049
1723956406310 0.14424024522304535 1050
1723956429656 0.14100168645381927 1051
1723956452486 0.147702157497406 1052
1723956475713 0.139162078499794 1053
1723956498556 0.13653726875782013 1054
1723956521872 0.15607309341430664 1055
1723956544799 0.13795417547225952 1056
1723956568156 0.14699038863182068 1057
1723956591190 0.1499863713979721 1058
1723956614635 0.13810977339744568 1059
1723956637345 0.14461690187454224 1060
1723956660588 0.15688718855381012 1061
1723956683548 0.1502613127231598 1062
1723956706759 0.12011757493019104 1063
1723956729752 0.12347519397735596 1064
1723956752958 0.12990672886371613 1065
1723956775877 0.14971421658992767 1066
1723956799243 0.14335313439369202 1067
1723956822079 0.1329134851694107 1068
1723956845228 0.12134142220020294 1069
1723956868431 0.12702137231826782 1070
1723956891681 0.1251469999551773 1071
1723956914689 0.13919416069984436 1072
1723956937817 0.12363995611667633 1073
1723956960783 0.11451047658920288 1074
1723956984087 0.14316007494926453 1075
1723957007189 0.12532421946525574 1076
1723957030525 0.14424745738506317 1077
1723957053564 0.13193687796592712 1078
1723957077079 0.1430736482143402 1079
1723957099985 0.1408107578754425 1080
1723957123845 0.1367705911397934 1081
1723957146572 0.14879438281059265 1082
1723957169923 0.16006073355674744 1083
1723957192759 0.11900191009044647 1084
1723957216095 0.12502630054950714 1085
1723957239183 0.13540098071098328 1086
1723957262743 0.1576160490512848 1087
1723957285657 0.12776808440685272 1088
1723957309086 0.15256892144680023 1089
1723957331876 0.1373428851366043 1090
1723957355165 0.11822468787431717 1091
1723957378199 0.12299637496471405 1092
1723957401680 0.15601059794425964 1093
1723957424673 0.1715465933084488 1094
1723957448015 0.15487900376319885 1095
1723957470845 0.11760659515857697 1096
1723957494369 0.12955313920974731 1097
1723957517228 0.14021284878253937 1098
1723957540384 0.14230430126190186 1099
1723957563366 0.16338267922401428 1100
1723957586720 0.16111700236797333 1101
1723957609657 0.1351034939289093 1102
1723957632986 0.13117514550685883 1103
1723957655798 0.13916969299316406 1104
1723957679141 0.12201986461877823 1105
1723957702048 0.18029408156871796 1106
1723957725399 0.14723049104213715 1107
1723957748171 0.11308340728282928 1108
1723957771477 0.15477359294891357 1109
1723957794143 0.14515715837478638 1110
1723957817481 0.13827823102474213 1111
1723957840383 0.154771625995636 1112
1723957863816 0.12406791746616364 1113
1723957886657 0.12395567446947098 1114
1723957909875 0.124559186398983 1115
1723957932696 0.12402626872062683 1116
1723957955938 0.12107950448989868 1117
1723957978875 0.12907683849334717 1118
1723958002063 0.15239711105823517 1119
1723958025133 0.12407542020082474 1120
1723958048306 0.1368030607700348 1121
1723958071211 0.13960614800453186 1122
1723958094384 0.14745594561100006 1123
1723958117110 0.16272389888763428 1124
1723958140501 0.126662939786911 1125
1723958163383 0.14135776460170746 1126
1723958186539 0.1395643651485443 1127
1723958209592 0.1186051145195961 1128
1723958232954 0.14906273782253265 1129
1723958255750 0.14933064579963684 1130
1723958279047 0.17412585020065308 1131
1723958301703 0.13333424925804138 1132
1723958325117 0.12793578207492828 1133
1723958347933 0.12611538171768188 1134
1723958371308 0.15268279612064362 1135
1723958394016 0.12310179322957993 1136
1723958417243 0.1410166472196579 1137
1723958440086 0.1482420563697815 1138
1723958463555 0.14264409244060516 1139
1723958486523 0.15332569181919098 1140
1723958509883 0.12547852098941803 1141
1723958532875 0.13880683481693268 1142
1723958556032 0.12854644656181335 1143
1723958579188 0.15046635270118713 1144
1723958602368 0.17609108984470367 1145
1723958625241 0.14809685945510864 1146
1723958648648 0.12120844423770905 1147
1723958671593 0.1258324235677719 1148
1723958694903 0.11378316581249237 1149
1723958717838 0.13135653734207153 1150
1723958740990 0.12877269089221954 1151
1723958763985 0.11371584236621857 1152
1723958787385 0.18360750377178192 1153
1723958810499 0.1654464602470398 1154
1723958833742 0.15535065531730652 1155
1723958856746 0.1520765721797943 1156
1723958880088 0.1617262363433838 1157
1723958902820 0.1628151535987854 1158
1723958926292 0.14548738300800323 1159
1723958948973 0.1449529528617859 1160
1723958972511 0.11459685862064362 1161
1723958995364 0.1336938589811325 1162
1723959018696 0.1444140374660492 1163
1723959041639 0.12352007627487183 1164
1723959064806 0.11138825863599777 1165
1723959087681 0.1515164077281952 1166
1723959111295 0.15374122560024261 1167
1723959134302 0.1341358721256256 1168
1723959157593 0.14503467082977295 1169
1723959180484 0.1201445609331131 1170
1723959203908 0.15840506553649902 1171
1723959226947 0.1452673226594925 1172
1723959250169 0.14694394171237946 1173
1723959272996 0.12838433682918549 1174
1723959296381 0.13520345091819763 1175
1723959319344 0.13533708453178406 1176
1723959342663 0.13681362569332123 1177
1723959365528 0.1607615351676941 1178
1723959389096 0.1518344283103943 1179
1723959412322 0.13147088885307312 1180
1723959435695 0.16080665588378906 1181
1723959458579 0.14075462520122528 1182
1723959482003 0.1922522485256195 1183
1723959504854 0.12723135948181152 1184
1723959528284 0.13746927678585052 1185
1723959551162 0.1704137921333313 1186
1723959574434 0.11034584045410156 1187
1723959597213 0.14276033639907837 1188
1723959620509 0.15167881548404694 1189
1723959643546 0.10718874633312225 1190
1723959666856 0.14424368739128113 1191
1723959689762 0.13616183400154114 1192
1723959713111 0.1350950449705124 1193
1723959735977 0.13258735835552216 1194
1723959759256 0.1446622759103775 1195
1723959782135 0.14129780232906342 1196
1723959805480 0.1435268521308899 1197
1723959828517 0.11348270624876022 1198
1723959851699 0.14750170707702637 1199
1723959874624 0.193351149559021 1200
1723959898180 0.15399548411369324 1201
1723959921191 0.13455790281295776 1202
1723959944507 0.1263302117586136 1203
1723959967386 0.1388656347990036 1204
1723959990789 0.11713515967130661 1205
1723960013553 0.14523667097091675 1206
1723960036912 0.12668746709823608 1207
1723960059957 0.1354634314775467 1208
1723960083373 0.12929125130176544 1209
1723960106196 0.1375029981136322 1210
1723960129594 0.13552331924438477 1211
1723960152558 0.1349535584449768 1212
1723960175888 0.12133143842220306 1213
1723960198934 0.12154845893383026 1214
1723960222428 0.16757115721702576 1215
1723960245455 0.1494525969028473 1216
1723960268633 0.1707812249660492 1217
1723960291562 0.1265570968389511 1218
1723960314881 0.15332506597042084 1219
1723960338031 0.12786822021007538 1220
1723960361417 0.15549533069133759 1221
1723960384354 0.11998368799686432 1222
1723960407614 0.11184326559305191 1223
1723960430546 0.14035184681415558 1224
1723960453837 0.15371866524219513 1225
1723960476762 0.13798648118972778 1226
1723960500378 0.14081041514873505 1227
1723960523288 0.15254691243171692 1228
1723960546532 0.15622606873512268 1229
1723960569328 0.14342999458312988 1230
1723960592675 0.14403165876865387 1231
1723960615419 0.13690757751464844 1232
1723960638995 0.14147423207759857 1233
1723960661940 0.11734623461961746 1234
1723960685306 0.12884783744812012 1235
1723960708157 0.14670604467391968 1236
1723960731413 0.11727546155452728 1237
1723960754303 0.13260361552238464 1238
1723960777791 0.13914720714092255 1239
1723960800542 0.12313301861286163 1240
1723960824180 0.14376768469810486 1241
1723960847125 0.12898415327072144 1242
1723960870385 0.13192248344421387 1243
1723960893389 0.14319786429405212 1244
1723960916614 0.1550314724445343 1245
1723960939442 0.13159415125846863 1246
1723960962660 0.16460762917995453 1247
1723960985423 0.16768062114715576 1248
1723961008752 0.13579750061035156 1249
1723961031703 0.15649807453155518 1250
1723961055069 0.1571817696094513 1251
1723961077936 0.12452143430709839 1252
1723961101302 0.140546515583992 1253
1723961124258 0.1429881900548935 1254
1723961147534 0.12292184680700302 1255
1723961170495 0.13355183601379395 1256
1723961193853 0.13724882900714874 1257
1723961216602 0.13896586000919342 1258
1723961239906 0.13937242329120636 1259
1723961262694 0.1479821801185608 1260
1723961286013 0.10818280279636383 1261
1723961308833 0.14682888984680176 1262
1723961332151 0.1688704490661621 1263
1723961354901 0.10744936764240265 1264
1723961378369 0.1309637874364853 1265
1723961401290 0.1203218474984169 1266
1723961424669 0.10051679611206055 1267
1723961447686 0.14711910486221313 1268
1723961470870 0.12837879359722137 1269
1723961493872 0.12972113490104675 1270
1723961517193 0.13425207138061523 1271
1723961539892 0.12566696107387543 1272
1723961563041 0.14532269537448883 1273
1723961585907 0.13429516553878784 1274
1723961609102 0.10816748440265656 1275
1723961632015 0.13024088740348816 1276
1723961655381 0.13345691561698914 1277
1723961678232 0.16249266266822815 1278
1723961701708 0.11981184035539627 1279
1723961724804 0.13266801834106445 1280
1723961748276 0.11607445031404495 1281
1723961771213 0.14277960360050201 1282
1723961794678 0.13496080040931702 1283
1723961817636 0.15635095536708832 1284
1723961840850 0.14470741152763367 1285
1723961863638 0.12742476165294647 1286
1723961886942 0.1273394376039505 1287
1723961909793 0.18245209753513336 1288
1723961933025 0.13528618216514587 1289
1723961955987 0.12344126403331757 1290
1723961979628 0.19035154581069946 1291
1723962002433 0.1409166306257248 1292
1723962025710 0.12758740782737732 1293
1723962048679 0.15026021003723145 1294
1723962071772 0.1326703280210495 1295
1723962094959 0.16808706521987915 1296
1723962118057 0.16160549223423004 1297
1723962140965 0.13992024958133698 1298
1723962164231 0.14067059755325317 1299
1723962187163 0.1241198256611824 1300
1723962210485 0.123851478099823 1301
1723962233244 0.13290242850780487 1302
1723962256915 0.13713733851909637 1303
1723962280000 0.12941230833530426 1304
1723962303289 0.13544735312461853 1305
1723962326083 0.14473816752433777 1306
1723962349366 0.12041458487510681 1307
1723962372209 0.13587717711925507 1308
1723962395797 0.14777106046676636 1309
1723962418605 0.12391602247953415 1310
1723962441774 0.1259349137544632 1311
1723962464651 0.1348111480474472 1312
1723962488058 0.1339440792798996 1313
1723962511044 0.13613630831241608 1314
1723962534360 0.13182184100151062 1315
1723962557354 0.1242692768573761 1316
1723962580866 0.13952067494392395 1317
1723962603693 0.1225605458021164 1318
1723962626935 0.12889647483825684 1319
1723962649708 0.1485217809677124 1320
1723962673184 0.1602916717529297 1321
1723962696100 0.13562482595443726 1322
1723962719448 0.12582072615623474 1323
1723962742330 0.1506354659795761 1324
1723962765689 0.11333632469177246 1325
1723962788829 0.14785942435264587 1326
1723962812281 0.13134713470935822 1327
1723962835288 0.1451655477285385 1328
1723962858748 0.13531643152236938 1329
1723962881798 0.11723408102989197 1330
1723962905052 0.16159024834632874 1331
1723962927870 0.15459734201431274 1332
1723962951191 0.14182180166244507 1333
1723962974116 0.1371423304080963 1334
1723962997529 0.12767711281776428 1335
1723963020159 0.14107069373130798 1336
1723963043447 0.13782405853271484 1337
1723963066236 0.12033823132514954 1338
1723963089436 0.15184026956558228 1339
1723963112430 0.17357321083545685 1340
1723963135696 0.12172006815671921 1341
1723963158585 0.15993492305278778 1342
1723963182137 0.13415643572807312 1343
1723963205046 0.15241797268390656 1344
1723963228475 0.12899401783943176 1345
1723963251357 0.14237871766090393 1346
1723963274536 0.1219811886548996 1347
1723963297384 0.11805716156959534 1348
1723963320583 0.10264372825622559 1349
1723963343457 0.12004122138023376 1350
1723963366675 0.12495157122612 1351
1723963389487 0.14106525480747223 1352
1723963412743 0.14311881363391876 1353
1723963435579 0.14722152054309845 1354
1723963458930 0.14241370558738708 1355
1723963481906 0.16037291288375854 1356
1723963506081 0.13247793912887573 1357
1723963528960 0.14347459375858307 1358
1723963552506 0.1370197832584381 1359
1723963575445 0.11801096051931381 1360
1723963598958 0.1598639339208603 1361
1723963621747 0.1447053998708725 1362
1723963644879 0.16658301651477814 1363
1723963667625 0.14164268970489502 1364
1723963690973 0.1137906014919281 1365
1723963714002 0.13172414898872375 1366
1723963737469 0.12514466047286987 1367
1723963760399 0.15805527567863464 1368
1723963783796 0.13662691414356232 1369
1723963806992 0.14284375309944153 1370
1723963830313 0.12844501435756683 1371
1723963853488 0.1450413316488266 1372
1723963876741 0.13793130218982697 1373
1723963899767 0.1189858615398407 1374
1723963923005 0.12740306556224823 1375
1723963946028 0.13923224806785583 1376
1723963969365 0.15874038636684418 1377
1723963992508 0.12234978377819061 1378
1723964015785 0.15058286488056183 1379
1723964038847 0.1390140950679779 1380
1723964062025 0.14629830420017242 1381
1723964084808 0.1258622109889984 1382
1723964108198 0.11610251665115356 1383
1723964130995 0.12234102934598923 1384
1723964154282 0.17532779276371002 1385
1723964177085 0.12756960093975067 1386
1723964200454 0.16833220422267914 1387
1723964223367 0.13867583870887756 1388
1723964246547 0.13335351645946503 1389
1723964269484 0.13120540976524353 1390
1723964292827 0.1653832495212555 1391
1723964315897 0.12229688465595245 1392
1723964339167 0.13745221495628357 1393
1723964361990 0.14963950216770172 1394
1723964385357 0.14459067583084106 1395
1723964408255 0.13614270091056824 1396
1723964431513 0.10813644528388977 1397
1723964454322 0.16663262248039246 1398
1723964477467 0.12810054421424866 1399
1723964500439 0.1303691864013672 1400
1723964523870 0.15430602431297302 1401
1723964546760 0.12396898120641708 1402
1723964570244 0.15342828631401062 1403
1723964593189 0.131167471408844 1404
1723964616556 0.14460395276546478 1405
1723964639507 0.12385085970163345 1406
1723964662727 0.1200944110751152 1407
1723964685429 0.12685060501098633 1408
1723964708991 0.1298675835132599 1409
1723964731835 0.11628221720457077 1410
1723964755185 0.1334989219903946 1411
1723964778232 0.12552618980407715 1412
1723964801490 0.12305156141519547 1413
1723964824341 0.12963981926441193 1414
1723964847484 0.16345368325710297 1415
1723964870441 0.1266871690750122 1416
1723964894004 0.11469954252243042 1417
1723964916917 0.12873528897762299 1418
1723964940113 0.12566104531288147 1419
1723964963026 0.14883723855018616 1420
1723964986284 0.12925027310848236 1421
1723965009416 0.14323851466178894 1422
1723965032752 0.146216481924057 1423
1723965055593 0.1460661143064499 1424
1723965078767 0.13074548542499542 1425
1723965101836 0.14650820195674896 1426
1723965125094 0.13271179795265198 1427
1723965148042 0.15557117760181427 1428
1723965171406 0.13554507493972778 1429
1723965194476 0.14379960298538208 1430
1723965217987 0.13463814556598663 1431
1723965240690 0.15645669400691986 1432
1723965263935 0.12470294535160065 1433
1723965286943 0.12622196972370148 1434
1723965310397 0.13248546421527863 1435
1723965333078 0.1435551792383194 1436
1723965356356 0.14975489675998688 1437
1723965379045 0.11895742267370224 1438
1723965402481 0.13124631345272064 1439
1723965425567 0.15550827980041504 1440
1723965448902 0.14249823987483978 1441
1723965471987 0.12984924018383026 1442
1723965495331 0.15578681230545044 1443
1723965518479 0.12124699354171753 1444
1723965541877 0.1535073071718216 1445
1723965564634 0.13800513744354248 1446
1723965587834 0.1314678192138672 1447
1723965610618 0.13570210337638855 1448
1723965633775 0.13241219520568848 1449
1723965656571 0.14696720242500305 1450
1723965679961 0.1511121243238449 1451
1723965702859 0.13580036163330078 1452
1723965726027 0.13345757126808167 1453
1723965748968 0.1388307511806488 1454
1723965772460 0.12843506038188934 1455
1723965795358 0.1312071681022644 1456
1723965818678 0.18387320637702942 1457
1723965841535 0.14372044801712036 1458
1723965864881 0.13726112246513367 1459
1723965887728 0.1257745921611786 1460
1723965911313 0.11259157955646515 1461
1723965933981 0.13484132289886475 1462
1723965957286 0.14326569437980652 1463
1723965980051 0.12150012701749802 1464
1723966003409 0.12849977612495422 1465
1723966026390 0.11655760556459427 1466
1723966049628 0.1090131476521492 1467
1723966072627 0.12024614214897156 1468
1723966095862 0.11052727699279785 1469
1723966118768 0.1318105161190033 1470
1723966142471 0.12481316924095154 1471
1723966165229 0.14438308775424957 1472
1723966188580 0.1487099677324295 1473
1723966211462 0.13627323508262634 1474
1723966234782 0.1051659882068634 1475
1723966257762 0.15897127985954285 1476
1723966281118 0.13228248059749603 1477
1723966303991 0.11401904374361038 1478
1723966327157 0.12716960906982422 1479
1723966350076 0.14254845678806305 1480
1723966373640 0.12547628581523895 1481
1723966396591 0.13433325290679932 1482
1723966419811 0.12484805285930634 1483
1723966442681 0.11476321518421173 1484
1723966466116 0.11445200443267822 1485
1723966488912 0.12826788425445557 1486
1723966512462 0.135873943567276 1487
1723966535380 0.11792878061532974 1488
1723966558700 0.13103768229484558 1489
1723966581575 0.1377437859773636 1490
1723966605063 0.14937330782413483 1491
1723966628145 0.13958974182605743 1492
1723966651699 0.1303766816854477 1493
1723966674715 0.15100674331188202 1494
1723966697883 0.10884858667850494 1495
1723966720729 0.13610289990901947 1496
1723966744037 0.12459439784288406 1497
1723966766823 0.1424039900302887 1498
1723966790127 0.2157444804906845 1499
