1723933924030 0.14763954364591175 80
1723935777783 0.1405549433082342 160
1723937635773 0.13819990288466216 240
1723939507675 0.138562779314816 320
1723941360377 0.13717126594856383 400
1723943211983 0.13840796183794737 480
1723945531171 0.1413978274911642 580
1723947382809 0.13504968751221896 660
1723949235478 0.1404806270264089 740
1723951086392 0.13739453572779894 820
1723952936245 0.13765713898465037 900
1723954786245 0.13582245400175452 980
1723957100162 0.13786858737468718 1080
1723958949161 0.14087243070825933 1160
1723960800713 0.13911579409614205 1240
1723962649864 0.1372997684404254 1320
1723964500627 0.13831347776576877 1400
1723966350273 0.13484369814395905 1480
