1726189392183 0.00011499285203171894 150
1726189665746 0.00011138617487934728 300
1726189937157 0.00011163281446594434 450
1726190209830 0.00010860528724151663 600
1726190481644 0.00011090370947689129 750
1726190754621 0.00011068606365976545 900
1726191027735 0.00010753936367109418 1050
1726191300847 0.00010788790289855873 1200
1726191571808 0.00010644814702876222 1350
1726191843375 0.00010717239240572477 1500
1726192116237 0.0001073658360595194 1650
1726192389167 0.00010693768252773832 1800
1726192661142 0.00010670043440768495 1950
1726192932861 0.00010525217493219922 2100
1726193205344 0.00010312953556422144 2250
1726193476513 0.00010338849150381673 2400
1726193750146 0.00010390402744330155 2550
1726194021746 0.0001058611362047183 2700
1726194293093 0.00010331954195862636 2850
1726194569237 0.00010300908567539106 3000
1726194848913 0.00010109699932703128 3150
1726195125144 0.00010214904187402378 3300
1726195398082 0.00010158201383698422 3450
1726195671796 0.00010263662678577627 3600
1726195943396 0.00010265374221489765 3750
1726196215477 0.00010211268988011094 3900
1726196486172 0.00010132003284525126 4050
1726196756432 0.00010108167984678099 4200
1726197028714 9.941327734850348e-05 4350
1726197298372 0.00010084470617584885 4500
1726197569577 9.92063420805304e-05 4650
1726197841468 9.951818715004872e-05 4800
1726198112668 9.903964964905754e-05 4950
1726198382486 9.769108141578424e-05 5100
1726198652217 9.896001662127673e-05 5250
1726198921820 9.891166152859417e-05 5400
1726199192013 9.762303103343584e-05 5550
1726199461638 9.588741551851853e-05 5700
1726199731768 9.60967503003e-05 5850
1726200002187 9.733109875620964e-05 6000
1726200273247 9.75563168079437e-05 6150
1726200543571 9.62112145498395e-05 6300
1726200815275 9.556914189791617e-05 6450
1726201084915 9.442821242070446e-05 6600
1726201355281 9.457287582335994e-05 6750
1726201626548 9.475990960102839e-05 6900
1726201896805 9.542076635019233e-05 7050
1726202166105 9.691536625420364e-05 7200
1726202435215 9.543622465571388e-05 7350
1726202704404 9.468441683566198e-05 7500
