1726189375849 0.00011487861532562722 140
1726189649452 0.00011192865878304777 290
1726189920918 0.00011143423476217626 440
1726190193539 0.00010863957839319483 590
1726190465307 0.00011076886973266179 740
1726190738098 0.00011058742486056871 890
1726191011546 0.00010824950203338328 1040
1726191284513 0.00010726320693114151 1190
1726191555655 0.0001066169784947609 1340
1726191827052 0.00010692787885394258 1490
1726192099839 0.00010769163277776291 1640
1726192372701 0.00010662744374712929 1790
1726192644701 0.00010714655645036449 1940
1726192916466 0.00010553823036995406 2090
1726193189087 0.00010327451940005025 2240
1726193460277 0.00010278246928161631 2390
1726193733897 0.00010461508213969258 2540
1726194005516 0.00010522657340819327 2690
1726194276798 0.0001030532978863145 2840
1726194552532 0.00010367021144096119 2990
1726194832278 0.00010137779478100128 3140
1726195108721 0.00010161198418548642 3290
1726195381595 0.00010192489901479954 3440
1726195655578 0.00010233073737860347 3590
1726195927098 0.0001029982012793577 3740
1726196199026 0.00010189832513181803 3890
1726196469772 0.00010141816858473855 4040
1726196740412 0.00010110063337682125 4190
1726197012373 9.919429513198944e-05 4340
1726197282190 0.00010068895304963614 4490
1726197553315 9.970714357526352e-05 4640
1726197825234 9.998297629257043e-05 4790
1726198096323 9.851532997951533e-05 4940
1726198366248 9.771569253643974e-05 5090
1726198636044 9.882497407185535e-05 5240
1726198905650 9.875209259917028e-05 5390
1726199175723 9.78983981864682e-05 5540
1726199445399 9.600065289608514e-05 5690
1726199715538 9.620738511633438e-05 5840
1726199986008 9.718009212519974e-05 5990
1726200256996 9.776005953123483e-05 6140
1726200527379 9.583469349308871e-05 6290
1726200799198 9.637508968201776e-05 6440
1726201068753 9.415132565967117e-05 6590
1726201338902 9.44256966370934e-05 6740
1726201610334 9.454243428384264e-05 6890
1726201880656 9.530728939959469e-05 7040
1726202150018 9.717438083801729e-05 7190
1726202419179 9.513880795566365e-05 7340
1726202688349 9.483711798869383e-05 7490
