1723668811569 9.768328666687012 0
1723668839207 7.681301593780518 1
1723668866296 9.987310409545898 2
1723668890698 7.313809394836426 3
1723668915012 6.0779523849487305 4
1723668940907 6.002862930297852 5
1723668970487 6.140981197357178 6
1723668996480 6.232012748718262 7
1723669022461 5.896762847900391 8
1723669047190 5.4009246826171875 9
1723669074109 6.857831954956055 10
1723669101151 5.143257141113281 11
1723669127107 6.971827507019043 12
1723669151984 5.110702037811279 13
1723669176854 4.854950428009033 14
1723669201664 4.7569169998168945 15
1723669226953 5.141663551330566 16
1723669251743 6.5975799560546875 17
1723669276526 5.68882942199707 18
1723669301370 7.085822105407715 19
1723669326116 5.853851318359375 20
1723669351060 6.75929594039917 21
1723669375945 6.548537254333496 22
1723669401315 5.209952354431152 23
1723669428919 5.878377914428711 24
1723669454343 6.614206314086914 25
1723669479260 4.673252582550049 26
1723669505212 5.419783115386963 27
1723669530396 4.839515686035156 28
1723669555405 7.072020530700684 29
1723669580575 5.390857696533203 30
1723669605732 6.316544532775879 31
1723669630809 6.051323413848877 32
1723669655658 5.385385990142822 33
1723669680762 5.79194974899292 34
1723669705741 5.422717094421387 35
1723669730725 6.126519203186035 36
1723669755706 6.228925704956055 37
1723669780715 6.197052001953125 38
1723669805613 5.758856296539307 39
1723669830615 5.146293640136719 40
1723669855585 6.251498222351074 41
1723669880704 5.705256462097168 42
1723669905859 4.691277027130127 43
1723669930904 5.47341251373291 44
1723669955951 6.963709831237793 45
1723669981230 4.840724468231201 46
1723670006861 6.049710273742676 47
1723670032988 4.713298320770264 48
1723670058324 5.448960304260254 49
1723670083488 4.5196967124938965 50
1723670108703 5.001347064971924 51
1723670133859 5.133798122406006 52
1723670159100 4.594730377197266 53
1723670183981 5.47802734375 54
1723670209131 5.330801010131836 55
1723670234089 4.570339202880859 56
1723670259266 6.014373779296875 57
1723670284590 4.825523853302002 58
1723670309680 7.0269646644592285 59
1723670334778 5.268016815185547 60
1723670360196 6.374792575836182 61
1723670385341 5.385218620300293 62
1723670410355 6.727497100830078 63
1723670435393 5.8240861892700195 64
1723670460560 5.467216491699219 65
1723670485768 4.8202314376831055 66
1723670510875 6.551030158996582 67
1723670535961 4.9269795417785645 68
1723670561004 5.48824405670166 69
1723670586196 4.966469764709473 70
1723670612452 5.575644493103027 71
1723670638250 4.928537368774414 72
1723670664351 5.794567108154297 73
1723670689535 4.838643550872803 74
1723670714523 6.545676231384277 75
1723670739523 6.221671104431152 76
1723670764658 6.192501544952393 77
1723670790993 5.65330696105957 78
1723670815957 5.416564464569092 79
1723670841133 5.2031049728393555 80
1723670867085 5.547290802001953 81
1723670892099 5.719997406005859 82
1723670917176 6.7390899658203125 83
1723670942920 5.3264007568359375 84
1723670969102 5.782360553741455 85
1723670995381 6.759181022644043 86
1723671020458 6.751142501831055 87
1723671045432 5.417872905731201 88
1723671070518 5.14224100112915 89
1723671095607 6.613337993621826 90
1723671121064 5.986346244812012 91
1723671145995 5.038450717926025 92
1723671171198 5.582788467407227 93
1723671196371 5.513378143310547 94
1723671221340 5.938336372375488 95
1723671246326 5.46987247467041 96
1723671271381 5.930821895599365 97
1723671296311 4.921383857727051 98
1723671324271 6.302692890167236 99
1723671350674 4.900426387786865 100
1723671375677 6.820718765258789 101
1723671400745 4.762905597686768 102
1723671425884 5.881886005401611 103
1723671450947 6.013534069061279 104
1723671476066 5.416621208190918 105
1723671501365 5.888528823852539 106
1723671526481 6.064846992492676 107
1723671551594 6.755840301513672 108
1723671576681 5.975785732269287 109
1723671601922 6.097371578216553 110
1723671626932 6.1668291091918945 111
1723671652122 5.115937232971191 112
1723671677247 4.813882827758789 113
1723671702303 5.31280517578125 114
1723671727390 5.386028289794922 115
1723671752416 5.358399391174316 116
1723671777609 5.430783748626709 117
1723671802593 4.7522687911987305 118
1723671830006 5.41006326675415 119
1723671856240 5.882001876831055 120
1723671881695 6.463768005371094 121
1723671906699 5.122187614440918 122
1723671931917 6.1023383140563965 123
1723671956918 5.509586334228516 124
1723671982059 7.44206428527832 125
1723672007042 5.148817539215088 126
1723672032099 5.046521186828613 127
1723672057001 6.920526504516602 128
1723672082150 6.440923690795898 129
1723672107168 5.895347595214844 130
1723672132307 5.021435737609863 131
1723672157257 5.185734748840332 132
1723672182361 4.894073963165283 133
1723672207323 6.946637153625488 134
1723672232448 5.204730033874512 135
1723672257489 5.050655364990234 136
1723672282620 5.491654396057129 137
1723672307640 5.82026481628418 138
1723672332758 6.891369819641113 139
1723672357595 5.988111972808838 140
1723672382936 5.541916847229004 141
1723672407928 5.7744927406311035 142
1723672432884 6.028847694396973 143
1723672457916 6.274312973022461 144
1723672482992 5.470773696899414 145
1723672507923 5.448424339294434 146
1723672532894 5.029105186462402 147
1723672557909 5.420121192932129 148
1723672582914 6.116794586181641 149
1723672607970 5.263646602630615 150
1723672633347 7.437671661376953 151
1723672658217 6.290338516235352 152
1723672683414 5.240437030792236 153
1723672708395 4.741562843322754 154
1723672733388 5.992148399353027 155
1723672758420 5.224179744720459 156
1723672783554 5.211770057678223 157
1723672808454 6.452793598175049 158
1723672833551 5.122035980224609 159
1723672858453 4.913256645202637 160
1723672883604 5.208174705505371 161
1723672908630 3.832357168197632 162
1723672933623 4.965301513671875 163
1723672958524 5.9260969161987305 164
1723672983814 5.822653770446777 165
1723673008893 5.4894118309021 166
1723673033758 7.534989356994629 167
1723673058896 5.600957870483398 168
1723673084077 6.74439811706543 169
1723673109069 5.866968154907227 170
1723673135048 5.201075553894043 171
1723673160158 4.316465854644775 172
1723673185142 5.647640228271484 173
1723673210119 5.697453022003174 174
1723673235178 5.569833755493164 175
1723673260219 6.2098822593688965 176
1723673285270 5.766233444213867 177
1723673310375 6.620682716369629 178
1723673335453 4.842864990234375 179
1723673360458 4.615906715393066 180
1723673385854 5.19285249710083 181
1723673410912 5.742183208465576 182
1723673435951 4.618983268737793 183
1723673461021 5.927814483642578 184
1723673486087 4.873276233673096 185
1723673511862 5.355271339416504 186
1723673536906 5.249764919281006 187
1723673562423 5.135626792907715 188
1723673587416 5.248920440673828 189
1723673612433 5.229397296905518 190
1723673637477 5.081425666809082 191
1723673662398 5.265937805175781 192
1723673687426 5.91032075881958 193
1723673712453 5.258164405822754 194
1723673737417 5.059902191162109 195
1723673762755 5.003204822540283 196
1723673787797 5.0878825187683105 197
1723673812825 6.8837761878967285 198
1723673837807 5.337445259094238 199
1723673862820 5.013064384460449 200
1723673887823 4.26578950881958 201
1723673912860 5.113070011138916 202
1723673937907 4.919936180114746 203
1723673962828 6.15214729309082 204
1723673987839 5.283667087554932 205
1723674012913 5.227768898010254 206
1723674037777 5.1072163581848145 207
1723674062787 5.391557216644287 208
1723674087864 5.336289405822754 209
1723674112849 6.400153160095215 210
1723674137943 4.799044132232666 211
1723674163046 5.124292850494385 212
1723674188342 6.300580024719238 213
1723674213449 4.608503818511963 214
1723674238446 4.295053482055664 215
1723674263658 4.253300666809082 216
1723674288532 5.493227481842041 217
1723674313635 4.7063751220703125 218
1723674338682 6.171743392944336 219
1723674363662 6.212861061096191 220
1723674388876 5.671427249908447 221
1723674413818 5.751345157623291 222
1723674438921 4.330636024475098 223
1723674463925 4.868704795837402 224
1723674488960 6.046719551086426 225
1723674513892 4.355047702789307 226
1723674538999 4.501131534576416 227
1723674563949 4.186703681945801 228
1723674589149 5.2508368492126465 229
1723674614144 5.36305046081543 230
1723674639213 5.955684661865234 231
1723674664215 6.131539344787598 232
1723674689196 6.377232551574707 233
1723674714050 6.075461387634277 234
1723674739069 5.344992637634277 235
1723674764158 5.86075496673584 236
1723674789175 5.528546333312988 237
1723674814089 6.41872501373291 238
1723674839111 5.543525695800781 239
1723674864058 5.223084449768066 240
1723674889417 4.943447589874268 241
1723674914362 4.523039817810059 242
1723674939433 5.320413112640381 243
1723674964353 7.550928115844727 244
1723674989513 4.198610782623291 245
1723675014317 4.331238269805908 246
1723675039395 5.285001277923584 247
1723675064350 3.8801112174987793 248
1723675089380 6.545957565307617 249
1723675114367 4.732125282287598 250
1723675139528 5.198513507843018 251
1723675164435 7.705591201782227 252
1723675189609 5.080256938934326 253
1723675214532 6.000024795532227 254
1723675239688 7.306087017059326 255
1723675264786 6.1754374504089355 256
1723675289885 6.8269500732421875 257
1723675314752 6.733291149139404 258
1723675339877 5.566836357116699 259
1723675364776 5.197885513305664 260
1723675389767 5.467705726623535 261
1723675414715 5.0352301597595215 262
1723675439794 6.324080944061279 263
1723675464753 7.572505950927734 264
1723675489886 5.497244834899902 265
1723675514889 5.071586608886719 266
1723675539885 5.573211669921875 267
1723675564892 5.501348972320557 268
1723675590004 5.656268119812012 269
1723675614845 5.5268754959106445 270
1723675639907 6.5791401863098145 271
1723675664887 5.9631452560424805 272
1723675689904 6.330924034118652 273
1723675714904 5.628543853759766 274
1723675739916 5.487734794616699 275
1723675764813 4.937075614929199 276
1723675791898 4.681739807128906 277
1723675817934 4.658820152282715 278
1723675842913 5.480045318603516 279
1723675867985 6.477289199829102 280
1723675893048 6.325863838195801 281
1723675918064 5.036734580993652 282
1723675943139 6.295036792755127 283
1723675968259 5.483851909637451 284
1723675993229 5.591688632965088 285
1723676018265 6.490342140197754 286
1723676043284 5.876916885375977 287
1723676068302 5.981808662414551 288
1723676093446 5.048583030700684 289
1723676118463 5.146604537963867 290
1723676143380 5.8267316818237305 291
1723676168385 6.1543803215026855 292
1723676193454 5.019860744476318 293
1723676218647 5.45142126083374 294
1723676243728 5.313848495483398 295
1723676268774 5.016557216644287 296
1723676293813 6.032286167144775 297
1723676318939 6.199589729309082 298
1723676343942 4.762753486633301 299
1723676368936 5.330413818359375 300
1723676394467 5.271614074707031 301
1723676419528 4.577136993408203 302
1723676444484 5.408365249633789 303
1723676469641 5.284167289733887 304
1723676494701 5.454695701599121 305
1723676519809 5.691734313964844 306
1723676544839 5.135076522827148 307
1723676569937 4.173628807067871 308
1723676595085 6.398917198181152 309
1723676620261 4.948227882385254 310
1723676645213 4.414400577545166 311
1723676670346 4.201321125030518 312
1723676695521 4.659525394439697 313
1723676720432 5.657205581665039 314
1723676745332 6.153841018676758 315
1723676770633 4.975033760070801 316
1723676795642 5.255021095275879 317
1723676820661 5.437790870666504 318
1723676845587 4.9915547370910645 319
1723676870723 5.662168502807617 320
1723676895777 5.326597213745117 321
1723676920781 5.891800880432129 322
1723676945819 5.907918930053711 323
1723676970834 6.102694034576416 324
1723676995793 5.168182849884033 325
1723677020860 5.591203689575195 326
1723677045845 5.241978168487549 327
1723677070720 5.0667195320129395 328
1723677095795 6.181716442108154 329
1723677120908 5.451819896697998 330
1723677147370 5.8962578773498535 331
1723677174580 4.775815486907959 332
1723677199776 5.373378753662109 333
1723677224855 4.71185827255249 334
1723677253051 6.6899824142456055 335
1723677280755 5.095587253570557 336
1723677305691 5.105680465698242 337
1723677330758 5.035241603851318 338
1723677356596 6.188840866088867 339
1723677381683 5.0296430587768555 340
1723677406679 5.46647834777832 341
1723677431611 6.256809234619141 342
1723677456717 6.133264541625977 343
1723677481744 5.2525858879089355 344
1723677506614 6.103826522827148 345
1723677531727 5.493527889251709 346
1723677557181 5.5662431716918945 347
1723677582196 4.613383769989014 348
1723677607512 4.999399185180664 349
1723677632660 6.118993759155273 350
1723677657586 5.141483783721924 351
1723677682618 4.874490737915039 352
1723677708504 7.148110389709473 353
1723677734416 5.540724277496338 354
1723677759507 6.5373334884643555 355
1723677785849 5.2416300773620605 356
1723677810841 5.3653764724731445 357
1723677836064 5.0911407470703125 358
1723677861204 5.602607727050781 359
1723677886063 6.526186943054199 360
1723677911975 5.651655197143555 361
1723677936835 5.943984031677246 362
1723677961962 5.694416522979736 363
1723677987678 5.109812259674072 364
1723678012599 4.373193740844727 365
1723678037591 5.791053771972656 366
1723678064123 5.918515682220459 367
1723678089170 5.227322578430176 368
1723678114213 6.0805206298828125 369
1723678139204 5.858470916748047 370
1723678164152 5.52604866027832 371
1723678189229 5.167721748352051 372
1723678214081 4.737027168273926 373
1723678239327 6.1717915534973145 374
1723678264336 6.071672439575195 375
1723678289256 5.402394771575928 376
1723678316347 6.265146255493164 377
1723678341084 5.549648284912109 378
1723678365955 5.922369956970215 379
1723678390694 5.441091537475586 380
1723678415491 4.833376884460449 381
1723678440247 5.997917175292969 382
1723678465078 5.816147804260254 383
1723678489820 4.384746074676514 384
1723678514500 4.917402267456055 385
1723678539179 5.956714630126953 386
1723678564136 5.594415187835693 387
1723678588854 5.478696823120117 388
1723678613724 5.375580787658691 389
1723678638401 5.491583824157715 390
1723678663907 5.847007751464844 391
1723678688625 5.253688335418701 392
1723678713527 5.720013618469238 393
1723678738202 6.167595863342285 394
1723678762953 5.365426063537598 395
1723678787732 6.620797157287598 396
1723678812646 5.173864364624023 397
1723678837368 4.8027663230896 398
1723678862156 6.3625946044921875 399
1723678886923 5.460966110229492 400
1723678911647 5.308994293212891 401
1723678936645 5.971747875213623 402
1723678961423 4.917563438415527 403
1723678986101 5.243064880371094 404
1723679010905 6.330528259277344 405
1723679035873 4.712883949279785 406
1723679060595 6.033143043518066 407
1723679085365 6.1622185707092285 408
1723679110220 6.784040451049805 409
1723679135481 4.593379974365234 410
1723679160340 5.564735412597656 411
1723679185067 4.838494300842285 412
1723679209851 4.346776962280273 413
1723679234582 6.259836196899414 414
1723679259372 5.051897048950195 415
1723679284000 7.601378440856934 416
1723679308786 5.071926593780518 417
1723679333491 5.759389877319336 418
1723679358288 5.610012054443359 419
1723679382963 6.043009281158447 420
1723679407944 5.062860488891602 421
1723679432734 5.610572814941406 422
1723679457492 6.837385654449463 423
1723679482156 6.112231254577637 424
1723679506905 5.216950416564941 425
1723679531632 6.19985294342041 426
1723679556440 5.12838077545166 427
1723679581305 5.037052631378174 428
1723679606075 4.7429118156433105 429
1723679630674 5.468146324157715 430
1723679655480 4.44672966003418 431
1723679680315 5.362056255340576 432
1723679705113 5.701967716217041 433
1723679730016 5.794116973876953 434
1723679755081 5.556169509887695 435
1723679779916 5.682735443115234 436
1723679804758 5.995820045471191 437
1723679829501 4.995579719543457 438
1723679854393 4.275992393493652 439
1723679879138 4.89044189453125 440
1723679903960 4.624318599700928 441
1723679928714 4.704630374908447 442
1723679953410 6.483982086181641 443
1723679978194 5.944042205810547 444
1723680003013 5.164370536804199 445
1723680027845 5.2418060302734375 446
1723680052566 4.34177303314209 447
1723680077391 5.758144378662109 448
1723680102152 5.804439544677734 449
1723680126912 5.779819488525391 450
1723680151615 4.848875999450684 451
1723680176419 4.749027252197266 452
1723680201193 4.604135513305664 453
1723680225898 5.4804205894470215 454
1723680250657 4.813657760620117 455
1723680275392 5.576498985290527 456
1723680300152 5.025829792022705 457
1723680324851 6.111368179321289 458
1723680349747 4.750370025634766 459
1723680374621 5.290513038635254 460
1723680399434 6.027111053466797 461
1723680424055 5.424365997314453 462
1723680448851 5.421354293823242 463
1723680473689 5.360372543334961 464
1723680498641 5.617867469787598 465
1723680523400 5.148238182067871 466
1723680548228 5.91972017288208 467
1723680572892 5.047499656677246 468
1723680597640 4.93472957611084 469
1723680622481 6.627010345458984 470
1723680647187 7.165071487426758 471
1723680671928 4.223934173583984 472
1723680696560 6.708154201507568 473
1723680721306 5.372663497924805 474
1723680746036 5.305893898010254 475
1723680770814 6.102221488952637 476
1723680795583 5.521873474121094 477
1723680820341 5.859169960021973 478
1723680845171 6.031820297241211 479
1723680869896 5.219483852386475 480
1723680894882 5.355314254760742 481
1723680919674 6.753684997558594 482
1723680944434 5.93707275390625 483
1723680969153 5.804352760314941 484
1723680993787 5.3816914558410645 485
1723681018604 5.361415863037109 486
1723681043462 5.20119571685791 487
1723681067989 5.120619773864746 488
1723681092732 5.898602485656738 489
1723681117423 5.530251502990723 490
1723681142213 4.83549690246582 491
1723681166996 5.57288932800293 492
1723681191762 4.7901997566223145 493
1723681216507 5.671795845031738 494
1723681241236 5.707333087921143 495
1723681265993 5.3620452880859375 496
1723681290898 5.848726272583008 497
1723681315526 4.5504865646362305 498
1723681340373 5.852690696716309 499
1723681365048 5.285218238830566 500
1723681390010 4.392399311065674 501
1723681414579 5.233577251434326 502
1723681439225 4.670185089111328 503
1723681464019 5.388003349304199 504
1723681488728 5.072607517242432 505
1723681513378 4.777323246002197 506
1723681538097 5.751220703125 507
1723681562683 5.155868053436279 508
1723681587398 4.674737453460693 509
1723681611988 5.574296951293945 510
1723681636672 4.824969291687012 511
1723681661361 5.8984270095825195 512
1723681686014 5.695085525512695 513
1723681710621 6.075897216796875 514
1723681735235 4.652255058288574 515
1723681759898 5.518393039703369 516
1723681784526 4.808897018432617 517
1723681809326 4.014990329742432 518
1723681834074 4.61562442779541 519
1723681858622 5.661256790161133 520
1723681883392 4.81713342666626 521
1723681908030 5.811243057250977 522
1723681932716 5.002607822418213 523
1723681957413 4.60349178314209 524
1723681982155 4.693874359130859 525
1723682006824 5.218595027923584 526
1723682031475 4.70845890045166 527
1723682056157 4.827320575714111 528
1723682080849 5.6384053230285645 529
1723682105569 5.788094520568848 530
1723682130180 6.377607345581055 531
1723682154876 5.666634559631348 532
1723682179659 5.170392990112305 533
1723682204399 6.4300360679626465 534
1723682229203 4.877219200134277 535
1723682253885 6.71113395690918 536
1723682278535 5.834278106689453 537
1723682303233 6.171144485473633 538
1723682327842 5.450068473815918 539
1723682352366 4.614510536193848 540
1723682377065 5.252828121185303 541
1723682401713 5.3610382080078125 542
1723682426430 5.438775539398193 543
1723682451099 5.2816691398620605 544
1723682475642 5.549633026123047 545
1723682500347 5.426281929016113 546
1723682524965 5.235790252685547 547
1723682549681 4.531229019165039 548
1723682574255 5.354424476623535 549
1723682598949 5.876652240753174 550
1723682623615 5.931576728820801 551
1723682648303 4.477366924285889 552
1723682672918 5.205528736114502 553
1723682697537 5.7068867683410645 554
1723682722160 4.95583963394165 555
1723682746801 6.819862365722656 556
1723682771370 4.890392303466797 557
1723682796082 4.351987838745117 558
1723682820812 6.056694507598877 559
1723682845470 5.076578140258789 560
1723682870318 5.554247856140137 561
1723682895026 5.383767127990723 562
1723682919678 5.639967918395996 563
1723682944201 4.137104511260986 564
1723682968848 5.3921122550964355 565
1723682993538 5.864279270172119 566
1723683018250 5.506579399108887 567
1723683042772 4.745227813720703 568
1723683067548 5.4459381103515625 569
1723683092194 5.316279411315918 570
1723683116925 5.919958591461182 571
1723683141381 5.187234878540039 572
1723683166139 4.99709415435791 573
1723683190776 5.144288063049316 574
1723683215550 6.219977378845215 575
1723683240224 4.427906036376953 576
1723683265018 6.078229904174805 577
1723683289625 3.9842464923858643 578
1723683314256 4.704875469207764 579
1723683338984 5.60685920715332 580
1723683363549 5.054722309112549 581
1723683388256 5.043314456939697 582
1723683413094 4.5130205154418945 583
1723683437651 5.8708014488220215 584
1723683462300 5.042593955993652 585
1723683486862 6.157088279724121 586
1723683511457 5.071302890777588 587
1723683536259 4.56416654586792 588
1723683561011 6.410166263580322 589
1723683585725 5.310183525085449 590
1723683610349 5.515297889709473 591
1723683635055 5.767729759216309 592
1723683659762 4.959721565246582 593
1723683684364 4.522335529327393 594
1723683709066 6.166900634765625 595
1723683733688 5.810753345489502 596
1723683758434 5.192907333374023 597
1723683782954 6.046626091003418 598
1723683807658 6.198066711425781 599
1723683832301 4.709738731384277 600
1723683857098 5.991664886474609 601
1723683881788 5.077583312988281 602
1723683906506 5.165311813354492 603
1723683931075 5.736336708068848 604
1723683955657 4.817705154418945 605
1723683980226 5.324066162109375 606
1723684004851 5.643004417419434 607
1723684029586 4.561313629150391 608
1723684054233 5.273171424865723 609
1723684078762 4.8157782554626465 610
1723684103409 6.216753959655762 611
1723684128043 4.5793962478637695 612
1723684152698 5.597434043884277 613
1723684177331 6.215683937072754 614
1723684202046 5.5444536209106445 615
1723684226640 4.691178321838379 616
1723684251309 3.9445605278015137 617
1723684275862 5.0086798667907715 618
1723684300726 5.985661506652832 619
1723684325249 4.789194107055664 620
1723684350222 6.0464582443237305 621
1723684374784 4.921300411224365 622
1723684399625 5.048691749572754 623
1723684424191 6.213799953460693 624
1723684448813 4.838444709777832 625
1723684473529 5.128270149230957 626
1723684498241 5.989621162414551 627
1723684522925 6.654452323913574 628
1723684547637 5.449156761169434 629
1723684572271 5.857120513916016 630
1723684597015 5.31263542175293 631
1723684621572 5.47764253616333 632
1723684646223 4.881361961364746 633
1723684670729 5.707758903503418 634
1723684695425 6.344232082366943 635
1723684720078 5.326156139373779 636
1723684744716 5.485818862915039 637
1723684769328 5.879866600036621 638
1723684794029 4.849158763885498 639
1723684818613 5.145157337188721 640
1723684843196 5.912407875061035 641
1723684867912 5.52138090133667 642
1723684892624 6.462920665740967 643
1723684917200 7.368776798248291 644
1723684941937 4.897500514984131 645
1723684966554 6.198373794555664 646
1723684991300 5.64251708984375 647
1723685015854 5.287384033203125 648
1723685040701 6.50642728805542 649
1723685065283 5.177612781524658 650
1723685089941 5.167893409729004 651
1723685114570 5.551077842712402 652
1723685139211 5.507488250732422 653
1723685163833 4.795125484466553 654
1723685188670 5.485759735107422 655
1723685213368 5.182540416717529 656
1723685238083 5.496827125549316 657
1723685262985 5.517426490783691 658
1723685287690 6.139538764953613 659
1723685312288 4.893848419189453 660
1723685337074 5.607051372528076 661
1723685361684 5.236005783081055 662
1723685386475 6.671179294586182 663
1723685411091 6.603338718414307 664
1723685435760 5.786769866943359 665
1723685460446 7.0526299476623535 666
1723685484990 5.216029167175293 667
1723685509705 5.628023147583008 668
1723685534244 5.590856552124023 669
1723685558788 4.108255386352539 670
1723685583443 4.696727752685547 671
1723685608035 4.6864800453186035 672
1723685632876 6.126970291137695 673
1723685657565 5.310566425323486 674
1723685682266 6.5937347412109375 675
1723685706913 5.7107391357421875 676
1723685731603 5.050666809082031 677
1723685756269 5.173131942749023 678
1723685780922 5.441856384277344 679
1723685805567 6.331549644470215 680
1723685830505 4.597100734710693 681
1723685855245 5.836495399475098 682
1723685879923 5.84379768371582 683
1723685904634 5.25028133392334 684
1723685929379 5.90031623840332 685
1723685954545 6.119940757751465 686
1723685979290 5.14658784866333 687
1723686003928 5.138072967529297 688
1723686028567 5.742099761962891 689
1723686053228 5.920670509338379 690
1723686078022 5.1928558349609375 691
1723686102655 4.125046730041504 692
1723686127379 4.665475845336914 693
1723686152102 5.082958221435547 694
1723686176622 4.696069717407227 695
1723686201391 5.158449172973633 696
1723686226073 6.425261497497559 697
1723686250616 4.897753715515137 698
1723686275319 5.956426620483398 699
1723686299895 4.960151195526123 700
1723686324599 5.314728260040283 701
1723686349332 5.9412455558776855 702
1723686374048 5.556841850280762 703
1723686398670 5.406233310699463 704
1723686423393 4.802792549133301 705
1723686447933 5.383240699768066 706
1723686472648 5.7511396408081055 707
1723686497254 5.117184638977051 708
1723686521877 5.4662981033325195 709
1723686546526 6.4113006591796875 710
1723686571287 7.441797256469727 711
1723686595824 5.040624618530273 712
1723686620592 4.8663482666015625 713
1723686645278 5.628199577331543 714
1723686670020 5.577256679534912 715
1723686694765 4.858848571777344 716
1723686719348 5.223141670227051 717
1723686743953 5.332582473754883 718
1723686768669 5.750724792480469 719
1723686793335 4.252364158630371 720
1723686817903 5.202068328857422 721
1723686842438 5.27668571472168 722
1723686867182 5.435996055603027 723
1723686892063 5.419288635253906 724
1723686916738 5.508665084838867 725
1723686941359 5.232242584228516 726
1723686966096 5.608832359313965 727
1723686990735 5.554526329040527 728
1723687015393 5.593165397644043 729
1723687040210 5.618599891662598 730
1723687064869 6.106323719024658 731
1723687089484 5.444090843200684 732
1723687114137 6.28328800201416 733
1723687138602 5.365700721740723 734
1723687163340 6.0833845138549805 735
1723687187949 5.109981060028076 736
1723687212754 6.2167463302612305 737
1723687237378 5.464388847351074 738
1723687262061 5.15701961517334 739
1723687286806 5.965597629547119 740
1723687311736 4.037302017211914 741
1723687336271 6.993679046630859 742
1723687360974 6.9102253913879395 743
1723687385535 4.908720016479492 744
1723687410161 4.751326084136963 745
1723687434837 6.272079944610596 746
1723687459520 5.29677677154541 747
1723687484137 4.303184509277344 748
1723687508805 6.124026298522949 749
1723687533354 4.443523406982422 750
1723687557918 5.789780139923096 751
1723687582502 6.361059188842773 752
1723687607188 4.630858421325684 753
1723687631902 6.560894966125488 754
1723687656479 5.722232818603516 755
1723687681046 5.749927043914795 756
1723687705723 6.2044291496276855 757
1723687730416 5.043275833129883 758
1723687755115 4.813588619232178 759
1723687779785 4.881398677825928 760
1723687804414 5.542201519012451 761
1723687829104 4.890341758728027 762
1723687853722 4.859888076782227 763
1723687878393 4.145983695983887 764
1723687903024 4.636322021484375 765
1723687927700 5.298606872558594 766
1723687952434 5.876087188720703 767
1723687977098 4.891881942749023 768
1723688001878 5.92926549911499 769
1723688026390 6.526952743530273 770
1723688051139 4.89192533493042 771
1723688075874 5.880600452423096 772
1723688100563 6.067130088806152 773
1723688125103 6.302850246429443 774
1723688149787 5.389392852783203 775
1723688174347 5.502811431884766 776
1723688199041 6.786652565002441 777
1723688223531 5.863709449768066 778
1723688248273 5.806679725646973 779
1723688272945 5.439855575561523 780
1723688297678 5.90869140625 781
1723688322352 5.352313995361328 782
1723688347145 6.1739821434021 783
1723688371819 5.662612438201904 784
1723688396493 5.648138999938965 785
1723688421115 6.620199203491211 786
1723688445801 5.821479797363281 787
1723688470467 5.0382280349731445 788
1723688495100 5.5742950439453125 789
1723688519845 5.304030418395996 790
1723688544435 4.592921733856201 791
1723688568985 4.854470729827881 792
1723688593728 4.951048374176025 793
1723688618344 4.703254699707031 794
1723688642991 4.050899505615234 795
1723688667577 4.932030200958252 796
1723688692352 6.969595909118652 797
1723688717012 5.535245895385742 798
1723688741708 6.764281749725342 799
1723688766394 5.800197124481201 800
1723688791100 7.1675310134887695 801
1723688815815 5.890969276428223 802
1723688840449 6.519157409667969 803
1723688865081 4.741818428039551 804
1723688889685 5.769084930419922 805
1723688914295 6.901390075683594 806
1723688938945 5.215273857116699 807
1723688963432 4.703547954559326 808
1723688988200 4.547783851623535 809
1723689012936 5.4483418464660645 810
1723689037509 5.1595964431762695 811
1723689062288 5.828066825866699 812
1723689087009 6.040299415588379 813
1723689111640 6.187539100646973 814
1723689136286 6.1349029541015625 815
1723689160825 7.268298625946045 816
1723689185463 5.077269554138184 817
1723689210172 5.828865051269531 818
1723689234860 5.679530143737793 819
1723689259570 5.6908159255981445 820
1723689284487 5.453850746154785 821
1723689309296 5.799798011779785 822
1723689333960 5.5453290939331055 823
1723689358622 5.226627349853516 824
1723689383213 5.045117378234863 825
1723689407960 5.77954626083374 826
1723689432685 6.609806060791016 827
1723689457334 5.460751056671143 828
1723689482027 4.967797756195068 829
1723689506654 5.122830390930176 830
1723689531522 5.478164196014404 831
1723689556242 5.413037300109863 832
1723689580813 6.470714569091797 833
1723689605493 5.804003715515137 834
1723689630124 4.287411689758301 835
1723689654829 5.460145950317383 836
1723689679612 5.824474334716797 837
1723689704275 5.539211273193359 838
1723689728911 6.056060791015625 839
1723689753565 4.239591598510742 840
1723689778321 6.519636154174805 841
1723689802925 5.0939435958862305 842
1723689827617 4.607881546020508 843
1723689852224 5.975871562957764 844
1723689876863 6.063900947570801 845
1723689901539 5.380342483520508 846
1723689926327 6.116837501525879 847
1723689951002 6.155898094177246 848
1723689975682 5.686568737030029 849
1723690000247 6.640355587005615 850
1723690024879 5.6921844482421875 851
1723690049649 6.010926246643066 852
1723690074295 6.118990898132324 853
1723690098932 5.11439847946167 854
1723690123623 6.316586017608643 855
1723690148229 5.819674491882324 856
1723690173045 5.928448677062988 857
1723690197658 5.068331241607666 858
1723690222339 7.279809951782227 859
1723690246950 5.118682861328125 860
1723690271821 7.486681938171387 861
1723690296492 6.28676176071167 862
1723690321207 5.986110210418701 863
1723690345772 5.590837478637695 864
1723690370495 5.725541114807129 865
1723690395214 6.592025279998779 866
1723690419891 5.577978134155273 867
1723690444613 6.115019798278809 868
1723690469201 5.442192554473877 869
1723690493841 5.0878753662109375 870
1723690518419 5.913173675537109 871
1723690542877 4.310575008392334 872
1723690567534 5.1514458656311035 873
1723690592097 4.759711265563965 874
1723690616798 6.158588886260986 875
1723690641313 6.915199279785156 876
1723690666125 5.911973476409912 877
1723690690717 4.972746849060059 878
1723690715372 4.497350215911865 879
1723690739972 6.196278095245361 880
1723690764675 6.711880683898926 881
1723690789340 6.452572822570801 882
1723690814071 7.817536354064941 883
1723690838713 5.666663646697998 884
1723690863409 4.794252395629883 885
1723690888097 4.943049907684326 886
1723690912891 5.660191535949707 887
1723690937475 5.4392852783203125 888
1723690962144 6.644991874694824 889
1723690986789 5.584783554077148 890
1723691011407 5.607297420501709 891
1723691035978 5.455439567565918 892
1723691060664 4.782428741455078 893
1723691085347 4.063908576965332 894
1723691109952 5.834781646728516 895
1723691134544 5.308975696563721 896
1723691159203 5.671896934509277 897
1723691183703 5.4798078536987305 898
1723691208426 5.257012367248535 899
1723691232945 5.796846389770508 900
1723691257565 5.199703693389893 901
1723691282153 5.435079574584961 902
1723691306812 5.622317314147949 903
1723691331354 4.756119251251221 904
1723691356183 5.977426528930664 905
1723691380708 5.296008110046387 906
1723691405515 7.587777137756348 907
1723691430213 5.830174446105957 908
1723691454920 5.180862903594971 909
1723691479511 5.274466037750244 910
1723691504211 6.762828826904297 911
1723691528804 5.363452434539795 912
1723691553363 4.154858112335205 913
1723691577954 6.884413242340088 914
1723691602551 6.222089767456055 915
1723691627267 6.060471534729004 916
1723691651959 5.1127166748046875 917
1723691676662 5.768902778625488 918
1723691701295 5.188608169555664 919
1723691726028 6.251879692077637 920
1723691750839 5.507715225219727 921
1723691775453 7.052664756774902 922
1723691800215 4.534598350524902 923
1723691824782 6.491053581237793 924
1723691849510 5.310561180114746 925
1723691874088 6.076437950134277 926
1723691898876 5.745479583740234 927
1723691923421 5.061662673950195 928
1723691948063 5.390994548797607 929
1723691972729 6.046224117279053 930
1723691997376 6.58907413482666 931
1723692021945 4.199076175689697 932
1723692046581 6.324438095092773 933
1723692071474 6.121651649475098 934
1723692096132 4.50134801864624 935
1723692120871 6.048377990722656 936
1723692145603 4.395221710205078 937
1723692170291 5.381958961486816 938
1723692195023 4.4142069816589355 939
1723692219608 4.9842939376831055 940
1723692244233 5.571922302246094 941
1723692268795 5.589658737182617 942
1723692293590 4.231500148773193 943
1723692318388 5.211128234863281 944
1723692343239 5.460362434387207 945
1723692368039 6.373295783996582 946
1723692392757 6.402732849121094 947
1723692417376 5.248531818389893 948
1723692442165 6.161539077758789 949
1723692466870 5.511181354522705 950
1723692491542 5.5265326499938965 951
1723692516286 5.3373823165893555 952
1723692541012 5.336075782775879 953
1723692565801 5.165916919708252 954
1723692590373 4.965346336364746 955
1723692615008 6.475165843963623 956
1723692639700 5.305230140686035 957
1723692664255 5.970117092132568 958
1723692689003 5.418272018432617 959
1723692713667 5.753376007080078 960
1723692738524 5.53805685043335 961
1723692763142 5.094809055328369 962
1723692787915 5.2249650955200195 963
1723692812500 5.223491668701172 964
1723692837202 6.009609699249268 965
1723692861856 5.601787090301514 966
1723692886616 5.6417999267578125 967
1723692911288 4.592294692993164 968
1723692935831 5.390045166015625 969
1723692960474 5.196323394775391 970
1723692985142 5.824130535125732 971
1723693009692 5.164194107055664 972
1723693034355 6.142860412597656 973
1723693059083 5.377145767211914 974
1723693083718 5.535353660583496 975
1723693108241 5.074191570281982 976
1723693132818 5.188114643096924 977
1723693157410 5.323091506958008 978
1723693182109 4.8745598793029785 979
1723693206933 6.430524826049805 980
1723693236166 5.364253044128418 981
1723693260691 7.348013401031494 982
1723693285533 5.4436821937561035 983
1723693310316 5.73057746887207 984
1723693335094 5.787962913513184 985
1723693359671 4.560641765594482 986
1723693384285 5.76452112197876 987
1723693408903 5.881382942199707 988
1723693433632 6.536399841308594 989
1723693458229 5.243132591247559 990
1723693482845 6.646498203277588 991
1723693507651 5.825689792633057 992
1723693532196 6.2693281173706055 993
1723693556805 5.534135818481445 994
1723693581478 6.1249542236328125 995
1723693606104 5.806760311126709 996
1723693630679 6.226049900054932 997
1723693655273 5.405845642089844 998
1723693679920 4.9109954833984375 999
1723693704543 5.139754295349121 1000
1723693730752 6.39084529876709 1001
1723693755464 5.115834712982178 1002
1723693780063 5.307287216186523 1003
1723693804822 5.98522424697876 1004
1723693829665 5.496432304382324 1005
1723693854328 5.790728569030762 1006
1723693878966 5.2620954513549805 1007
1723693903467 7.404670715332031 1008
1723693928030 5.314911842346191 1009
1723693952623 6.108086585998535 1010
1723693930233 6.251197814941406 1011
1723693954800 5.505094528198242 1012
1723693979497 5.723769664764404 1013
1723694004151 7.9212646484375 1014
1723694028855 5.575394630432129 1015
1723694053390 5.831120491027832 1016
1723694078059 6.369999885559082 1017
1723694102587 6.620912075042725 1018
1723694127157 5.451112747192383 1019
1723694151838 5.801868438720703 1020
1723694176470 4.631425857543945 1021
1723694201034 5.307002067565918 1022
1723694225744 6.5607500076293945 1023
1723694250457 5.112253665924072 1024
1723694275104 4.9774627685546875 1025
1723694299771 5.516169548034668 1026
1723694324321 6.381606101989746 1027
1723694348817 6.04808235168457 1028
1723694373479 4.954236030578613 1029
1723694397962 5.844130039215088 1030
1723694422587 6.011862277984619 1031
1723694447249 6.673198699951172 1032
1723694471912 6.340950965881348 1033
1723694496570 6.140098571777344 1034
1723694521215 7.018994331359863 1035
1723694545786 4.996241569519043 1036
1723694570656 4.983499050140381 1037
1723694595207 5.175241470336914 1038
1723694619789 4.840542793273926 1039
1723694644513 6.4001922607421875 1040
1723694669272 5.798957824707031 1041
1723694693799 4.879153251647949 1042
1723694718366 7.251285552978516 1043
1723694742947 5.623044490814209 1044
1723694767490 6.719099044799805 1045
1723694792118 4.6565141677856445 1046
1723694816734 5.07073450088501 1047
1723694841464 5.378952503204346 1048
1723694866234 6.740789890289307 1049
1723694890783 4.888162136077881 1050
1723694915378 5.169172286987305 1051
1723694940145 6.264802932739258 1052
1723694964803 5.769519805908203 1053
1723694989339 5.143715858459473 1054
1723695014127 6.060163497924805 1055
1723695038695 5.9737138748168945 1056
1723695063518 5.176911354064941 1057
1723695087985 5.203542709350586 1058
1723695112701 5.724083423614502 1059
1723695137392 5.7226409912109375 1060
1723695166905 6.851263046264648 1061
1723695191432 4.849924087524414 1062
1723695216107 4.946981906890869 1063
1723695240739 7.355469703674316 1064
1723695265469 5.91177225112915 1065
1723695290134 5.490506172180176 1066
1723695314773 7.223876953125 1067
1723695339321 7.882511138916016 1068
1723695364165 4.300820827484131 1069
1723695388780 5.607362747192383 1070
1723695413518 5.519930362701416 1071
1723695438245 5.262448787689209 1072
1723695462934 6.341543197631836 1073
1723695487570 5.466873645782471 1074
1723695512206 5.439391136169434 1075
1723695536852 5.336850166320801 1076
1723695561582 5.3762736320495605 1077
1723695586219 4.174266338348389 1078
1723695610913 5.88313102722168 1079
1723695635558 4.969331741333008 1080
1723695660125 5.017214775085449 1081
1723695684747 4.897112846374512 1082
1723695709380 4.938446998596191 1083
1723695734071 5.576505661010742 1084
1723695758702 4.376276016235352 1085
1723695783341 4.163630962371826 1086
1723695807985 5.604230880737305 1087
1723695832765 6.416408538818359 1088
1723695857531 5.531560897827148 1089
1723695882091 6.419034957885742 1090
1723695906833 4.217098236083984 1091
1723695931584 5.025824546813965 1092
1723695956253 6.972485542297363 1093
1723695980984 5.118870735168457 1094
1723696005673 5.2403564453125 1095
1723696030254 4.736928939819336 1096
1723696054858 5.421041488647461 1097
1723696079584 5.352158069610596 1098
1723696104117 5.660540580749512 1099
1723696128720 7.692446708679199 1100
1723696153400 4.225570201873779 1101
1723696177940 4.905498504638672 1102
1723696202571 4.9681854248046875 1103
1723696227102 5.03122615814209 1104
1723696251753 4.976579666137695 1105
1723696276290 6.904910087585449 1106
1723696301121 5.644573211669922 1107
1723696325666 6.090454578399658 1108
1723696350326 5.893600940704346 1109
1723696374953 4.964260101318359 1110
1723696399666 5.672328948974609 1111
1723696424235 5.564907550811768 1112
1723696449077 4.212106704711914 1113
1723696473653 5.663228988647461 1114
1723696498434 4.711510181427002 1115
1723696523168 5.412919998168945 1116
1723696547869 4.957638740539551 1117
1723696572523 4.536519527435303 1118
1723696597179 5.01018762588501 1119
1723696621864 5.084654331207275 1120
1723696646765 4.580998420715332 1121
1723696671397 5.268580913543701 1122
1723696696062 6.353207588195801 1123
1723696721148 5.069119453430176 1124
1723696745863 4.724771022796631 1125
1723696770357 4.261438369750977 1126
1723696795178 6.211568832397461 1127
1723696819740 6.697999954223633 1128
1723696844440 4.973553657531738 1129
1723696869137 7.456132888793945 1130
1723696893793 4.564350128173828 1131
1723696918499 5.266687870025635 1132
1723696943439 5.42047119140625 1133
1723696968025 5.331164360046387 1134
1723696992783 4.394969940185547 1135
1723697017386 5.471832752227783 1136
1723697042196 4.801176071166992 1137
1723697066919 5.63710880279541 1138
1723697091660 6.113411903381348 1139
1723697116356 5.766788005828857 1140
1723697141115 5.186886787414551 1141
1723697165670 5.121203422546387 1142
1723697190301 5.687676429748535 1143
1723697214913 5.144023418426514 1144
1723697239686 5.923418045043945 1145
1723697264282 6.276537895202637 1146
1723697288991 6.372714042663574 1147
1723697313586 5.172595977783203 1148
1723697338390 6.032233238220215 1149
1723697362929 4.330113410949707 1150
1723697387601 4.739093780517578 1151
1723697412206 5.314966201782227 1152
1723697436954 6.45192813873291 1153
1723697461569 6.072028636932373 1154
1723697486282 5.7671356201171875 1155
1723697511077 4.674336910247803 1156
1723697535977 5.64763069152832 1157
1723697560540 6.079345703125 1158
1723697585378 3.99493408203125 1159
1723697609936 6.661877155303955 1160
1723697634758 5.663476467132568 1161
1723697659476 5.455540657043457 1162
1723697684407 5.861643314361572 1163
1723697709051 5.058201313018799 1164
1723697733831 4.262734413146973 1165
1723697758423 4.883329391479492 1166
1723697783074 4.595388412475586 1167
1723697807633 6.465859413146973 1168
1723697832331 5.734758377075195 1169
1723697857044 6.583949565887451 1170
1723697881727 5.1469550132751465 1171
1723697906449 4.7877397537231445 1172
1723697931018 6.367819786071777 1173
1723697955663 5.432301044464111 1174
1723697980334 4.763908863067627 1175
1723698004995 6.615865707397461 1176
1723698029555 5.201692581176758 1177
1723698054214 6.0847249031066895 1178
1723698078834 5.576656341552734 1179
1723698103491 4.876714706420898 1180
1723698128651 6.193758010864258 1181
1723698153277 6.112123012542725 1182
1723698177949 6.18404483795166 1183
1723698202485 6.107982635498047 1184
1723698227537 5.130807876586914 1185
1723698252349 6.574098587036133 1186
1723698277162 4.628718852996826 1187
1723698301930 5.72479248046875 1188
1723698326922 5.6410722732543945 1189
1723698351712 5.3534464836120605 1190
1723698376362 6.642443656921387 1191
1723698400901 5.552063941955566 1192
1723698425638 5.347883224487305 1193
1723698450316 7.140021324157715 1194
1723698475079 6.367840766906738 1195
1723698499710 5.7639875411987305 1196
1723698524265 6.370804786682129 1197
1723698548875 5.205567836761475 1198
1723698573570 6.084959030151367 1199
1723698598242 5.648088455200195 1200
1723698623130 5.145459175109863 1201
1723698647842 5.068986892700195 1202
1723698672704 5.427855491638184 1203
1723698697349 5.715414047241211 1204
1723698722044 5.999558925628662 1205
1723698746642 5.9036970138549805 1206
1723698771340 5.262404441833496 1207
1723698795987 6.372613906860352 1208
1723698820749 4.63565731048584 1209
1723698845358 5.798675060272217 1210
1723698870017 4.494072914123535 1211
1723698894593 5.392763137817383 1212
1723698919243 5.088541030883789 1213
1723698943885 4.874083042144775 1214
1723698968599 5.876147270202637 1215
1723698993240 6.69003438949585 1216
1723699017856 5.002803802490234 1217
1723699042641 4.48958683013916 1218
1723699067198 6.173517227172852 1219
1723699091878 5.54897403717041 1220
1723699116535 4.676853656768799 1221
1723699141044 5.016387462615967 1222
1723699165727 5.612811088562012 1223
1723699190339 6.034981727600098 1224
1723699215138 5.887637138366699 1225
1723699239683 5.595102310180664 1226
1723699264519 5.80026912689209 1227
1723699289157 5.648960113525391 1228
1723699313808 5.01400089263916 1229
1723699338505 4.237555503845215 1230
1723699363157 4.923971176147461 1231
1723699387742 5.112645149230957 1232
1723699412369 5.537694931030273 1233
1723699436977 5.366137504577637 1234
1723699461654 4.752561569213867 1235
1723699486115 4.613603591918945 1236
1723699510822 5.3228559494018555 1237
1723699536328 5.237018585205078 1238
1723699561052 5.122538089752197 1239
1723699585660 5.932490348815918 1240
1723699610449 5.683773040771484 1241
1723699635342 4.774650573730469 1242
1723699660120 4.971728324890137 1243
1723699684774 6.001038551330566 1244
1723699709422 5.513284683227539 1245
1723699734048 6.7519025802612305 1246
1723699758805 5.185259819030762 1247
1723699783547 4.468392372131348 1248
1723699808184 4.681742191314697 1249
1723699832801 5.312272548675537 1250
1723699857530 5.444656848907471 1251
1723699882157 6.217974662780762 1252
1723699906905 5.807777404785156 1253
1723699931587 5.2153000831604 1254
1723699956236 5.602710723876953 1255
1723699980957 5.321217060089111 1256
1723700005588 6.443667888641357 1257
1723700030144 4.611991882324219 1258
1723700054991 5.695556640625 1259
1723700079580 6.599692344665527 1260
1723700104322 4.9706268310546875 1261
1723700128985 6.123013496398926 1262
1723700153696 5.041302680969238 1263
1723700178225 5.876042366027832 1264
1723700203013 4.392031192779541 1265
1723700227674 4.719157695770264 1266
1723700252366 5.231223106384277 1267
1723700276903 5.921505451202393 1268
1723700301643 4.932558536529541 1269
1723700326315 5.32127571105957 1270
1723700350944 5.6267828941345215 1271
1723700375632 5.10597562789917 1272
1723700400290 5.856784343719482 1273
1723700425000 6.338921070098877 1274
1723700449689 5.236804962158203 1275
1723700474358 6.01190185546875 1276
1723700499248 5.609415054321289 1277
1723700524116 5.709456920623779 1278
1723700548748 5.333100318908691 1279
1723700573459 5.925911903381348 1280
1723700598172 4.806000709533691 1281
1723700622841 6.366995811462402 1282
1723700647588 5.7850341796875 1283
1723700672183 4.790092945098877 1284
1723700696743 5.584295749664307 1285
1723700721360 4.459692001342773 1286
1723700746130 6.536520004272461 1287
1723700770782 5.528136253356934 1288
1723700795578 5.400518894195557 1289
1723700820257 4.500669956207275 1290
1723700844957 5.117273807525635 1291
1723700869728 4.286844730377197 1292
1723700894432 6.048135757446289 1293
1723700918977 5.4339165687561035 1294
1723700943510 5.067306041717529 1295
1723700968336 5.067974090576172 1296
1723700992965 6.073693752288818 1297
1723701017494 4.987692356109619 1298
1723701042108 4.356573104858398 1299
1723701066819 6.178218841552734 1300
1723701091678 4.66741943359375 1301
1723701116430 4.63162899017334 1302
1723701141559 5.9324727058410645 1303
1723701166136 4.864514350891113 1304
1723701190807 5.1098856925964355 1305
1723701215351 5.460298538208008 1306
1723701240178 5.626293182373047 1307
1723701264851 5.530629634857178 1308
1723701289530 4.664639949798584 1309
1723701314305 5.749339580535889 1310
1723701339029 5.353423118591309 1311
1723701363572 5.438541889190674 1312
1723701388407 5.074297904968262 1313
1723701412967 5.6373162269592285 1314
1723701437801 4.9580206871032715 1315
1723701462402 5.464933395385742 1316
1723701487089 5.829176902770996 1317
1723701511705 6.379985809326172 1318
1723701536450 4.891594409942627 1319
1723701561058 7.137180328369141 1320
1723701585605 5.355682373046875 1321
1723701610213 6.013094902038574 1322
1723701634797 5.137877941131592 1323
1723701659488 5.448633670806885 1324
1723701684328 5.58085823059082 1325
1723701709038 5.556948184967041 1326
1723701733689 4.962924480438232 1327
1723701758284 5.6406145095825195 1328
1723701783066 4.884346008300781 1329
1723701807690 5.542354583740234 1330
1723701832333 6.226271629333496 1331
1723701857039 4.952723026275635 1332
1723701881751 5.654096603393555 1333
1723701906363 5.176911354064941 1334
1723701931186 5.943931579589844 1335
1723701955813 6.649989128112793 1336
1723701980492 5.301568031311035 1337
1723702005209 5.466459274291992 1338
1723702030030 4.56010627746582 1339
1723702054856 6.381828784942627 1340
1723702079641 4.699334144592285 1341
1723702104506 5.605032920837402 1342
1723702129307 5.034878730773926 1343
1723702154067 5.747618675231934 1344
1723702178665 5.734934329986572 1345
1723702203277 6.058006286621094 1346
1723702228013 5.543887138366699 1347
1723702252669 4.9600419998168945 1348
1723702277412 5.07354211807251 1349
1723702302029 4.686075687408447 1350
1723702326779 5.289831161499023 1351
1723702351365 4.532690048217773 1352
1723702376087 5.892373085021973 1353
1723702400836 4.730469703674316 1354
1723702425528 5.366670608520508 1355
1723702450100 6.728977203369141 1356
1723702474694 6.042451858520508 1357
1723702499429 4.533613204956055 1358
1723702524224 4.792463302612305 1359
1723702548865 6.308323860168457 1360
1723702573635 5.223898410797119 1361
1723702598362 5.496075630187988 1362
1723702623070 5.797464370727539 1363
1723702647795 6.536604404449463 1364
1723702672443 5.98149299621582 1365
1723702697091 6.655465126037598 1366
1723702721712 5.5142717361450195 1367
1723702746299 5.720401287078857 1368
1723702771070 6.6493120193481445 1369
1723702795746 5.743816375732422 1370
1723702820370 4.5383100509643555 1371
1723702844963 5.183826446533203 1372
1723702869705 5.821048736572266 1373
1723702894336 4.736917495727539 1374
1723702918945 5.243215560913086 1375
1723702943565 5.352256774902344 1376
1723702968317 4.54524564743042 1377
1723702993010 5.999471187591553 1378
1723703017513 4.744213104248047 1379
1723703042293 5.572426795959473 1380
1723703067005 4.916893005371094 1381
1723703091753 4.940223217010498 1382
1723703116510 6.001138687133789 1383
1723703141420 6.228479385375977 1384
1723703166147 6.174651145935059 1385
1723703190789 5.613024711608887 1386
1723703215480 5.5263872146606445 1387
1723703240181 5.097473621368408 1388
1723703264847 5.642093658447266 1389
1723703289438 5.386432647705078 1390
1723703314143 6.254343032836914 1391
1723703338813 5.8294830322265625 1392
1723703363493 5.994509696960449 1393
1723703388095 4.953557014465332 1394
1723703412748 5.807611465454102 1395
1723703437476 5.888357162475586 1396
1723703462090 6.316463470458984 1397
1723703486670 6.098153114318848 1398
1723703511352 4.683286190032959 1399
1723703535981 5.1291937828063965 1400
1723703560668 5.061212062835693 1401
1723703585277 6.258749961853027 1402
1723703609954 4.97416877746582 1403
1723703634586 5.94055700302124 1404
1723703659249 5.316400527954102 1405
1723703683951 5.164315223693848 1406
1723703708676 5.60110330581665 1407
1723703733317 6.469915390014648 1408
1723703758084 4.078098297119141 1409
1723703782755 4.812905311584473 1410
1723703807640 5.269035339355469 1411
1723703832430 5.423171043395996 1412
1723703857153 6.899226188659668 1413
1723703881721 5.599388122558594 1414
1723703906597 6.305483818054199 1415
1723703931205 6.477033615112305 1416
1723703955813 4.887592315673828 1417
1723703980560 6.762609958648682 1418
1723704005219 5.253393173217773 1419
1723704029741 4.443165302276611 1420
1723704054526 3.8516106605529785 1421
1723704079193 7.213777542114258 1422
1723704103933 5.462945461273193 1423
1723704128538 5.5159912109375 1424
1723704153184 5.477239608764648 1425
1723704177921 7.539520263671875 1426
1723704202613 5.5468645095825195 1427
1723704227381 6.501102447509766 1428
1723704252178 4.813692092895508 1429
1723704277006 5.404486656188965 1430
1723704301657 4.698320388793945 1431
1723704326297 5.024871826171875 1432
1723704351102 5.927947044372559 1433
1723704375789 5.333423137664795 1434
1723704400549 4.931567192077637 1435
1723704425203 5.660160064697266 1436
1723704449920 5.902590751647949 1437
1723704474519 4.336882591247559 1438
1723704499212 7.043504238128662 1439
1723704523806 5.510501861572266 1440
1723704548827 5.782779216766357 1441
1723704574323 4.387242794036865 1442
1723704599878 5.36552095413208 1443
1723704624810 5.650169849395752 1444
1723704649801 5.360689640045166 1445
1723704674603 5.591038227081299 1446
1723704699558 4.925308704376221 1447
1723704724535 5.647822380065918 1448
1723704749414 4.393069267272949 1449
1723704774473 6.234189987182617 1450
1723704799452 4.567406177520752 1451
1723704824492 4.372097015380859 1452
1723704849662 5.015519618988037 1453
1723704874627 5.02078914642334 1454
1723704899492 5.2137770652771 1455
1723704924454 6.195775985717773 1456
1723704949495 4.907694339752197 1457
1723704974373 4.7270731925964355 1458
1723704999289 5.131499290466309 1459
1723705024232 5.750232696533203 1460
1723705049277 6.4166059494018555 1461
1723705074221 7.402613639831543 1462
1723705099264 5.2917633056640625 1463
1723705124209 6.207119941711426 1464
1723705149104 5.78170108795166 1465
1723705173966 6.13865852355957 1466
1723705198891 4.740636348724365 1467
1723705223778 4.905220985412598 1468
1723705248774 5.867137908935547 1469
1723705273842 4.604111671447754 1470
1723705298602 5.978827476501465 1471
1723705323473 5.203505516052246 1472
1723705348354 5.740889549255371 1473
1723705373171 6.236917972564697 1474
1723705398015 6.7055463790893555 1475
1723705422904 5.426233291625977 1476
1723705447750 5.048438549041748 1477
1723705472652 5.143877029418945 1478
1723705497541 5.324738025665283 1479
1723705522392 4.371140956878662 1480
1723705547643 5.400524616241455 1481
1723705572665 5.200709819793701 1482
1723705597646 6.007321357727051 1483
1723705622658 5.445815086364746 1484
1723705647595 5.491983413696289 1485
1723705672646 6.009191513061523 1486
1723705697497 5.494575500488281 1487
1723705722463 4.707322597503662 1488
1723705747445 5.923986434936523 1489
1723705772347 5.390632629394531 1490
1723705797304 6.072720050811768 1491
1723705822222 4.7310004234313965 1492
1723705847196 4.840308666229248 1493
1723705872276 5.182822227478027 1494
1723705897092 4.815585613250732 1495
1723705922054 5.137026786804199 1496
1723705947001 5.031772613525391 1497
1723705972134 7.499434947967529 1498
1723705997049 5.05836296081543 1499
