1723668811792 9.768328666687012 0
1723670334970 5.8254997332890825 60
1723671856412 5.693207248051961 120
1723673360641 5.684345455964406 180
1723674864262 5.340382361412049 240
1723676369127 5.648958961168925 300
1723677886313 5.444299022356669 360
1723679383169 5.578836337725321 420
1723680870072 5.437575562795003 480
1723681365215 5.491054177284241 500
1723682845641 5.294155017534892 560
1723684325435 5.302709058920542 620
1723685805746 5.598208244641622 680
1723687286990 5.457088279724121 740
1723688766551 5.509755746523539 800
1723690247122 5.701560362180074 860
1723691726204 5.693030428886414 920
1723693211490 5.493994283676147 980
1723693706104 5.777528953552246 1000
1723695142146 5.772612539927165 1060
1723696622056 5.449992736180623 1120
1723698103780 5.473921195665995 1180
1723699585846 5.536357124646504 1240
1723701067007 5.432732796669006 1300
1723702549048 5.436667156219483 1360
1723704029917 5.5755835692087805 1420
1723705522559 5.474539653460185 1480
