1726175790767 0.00022567567318522682 150
1726176062282 0.00022529586625751107 300
1726176324638 0.0002232819870308352 450
1726176583510 0.00022758716678557297 600
1726176860725 0.00022065782201631615 750
1726177135357 0.00022202155213259781 900
1726177406328 0.00022272276721196248 1050
1726177677327 0.000223871611233335 1200
1726177947995 0.00022428032069001346 1350
1726178220238 0.00021962266163124393 1500
1726178493434 0.0002226063728448935 1650
1726178765482 0.00022174080930805455 1800
1726179037547 0.0002193837760326763 1950
1726179308911 0.00022210211881125967 2100
1726179580726 0.00021891650336328895 2250
1726179853283 0.00021708468120777978 2400
1726180126251 0.00021955336308262 2550
1726180398774 0.00021845510472000266 2700
1726180671887 0.00021941268011384333 2850
1726180947027 0.0002228520598146133 3000
1726181221100 0.0002194446760889453 3150
1726181492474 0.00021461718948557974 3300
1726181764515 0.00021735034407659745 3450
1726182037346 0.00022122611543939758 3600
1726182310294 0.00021891114806445937 3750
1726182583583 0.00022080960877550145 3900
1726182855873 0.0002189184299398524 4050
1726183128360 0.0002134363529815649 4200
1726183399677 0.00021557507357404879 4350
1726183671105 0.000221310275956057 4500
1726183944630 0.0002156978547767115 4650
1726184217398 0.00021605003013974055 4800
1726184489900 0.00021550064217687275 4950
1726184762607 0.0002183571095035101 5100
1726185033973 0.00021838526445208117 5250
1726185307789 0.00021662557313296323 5400
1726185579814 0.00021368236222770064 5550
1726185851967 0.00021921135165030138 5700
1726186123104 0.00021379934245487674 5850
1726186393443 0.00021432531871444857 6000
1726186667011 0.00021463959992009527 6150
1726186938807 0.0002166354572788502 6300
1726187212503 0.00021611404915650685 6450
1726187484951 0.00021844251692527906 6600
1726187757069 0.0002184084903759261 6750
1726188029658 0.00021671729928736264 6900
1726188302282 0.00021697529387893155 7050
1726188575167 0.00021372417628299446 7200
1726188846491 0.0002168172365054488 7350
1726189118749 0.00021237253395762915 7500
