1726175774453 0.00022638829291636348 140
1726176046061 0.0002251053464715369 290
1726176310175 0.00022359596584768345 440
1726176567088 0.000227845200667313 590
1726176841820 0.0002196847929735668 740
1726177119186 0.00022247969240803893 890
1726177390027 0.00022201386163942516 1040
1726177661151 0.00022491449480488274 1190
1726177931793 0.00022373142409681652 1340
1726178203968 0.0002200433502245384 1490
1726178477216 0.0002225099690258503 1640
1726178749157 0.0002214718342293054 1790
1726179021298 0.00021909601530448224 1940
1726179292811 0.00022243491422462589 2090
1726179564509 0.00021893722606667628 2240
1726179836889 0.00021794694611647477 2390
1726180109882 0.0002175117148241649 2540
1726180382340 0.00021995774179231375 2690
1726180655355 0.00021938800734157363 2840
1726180930479 0.00022166642845453073 2990
1726181204854 0.00022029622331804906 3140
1726181476182 0.0002155471717317899 3290
1726181748121 0.00021678379940567538 3440
1726182020985 0.0002202381468183982 3590
1726182294058 0.000219292241090443 3740
1726182567263 0.00022117472583583244 3890
1726182839638 0.00021844194357981906 4040
1726183112201 0.0002145273937882545 4190
1726183383438 0.00021502961812075227 4340
1726183654754 0.0002206584409577772 4490
1726183928216 0.00021638709731632843 4640
1726184200971 0.0002158520858696041 4790
1726184473635 0.00021602746196246395 4940
1726184746208 0.00021812851501939198 5090
1726185017880 0.00021740332304034382 5240
1726185291284 0.00021676164362967635 5390
1726185563750 0.00021467165381181986 5540
1726185835914 0.00021931694413069636 5690
1726186107008 0.0002136977760043616 5840
1726186377325 0.00021430208551464602 5990
1726186650775 0.0002145465982418197 6140
1726186922598 0.00021620917968296756 6290
1726187196018 0.00021728085324866696 6440
1726187468532 0.00021839680596409986 6590
1726187740707 0.00021674895785205687 6740
1726188013282 0.00021724617525857562 6890
1726188285877 0.00021658792063438645 7040
1726188558854 0.00021290092098449046 7190
1726188830267 0.00021796763146994636 7340
1726189102510 0.00021279680028480168 7490
