1723498451099 0.21138164401054382 0
1723498456112 0.2074633538722992 1
1723498460185 0.18451406061649323 2
1723498464077 0.21603964269161224 3
1723498467955 0.19505169987678528 4
1723498471860 0.19595777988433838 5
1723498475750 0.19264453649520874 6
1723498479664 0.20293018221855164 7
1723498483590 0.20553900301456451 8
1723498487975 0.20374725759029388 9
1723498492496 0.19015975296497345 10
1723498496539 0.19900289177894592 11
1723498500803 0.18895702064037323 12
1723498505179 0.19145843386650085 13
1723498509648 0.20486381649971008 14
1723498513947 0.19779464602470398 15
1723498518377 0.1897314488887787 16
1723498522731 0.193171426653862 17
1723498526992 0.18995405733585358 18
1723498531295 0.19613000750541687 19
1723498536375 0.18861067295074463 20
1723498541452 0.2023221105337143 21
1723498546092 0.1955259144306183 22
1723498550309 0.17545558512210846 23
1723498554544 0.19592948257923126 24
1723498558770 0.1861419826745987 25
1723498563032 0.19343529641628265 26
1723498567702 0.20877861976623535 27
1723498572064 0.18762527406215668 28
1723498576526 0.2149771749973297 29
1723498581009 0.19013775885105133 30
1723498586703 0.18865761160850525 31
1723498591489 0.19833172857761383 32
1723498595906 0.21503221988677979 33
1723498600595 0.19749173521995544 34
1723498605269 0.21326909959316254 35
1723498610004 0.18563684821128845 36
1723498614603 0.19467997550964355 37
1723498619185 0.200412780046463 38
1723498623750 0.19891871511936188 39
1723498628130 0.19029642641544342 40
1723498632396 0.1900339126586914 41
1723498636606 0.2193242758512497 42
1723498640832 0.18605637550354004 43
1723498644981 0.19378164410591125 44
1723498649111 0.19130362570285797 45
1723498653936 0.1880314201116562 46
1723498658326 0.18827414512634277 47
1723498662791 0.18145248293876648 48
1723498667245 0.1927238553762436 49
1723498671711 0.19876495003700256 50
1723498676205 0.18695545196533203 51
1723498680709 0.19124871492385864 52
1723498685244 0.2054099142551422 53
1723498689801 0.1814257800579071 54
1723498694380 0.20594549179077148 55
1723498698961 0.18559257686138153 56
1723498703689 0.16821159422397614 57
1723498708375 0.19671478867530823 58
1723498712990 0.17461657524108887 59
1723498717625 0.2048761248588562 60
1723498722613 0.20424313843250275 61
1723498727428 0.19144950807094574 62
1723498732194 0.17933426797389984 63
1723498736846 0.19571000337600708 64
1723498741517 0.20068398118019104 65
1723498746178 0.1909547746181488 66
1723498750839 0.1958637833595276 67
1723498755536 0.19298283755779266 68
1723498760231 0.19489170610904694 69
1723498764942 0.18546578288078308 70
1723498769599 0.182604119181633 71
1723498774269 0.20843228697776794 72
1723498778910 0.22529055178165436 73
1723498783560 0.2133597880601883 74
1723498788220 0.16741889715194702 75
1723498792925 0.21258515119552612 76
1723498797595 0.1847381442785263 77
1723498802203 0.20238858461380005 78
1723498806918 0.18805301189422607 79
1723498811783 0.2073574811220169 80
1723498816438 0.20467938482761383 81
1723498821247 0.19695591926574707 82
1723498825930 0.21418391168117523 83
1723498830551 0.196811705827713 84
1723498835166 0.21466003358364105 85
1723498839804 0.19904012978076935 86
1723498844432 0.20363706350326538 87
1723498849030 0.19612663984298706 88
1723498853654 0.17997482419013977 89
1723498858269 0.20484909415245056 90
1723498863593 0.2023477405309677 91
1723498868283 0.1801687628030777 92
1723498872836 0.20076315104961395 93
1723498877359 0.1817900836467743 94
1723498881882 0.2276831567287445 95
1723498886362 0.19747409224510193 96
1723498890844 0.1792266070842743 97
1723498895382 0.18360605835914612 98
1723498899901 0.19105522334575653 99
1723498904378 0.1996709108352661 100
1723498908863 0.1968744546175003 101
1723498913324 0.21057847142219543 102
1723498917772 0.19438260793685913 103
1723498922223 0.1899268925189972 104
1723498926705 0.1932121366262436 105
1723498931311 0.20453010499477386 106
1723498935811 0.19963015615940094 107
1723498940328 0.1898244321346283 108
1723498945131 0.1876312494277954 109
1723498949738 0.18387313187122345 110
1723498954203 0.20809005200862885 111
1723498958570 0.19022828340530396 112
1723498962982 0.19914425909519196 113
1723498967406 0.19197767972946167 114
1723498972079 0.1887413114309311 115
1723498976753 0.20217344164848328 116
1723498981028 0.19338515400886536 117
1723498985338 0.20266999304294586 118
1723498989704 0.20285102725028992 119
1723498994009 0.2086484730243683 120
1723498998428 0.1898927390575409 121
1723499002765 0.18090321123600006 122
1723499007095 0.20694689452648163 123
1723499011540 0.17417967319488525 124
1723499015793 0.22292949259281158 125
1723499020039 0.18985478579998016 126
1723499024307 0.18957941234111786 127
1723499028577 0.18760114908218384 128
1723499032860 0.16500593721866608 129
1723499037107 0.1909325271844864 130
1723499041356 0.1938008964061737 131
1723499045613 0.19235029816627502 132
1723499049865 0.20632164180278778 133
1723499054092 0.19444572925567627 134
1723499058338 0.20141275227069855 135
1723499062555 0.20611649751663208 136
1723499066740 0.18592390418052673 137
1723499070942 0.19934041798114777 138
1723499075156 0.19903719425201416 139
1723499079939 0.19668841361999512 140
1723499084642 0.1900695264339447 141
1723499088824 0.21486714482307434 142
1723499093040 0.1691649854183197 143
1723499097305 0.18543851375579834 144
1723499101685 0.18905121088027954 145
1723499106684 0.17866314947605133 146
1723499111375 0.20463132858276367 147
1723499116145 0.21009033918380737 148
1723499120523 0.211042121052742 149
1723499124862 0.1939806193113327 150
1723499129274 0.20333054661750793 151
1723499133998 0.1685255467891693 152
1723499138780 0.19052338600158691 153
1723499143288 0.19615304470062256 154
1723499147741 0.21839752793312073 155
1723499152193 0.23998703062534332 156
1723499156645 0.2072763293981552 157
1723499160835 0.20463433861732483 158
1723499165014 0.19843976199626923 159
1723499169359 0.21428589522838593 160
1723499173599 0.207123264670372 161
1723499177775 0.1946173459291458 162
1723499181989 0.20575594902038574 163
1723499186277 0.19274918735027313 164
1723499191167 0.20757968723773956 165
1723499195914 0.21140524744987488 166
1723499200301 0.19230934977531433 167
1723499204698 0.1990601122379303 168
1723499209265 0.19210408627986908 169
1723499213804 0.18308578431606293 170
1723499218474 0.20420654118061066 171
1723499223105 0.1868445873260498 172
1723499227670 0.22280076146125793 173
1723499232289 0.1897115558385849 174
1723499236449 0.21734827756881714 175
1723499240826 0.19577786326408386 176
1723499245178 0.2148134857416153 177
1723499249509 0.19888530671596527 178
1723499253776 0.20371858775615692 179
1723499258005 0.2123057246208191 180
1723499262390 0.18143989145755768 181
1723499266622 0.1948331892490387 182
1723499270888 0.22729887068271637 183
1723499275149 0.1954142302274704 184
1723499279418 0.18294480443000793 185
1723499283648 0.20370902121067047 186
1723499287928 0.217001274228096 187
1723499292200 0.21626882255077362 188
1723499296425 0.20220522582530975 189
1723499300703 0.18006785213947296 190
1723499304944 0.20907966792583466 191
1723499309222 0.20855385065078735 192
1723499313456 0.21051287651062012 193
1723499317703 0.21645060181617737 194
1723499321959 0.19636096060276031 195
1723499326192 0.18650399148464203 196
1723499330529 0.1831638067960739 197
1723499334807 0.19463473558425903 198
1723499339074 0.20518295466899872 199
1723499343314 0.2020089030265808 200
1723499347518 0.16888564825057983 201
1723499351778 0.19297677278518677 202
1723499356159 0.191632479429245 203
1723499360890 0.18599478900432587 204
1723499365284 0.18552638590335846 205
1723499369527 0.18424415588378906 206
1723499373736 0.18843618035316467 207
1723499377948 0.22220341861248016 208
1723499382194 0.21198324859142303 209
1723499386467 0.1956164836883545 210
1723499390806 0.18768832087516785 211
1723499395218 0.2018599808216095 212
1723499399987 0.19644327461719513 213
1723499404818 0.218743696808815 214
1723499409467 0.19806869328022003 215
1723499414613 0.19799746572971344 216
1723499419350 0.20064300298690796 217
1723499424183 0.1991850584745407 218
1723499428637 0.20306532084941864 219
1723499433435 0.19240033626556396 220
1723499437913 0.18245045840740204 221
1723499442672 0.18687143921852112 222
1723499447155 0.20604448020458221 223
1723499451632 0.20761355757713318 224
1723499456145 0.20520775020122528 225
1723499460749 0.19284456968307495 226
1723499465510 0.2044810801744461 227
1723499470350 0.19560396671295166 228
1723499475146 0.19023804366588593 229
1723499479853 0.17920899391174316 230
1723499484411 0.21952596306800842 231
1723499488876 0.18949343264102936 232
1723499493371 0.20370858907699585 233
1723499497616 0.2074594348669052 234
1723499502220 0.1908831000328064 235
1723499506514 0.18815262615680695 236
1723499510768 0.21036314964294434 237
1723499515000 0.2035927176475525 238
1723499519223 0.1834554672241211 239
1723499523459 0.1941729336977005 240
1723499527845 0.18859604001045227 241
1723499532610 0.18405720591545105 242
1723499537144 0.20345675945281982 243
1723499541355 0.204434335231781 244
1723499545612 0.21496017277240753 245
1723499549860 0.1801672726869583 246
1723499554100 0.20896996557712555 247
1723499558364 0.18295738101005554 248
1723499562610 0.17346380650997162 249
1723499566839 0.20259760320186615 250
1723499571227 0.188808873295784 251
1723499575466 0.19458283483982086 252
1723499579688 0.2197401523590088 253
1723499583923 0.19826358556747437 254
1723499588145 0.189263254404068 255
1723499592361 0.1950591653585434 256
1723499596575 0.19898293912410736 257
1723499600825 0.2057383805513382 258
1723499605037 0.18065154552459717 259
1723499609240 0.20266549289226532 260
1723499613442 0.2285369485616684 261
1723499617630 0.18479177355766296 262
1723499621825 0.19558803737163544 263
1723499626006 0.21400217711925507 264
1723499630185 0.21395866572856903 265
1723499634442 0.217893585562706 266
1723499638677 0.22374944388866425 267
1723499642861 0.18796539306640625 268
1723499647084 0.20965585112571716 269
1723499651294 0.19418348371982574 270
1723499655478 0.1984444409608841 271
1723499659630 0.2105133980512619 272
1723499663779 0.19477595388889313 273
1723499667926 0.18704818189144135 274
1723499672083 0.19697782397270203 275
1723499676224 0.19736875593662262 276
1723499680358 0.2074439525604248 277
1723499684567 0.17750994861125946 278
1723499688712 0.19714975357055664 279
1723499692819 0.17837151885032654 280
1723499697082 0.18076860904693604 281
1723499701190 0.22293366491794586 282
1723499705287 0.18127445876598358 283
1723499709444 0.1973528116941452 284
1723499713587 0.1881892830133438 285
1723499717709 0.18459878861904144 286
1723499721821 0.18551959097385406 287
1723499725934 0.19692319631576538 288
1723499730003 0.18679724633693695 289
1723499734088 0.18123368918895721 290
1723499738164 0.21394963562488556 291
1723499742262 0.20604047179222107 292
1723499746343 0.1861741989850998 293
1723499750434 0.20387469232082367 294
1723499754509 0.18731871247291565 295
1723499758579 0.18399080634117126 296
1723499762607 0.2051740437746048 297
1723499766644 0.19234006106853485 298
1723499770691 0.2098875194787979 299
1723499774724 0.22237049043178558 300
1723499778757 0.19801585376262665 301
1723499782800 0.21131716668605804 302
1723499786828 0.20084893703460693 303
1723499790854 0.20422013103961945 304
1723499794865 0.21549278497695923 305
1723499798891 0.1882602721452713 306
1723499802914 0.1930503249168396 307
1723499806920 0.18410202860832214 308
1723499810965 0.18695585429668427 309
1723499815023 0.20743142068386078 310
1723499819206 0.19810514152050018 311
1723499823233 0.20104087889194489 312
1723499827249 0.18908517062664032 313
1723499831263 0.18374423682689667 314
1723499835272 0.2127951979637146 315
1723499839277 0.21555989980697632 316
1723499843260 0.18580478429794312 317
1723499847247 0.17827944457530975 318
1723499851217 0.21054647862911224 319
1723499855186 0.19763077795505524 320
1723499859171 0.18741297721862793 321
1723499863199 0.20632848143577576 322
1723499867178 0.1824054718017578 323
1723499871162 0.2107001543045044 324
1723499875149 0.20240911841392517 325
1723499879114 0.1950543224811554 326
1723499883094 0.16704238951206207 327
1723499887067 0.19525308907032013 328
1723499891031 0.19508101046085358 329
1723499895060 0.1543080359697342 330
1723499899414 0.20586693286895752 331
1723499903736 0.19002746045589447 332
1723499907777 0.1865735650062561 333
1723499912107 0.20294219255447388 334
1723499916551 0.18341219425201416 335
1723499920868 0.17482022941112518 336
1723499924885 0.19456470012664795 337
1723499929138 0.19019082188606262 338
1723499933460 0.22790318727493286 339
1723499937878 0.19706903398036957 340
1723499942181 0.19611507654190063 341
1723499946280 0.1925080120563507 342
1723499950485 0.1921233832836151 343
1723499954544 0.21005207300186157 344
1723499958866 0.19791753590106964 345
1723499963628 0.2051667720079422 346
1723499968096 0.20257098972797394 347
1723499972067 0.19947932660579681 348
1723499976120 0.19854439795017242 349
1723499980274 0.19436055421829224 350
1723499984411 0.1746021807193756 351
1723499988406 0.2004193365573883 352
1723499992425 0.20217028260231018 353
1723499996388 0.20498591661453247 354
1723500000390 0.18866343796253204 355
1723500004405 0.21540223062038422 356
1723500008375 0.21297258138656616 357
1723500012386 0.18721921741962433 358
1723500016392 0.18953602015972137 359
1723500020369 0.1644822657108307 360
1723500024385 0.20574086904525757 361
1723500028384 0.1867409348487854 362
1723500032468 0.17792116105556488 363
1723500036464 0.223053440451622 364
1723500040874 0.2136358916759491 365
1723500044884 0.2024030238389969 366
1723500048866 0.20682571828365326 367
1723500052857 0.21858279407024384 368
1723500056853 0.20061437785625458 369
1723500060875 0.19275331497192383 370
1723500065006 0.19926875829696655 371
1723500069015 0.18167425692081451 372
1723500073019 0.20509205758571625 373
1723500077036 0.18252494931221008 374
1723500081040 0.20342305302619934 375
1723500085044 0.1774512082338333 376
1723500089059 0.2146298736333847 377
1723500093065 0.20044933259487152 378
1723500097049 0.20246393978595734 379
1723500101059 0.19574269652366638 380
1723500105116 0.20932935178279877 381
1723500109140 0.1973223090171814 382
1723500113134 0.19493146240711212 383
1723500117124 0.1846430003643036 384
1723500121408 0.17022161185741425 385
1723500125777 0.1974591165781021 386
1723500130064 0.19474178552627563 387
1723500134423 0.19512446224689484 388
1723500138840 0.1890643686056137 389
1723500143065 0.20213770866394043 390
1723500147304 0.2021484225988388 391
1723500151389 0.1964217573404312 392
1723500155409 0.21852648258209229 393
1723500159450 0.18653987348079681 394
1723500163489 0.1884860098361969 395
1723500167488 0.203664168715477 396
1723500171489 0.21628519892692566 397
1723500175490 0.1949334442615509 398
1723500179522 0.18482114374637604 399
1723500183536 0.18080656230449677 400
1723500187711 0.2150147557258606 401
1723500191728 0.175935298204422 402
1723500195734 0.18226492404937744 403
1723500199748 0.20597751438617706 404
1723500203770 0.19091838598251343 405
1723500207776 0.18381313979625702 406
1723500211789 0.20524363219738007 407
1723500215842 0.1948070079088211 408
1723500219865 0.18144568800926208 409
1723500223857 0.18861618638038635 410
1723500227852 0.2089795172214508 411
1723500231868 0.18812862038612366 412
1723500235889 0.18853089213371277 413
1723500239901 0.1672128140926361 414
1723500243899 0.2024635374546051 415
1723500247922 0.18182624876499176 416
1723500251966 0.1797088086605072 417
1723500255956 0.1816675066947937 418
1723500259959 0.18882352113723755 419
1723500264019 0.21410927176475525 420
1723500268033 0.18496641516685486 421
1723500272069 0.19776587188243866 422
1723500276138 0.1974589079618454 423
1723500280151 0.20242106914520264 424
1723500284159 0.20591682195663452 425
1723500288206 0.21788693964481354 426
1723500292235 0.18256723880767822 427
1723500296243 0.2016564905643463 428
1723500300258 0.18908968567848206 429
1723500304278 0.19156567752361298 430
1723500308474 0.19450370967388153 431
1723500312516 0.18154862523078918 432
1723500316528 0.20444732904434204 433
1723500320536 0.1924181431531906 434
1723500324593 0.19358503818511963 435
1723500328617 0.2049105167388916 436
1723500332623 0.2040916532278061 437
1723500336668 0.18376566469669342 438
1723500340735 0.2064543515443802 439
1723500344753 0.19272200763225555 440
1723500348761 0.20760215818881989 441
1723500352806 0.19468405842781067 442
1723500356835 0.20280656218528748 443
1723500360850 0.18446014821529388 444
1723500364867 0.21622873842716217 445
1723500368890 0.2007085084915161 446
1723500372908 0.18751020729541779 447
1723500376921 0.1828664392232895 448
1723500380963 0.19587022066116333 449
1723500385063 0.19593842327594757 450
1723500389076 0.1714552938938141 451
1723500393095 0.17636054754257202 452
1723500397141 0.18713505566120148 453
1723500401198 0.1803392469882965 454
1723500405214 0.19862988591194153 455
1723500409221 0.19111017882823944 456
1723500413227 0.20830628275871277 457
1723500417224 0.2029162347316742 458
1723500421239 0.17203883826732635 459
1723500425232 0.18590505421161652 460
1723500429400 0.19315598905086517 461
1723500433422 0.19889579713344574 462
1723500437425 0.20122286677360535 463
1723500441431 0.1849406510591507 464
1723500445440 0.17751026153564453 465
1723500449451 0.2034858763217926 466
1723500453476 0.18144135177135468 467
1723500457485 0.20822931826114655 468
1723500461499 0.1795036345720291 469
1723500465507 0.20866098999977112 470
1723500469501 0.19854553043842316 471
1723500473478 0.20782285928726196 472
1723500477458 0.21174871921539307 473
1723500481435 0.18681490421295166 474
1723500485404 0.18156662583351135 475
1723500489409 0.18412406742572784 476
1723500493414 0.19736331701278687 477
1723500497380 0.18039029836654663 478
1723500501377 0.19123604893684387 479
1723500505352 0.1931348592042923 480
1723500509299 0.19377946853637695 481
1723500513252 0.22305677831172943 482
1723500517228 0.18773719668388367 483
1723500521208 0.21518255770206451 484
1723500525193 0.21656633913516998 485
1723500529163 0.2141726016998291 486
1723500533129 0.18929804861545563 487
1723500537101 0.18351761996746063 488
1723500541071 0.20994184911251068 489
1723500545029 0.2052244395017624 490
1723500549172 0.2016828954219818 491
1723500553187 0.2080235630273819 492
1723500557159 0.18728980422019958 493
1723500561127 0.19441138207912445 494
1723500565118 0.19513675570487976 495
1723500569098 0.20048615336418152 496
1723500573050 0.19341793656349182 497
1723500577008 0.19535164535045624 498
1723500580998 0.21474464237689972 499
1723500584985 0.19348420202732086 500
1723500589129 0.19229942560195923 501
1723500593129 0.19715088605880737 502
1723500597256 0.19151249527931213 503
1723500601229 0.1965685337781906 504
1723500605192 0.17881159484386444 505
1723500609151 0.20458662509918213 506
1723500613107 0.20003356039524078 507
1723500617087 0.2051704227924347 508
1723500621055 0.19016648828983307 509
1723500625009 0.1836175173521042 510
1723500628955 0.18907035887241364 511
1723500632893 0.18729372322559357 512
1723500636837 0.20044022798538208 513
1723500640798 0.20283755660057068 514
1723500644757 0.19636170566082 515
1723500648697 0.18581151962280273 516
1723500652644 0.19946223497390747 517
1723500656586 0.2063763290643692 518
1723500660538 0.18013305962085724 519
1723500664495 0.1903063803911209 520
1723500668451 0.18360671401023865 521
1723500672399 0.19886314868927002 522
1723500676331 0.20136162638664246 523
1723500680282 0.20170792937278748 524
1723500684226 0.194255992770195 525
1723500688183 0.18475717306137085 526
1723500692128 0.22686737775802612 527
1723500696073 0.18662208318710327 528
1723500700016 0.19474053382873535 529
1723500703982 0.18596622347831726 530
1723500708104 0.18295353651046753 531
1723500712064 0.19221490621566772 532
1723500716012 0.21354512870311737 533
1723500719946 0.18226207792758942 534
1723500723885 0.20208898186683655 535
1723500727817 0.21413402259349823 536
1723500731749 0.19402222335338593 537
1723500735670 0.19666825234889984 538
1723500739595 0.23055259883403778 539
1723500743523 0.21266640722751617 540
1723500747460 0.1808123141527176 541
1723500751412 0.20648819208145142 542
1723500755355 0.19612012803554535 543
1723500759302 0.20165356993675232 544
1723500763245 0.19713670015335083 545
1723500767193 0.1892535388469696 546
1723500771116 0.2032158523797989 547
1723500775053 0.20562274754047394 548
1723500779020 0.17869903147220612 549
1723500782951 0.19360099732875824 550
1723500786890 0.1931396722793579 551
1723500790806 0.21066151559352875 552
1723500794748 0.19323435425758362 553
1723500798666 0.2039041370153427 554
1723500802579 0.19884973764419556 555
1723500806515 0.19696703553199768 556
1723500810445 0.18765804171562195 557
1723500814395 0.18381734192371368 558
1723500818324 0.19698375463485718 559
1723500822235 0.1874692142009735 560
1723500826331 0.19073988497257233 561
1723500830266 0.19296139478683472 562
1723500834192 0.18351975083351135 563
1723500838108 0.20041030645370483 564
1723500842024 0.20037981867790222 565
1723500845940 0.19791938364505768 566
1723500849869 0.20725353062152863 567
1723500853789 0.18920187652111053 568
1723500857705 0.19040502607822418 569
1723500861624 0.19202348589897156 570
1723500865557 0.1985306739807129 571
1723500869467 0.18535789847373962 572
1723500873389 0.22082562744617462 573
1723500877315 0.19735364615917206 574
1723500881264 0.2145053893327713 575
1723500885190 0.1818244755268097 576
1723500889109 0.16267946362495422 577
1723500893030 0.20225362479686737 578
1723500896941 0.17211075127124786 579
1723500900843 0.2027602642774582 580
1723500904756 0.22127380967140198 581
1723500908679 0.20136196911334991 582
1723500912593 0.1862565129995346 583
1723500916518 0.21092556416988373 584
1723500920456 0.19340158998966217 585
1723500924383 0.18264126777648926 586
1723500928299 0.21789604425430298 587
1723500932223 0.18724261224269867 588
1723500936144 0.1896342635154724 589
1723500940124 0.17681199312210083 590
1723500944297 0.19079864025115967 591
1723500948217 0.19544509053230286 592
1723500952162 0.17686493694782257 593
1723500956124 0.1921568661928177 594
1723500960043 0.1801145076751709 595
1723500963961 0.21109777688980103 596
1723500967899 0.20027917623519897 597
1723500971828 0.20564408600330353 598
1723500975781 0.18524949252605438 599
1723500979698 0.2036859095096588 600
1723500983615 0.18890336155891418 601
1723500987536 0.18681035935878754 602
1723500991443 0.200120747089386 603
1723500995394 0.1770830601453781 604
1723500999345 0.20313961803913116 605
1723501003277 0.18129687011241913 606
1723501007194 0.18891271948814392 607
1723501011111 0.18796773254871368 608
1723501015025 0.18827639520168304 609
1723501018949 0.1951301097869873 610
1723501022875 0.19192522764205933 611
1723501026799 0.2092413455247879 612
1723501030725 0.20854182541370392 613
1723501034666 0.19744884967803955 614
1723501038605 0.19949142634868622 615
1723501042529 0.18347997963428497 616
1723501046445 0.20279911160469055 617
1723501050388 0.20693551003932953 618
1723501054318 0.18756642937660217 619
1723501058249 0.17639490962028503 620
1723501062359 0.20071811974048615 621
1723501066315 0.20839162170886993 622
1723501070242 0.1837889403104782 623
1723501074179 0.1889631301164627 624
1723501078111 0.19413785636425018 625
1723501082036 0.22969523072242737 626
1723501085952 0.18911203742027283 627
1723501089895 0.1974552422761917 628
1723501093836 0.19575880467891693 629
1723501097777 0.200389564037323 630
1723501101695 0.18757972121238708 631
1723501105615 0.1965872049331665 632
1723501109523 0.19773828983306885 633
1723501113444 0.2094058245420456 634
1723501117359 0.1873532235622406 635
1723501121282 0.19503362476825714 636
1723501125219 0.19707070291042328 637
1723501129140 0.20299981534481049 638
1723501133062 0.2108229696750641 639
1723501136988 0.2103852480649948 640
1723501140907 0.18703289330005646 641
1723501144839 0.2110893875360489 642
1723501148757 0.2145308554172516 643
1723501152679 0.1815112829208374 644
1723501156606 0.1918567717075348 645
1723501160527 0.19066907465457916 646
1723501164449 0.1924375742673874 647
1723501168377 0.20396357774734497 648
1723501172284 0.18019616603851318 649
1723501176201 0.18521134555339813 650
1723501180302 0.2303677350282669 651
1723501184301 0.19913676381111145 652
1723501188220 0.1825016587972641 653
1723501192144 0.19606421887874603 654
1723501196074 0.18264394998550415 655
1723501200039 0.210580512881279 656
1723501204343 0.20701520144939423 657
1723501208322 0.18840347230434418 658
1723501212262 0.20041318237781525 659
1723501216230 0.19652341306209564 660
1723501220526 0.1865268051624298 661
1723501224490 0.2085740715265274 662
1723501228427 0.20557475090026855 663
1723501232386 0.195762500166893 664
1723501236408 0.2017565667629242 665
1723501240375 0.17900416254997253 666
1723501244329 0.20509546995162964 667
1723501248246 0.17874407768249512 668
1723501252170 0.19523654878139496 669
1723501256093 0.20530875027179718 670
1723501260016 0.2076195776462555 671
1723501263949 0.19807665050029755 672
1723501267912 0.22029685974121094 673
1723501271849 0.18720096349716187 674
1723501275768 0.19904033839702606 675
1723501279680 0.19690096378326416 676
1723501283609 0.16666461527347565 677
1723501287535 0.18625052273273468 678
1723501291464 0.19893039762973785 679
1723501295393 0.19163841009140015 680
1723501299525 0.18510158360004425 681
1723501303500 0.19098176062107086 682
1723501307455 0.19323433935642242 683
1723501311398 0.23296751081943512 684
1723501315337 0.23978328704833984 685
1723501319274 0.20728127658367157 686
1723501323211 0.18355293571949005 687
1723501327131 0.19709812104701996 688
1723501331097 0.19399364292621613 689
1723501335029 0.2077854722738266 690
1723501338973 0.191392719745636 691
1723501342912 0.22086182236671448 692
1723501346846 0.19812698662281036 693
1723501350794 0.2255098521709442 694
1723501354802 0.20688849687576294 695
1723501358775 0.21667598187923431 696
1723501362740 0.22491054236888885 697
1723501366680 0.1879533976316452 698
1723501370610 0.1935010701417923 699
1723501374537 0.18632878363132477 700
1723501378467 0.18921342492103577 701
1723501382387 0.1818532645702362 702
1723501386336 0.19197118282318115 703
1723501390287 0.17840848863124847 704
1723501394247 0.2144615799188614 705
1723501398202 0.1945406198501587 706
1723501402148 0.20550359785556793 707
1723501406067 0.1855587214231491 708
1723501409999 0.195980966091156 709
1723501413939 0.19540594518184662 710
1723501418048 0.1788366734981537 711
1723501422008 0.19592729210853577 712
1723501425961 0.1815030425786972 713
1723501429892 0.20063357055187225 714
1723501433832 0.19024188816547394 715
1723501437761 0.1669546514749527 716
1723501441692 0.20315571129322052 717
1723501445620 0.2037324160337448 718
1723501449566 0.1932651251554489 719
1723501453529 0.21908371150493622 720
1723501457448 0.18793070316314697 721
1723501461390 0.1830815225839615 722
1723501465319 0.21649722754955292 723
1723501469251 0.17735189199447632 724
1723501473179 0.19835349917411804 725
1723501477107 0.195121169090271 726
1723501481056 0.19836696982383728 727
1723501484990 0.22396881878376007 728
1723501488924 0.18490442633628845 729
1723501492839 0.1916215568780899 730
1723501496755 0.19789543747901917 731
1723501500669 0.16890162229537964 732
1723501504581 0.17931883037090302 733
1723501508511 0.2017267644405365 734
1723501512437 0.2031712681055069 735
1723501516363 0.20398181676864624 736
1723501520294 0.1834225058555603 737
1723501524239 0.1983051896095276 738
1723501528162 0.20277346670627594 739
1723501532066 0.19682598114013672 740
1723501536171 0.19793176651000977 741
1723501540117 0.19433344900608063 742
1723501544062 0.17277151346206665 743
1723501547977 0.1823083609342575 744
1723501551902 0.20389844477176666 745
1723501555861 0.17856362462043762 746
1723501559795 0.20041635632514954 747
1723501563727 0.19462138414382935 748
1723501567651 0.187791645526886 749
1723501571585 0.21283425390720367 750
1723501575710 0.16595101356506348 751
1723501579635 0.18314851820468903 752
1723501583540 0.1929207295179367 753
1723501587441 0.1971384733915329 754
1723501591349 0.1937742978334427 755
1723501595263 0.18829067051410675 756
1723501599195 0.19436141848564148 757
1723501603114 0.17730608582496643 758
1723501607021 0.1888912171125412 759
1723501610920 0.2023434042930603 760
1723501614821 0.19455614686012268 761
1723501618715 0.19858092069625854 762
1723501622603 0.2006654441356659 763
1723501626507 0.2006893754005432 764
1723501630419 0.1803775131702423 765
1723501634318 0.20509770512580872 766
1723501638214 0.21451230347156525 767
1723501642116 0.22388865053653717 768
1723501646034 0.18847385048866272 769
1723501649947 0.19103071093559265 770
1723501653840 0.20916420221328735 771
1723501657737 0.19740727543830872 772
1723501661640 0.18328119814395905 773
1723501665561 0.20327377319335938 774
1723501669464 0.19493752717971802 775
1723501673352 0.20294548571109772 776
1723501677240 0.18971161544322968 777
1723501681146 0.20810818672180176 778
1723501685066 0.1882089525461197 779
1723501688987 0.198887899518013 780
1723501693076 0.1902821660041809 781
1723501697004 0.21447861194610596 782
1723501700918 0.20794622600078583 783
1723501704808 0.20767827332019806 784
1723501708706 0.19180795550346375 785
1723501712597 0.19112813472747803 786
1723501716480 0.19771887362003326 787
1723501720369 0.18349070847034454 788
1723501724259 0.22382912039756775 789
1723501728154 0.2047768384218216 790
1723501732043 0.215247243642807 791
1723501735941 0.18376044929027557 792
1723501739833 0.20566055178642273 793
1723501743743 0.21232570707798004 794
1723501747668 0.196588933467865 795
1723501751599 0.18158991634845734 796
1723501755489 0.20290899276733398 797
1723501759384 0.19581446051597595 798
1723501763283 0.1873321533203125 799
1723501767171 0.19935278594493866 800
1723501771055 0.18250103294849396 801
1723501774952 0.1939442753791809 802
1723501778872 0.21164312958717346 803
1723501782763 0.19404973089694977 804
1723501786655 0.1911352574825287 805
1723501790551 0.2223091721534729 806
1723501794432 0.19454465806484222 807
1723501798324 0.16322755813598633 808
1723501802226 0.1972627341747284 809
1723501806130 0.1920880675315857 810
1723501810208 0.18739907443523407 811
1723501814118 0.18368664383888245 812
1723501818032 0.20605087280273438 813
1723501821951 0.21261189877986908 814
1723501825838 0.1863272339105606 815
1723501829721 0.1993982046842575 816
1723501833627 0.23422856628894806 817
1723501837523 0.192719504237175 818
1723501841460 0.2152336686849594 819
1723501845362 0.18536967039108276 820
1723501849247 0.18867962062358856 821
1723501853139 0.21591217815876007 822
1723501857046 0.20255440473556519 823
1723501860994 0.17168235778808594 824
1723501865048 0.2143326848745346 825
