1723498451914 0.21138164401054382 0
1723498581960 0.19613502969344457 30
1723498718390 0.19378236134847004 60
1723498859100 0.1978242168823878 90
1723498994283 0.1960719699660937 120
1723499125105 0.19400875022013983 150
1723499258268 0.20245853712161382 180
1723499386732 0.19803783645232517 210
1723499523713 0.19791556348403294 240
1723499567088 0.19436605423688888 250
1723499693107 0.199656177063783 280
1723499815301 0.19688022484381992 310
1723499938174 0.1940652459859848 340
1723500061135 0.1985854372382164 370
1723500183855 0.19567761222521465 400
1723500304603 0.19322607964277266 430
1723500425518 0.19337730407714843 460
1723500545352 0.1969423621892929 490
1723500585331 0.19840289801359176 500
1723500704294 0.19455864826838176 530
1723500822528 0.19754653374354045 560
1723500940412 0.19501539667447407 590
1723501058556 0.1934267356991768 620
1723501176517 0.19739620337883632 650
1723501295747 0.19692843705415725 680
1723501414246 0.20056091248989105 710
1723501532407 0.19422849168380102 740
1723501571970 0.19254707992076875 750
1723501689340 0.19526415218909582 780
1723501806459 0.19788079063097636 810
