1725766346897 0.0018600340164266526 150
1725766669635 0.001726116428617388 300
1725766991853 0.0017008745282267531 450
1725767313885 0.0016733486546824377 600
1725767634212 0.0016440282599069179 750
1725767956725 0.0016343942106080553 900
1725768279603 0.0016195736445176105 1050
1725768604063 0.0016067102551460266 1200
1725768926146 0.0015999641556603214 1350
1725769248900 0.0015798884762140612 1500
1725769573062 0.0015718177737047275 1650
1725769894272 0.001562059741312017 1800
1725770216804 0.0015495803533121944 1950
1725770541130 0.001541659765255948 2100
1725770864654 0.0015174775461976727 2250
1725771188190 0.001503618733646969 2400
1725771512149 0.0015002631877238553 2550
1725771832992 0.0014949304051697255 2700
1725772157522 0.001483237857464701 2850
1725772479848 0.0014626217594680686 3000
