1725766242437 0.0019184851876026627 100
1725766565791 0.0017321014357730745 250
1725766888033 0.0017143918472963076 400
1725767209701 0.0016762830099711816 550
1725767530046 0.0016551375001048049 700
1725767851875 0.0016337337888156374 850
1725768174522 0.0016274594538845122 1000
1725768498989 0.0016178265415752928 1150
1725768821373 0.0015918030100874603 1300
1725769143878 0.0015865916184460123 1450
1725769467996 0.0015806616578872006 1600
1725769789737 0.0015576279155599575 1750
1725770112158 0.0015493941966754695 1900
1725770435113 0.0015476520274144909 2050
1725770759408 0.0015289699363832672 2200
1725771083081 0.0015157363462882738 2350
1725771407371 0.0014899087922337156 2500
1725771728634 0.0014932636738133928 2650
1725772052226 0.0014921197939353685 2800
1725772375927 0.001464000338067611 2950
